 25200        208
  -0.280484810543341
   7.559395362432235E+107
 25200        208
   0.286304887540062
   2.840503504814130E+107
 25200        208
  -0.268363705008804
  -2.837435155088373E+107
 25200        208
  -3.484995872319536E-002
  -4.703458012360787E+107
 25200        208
  -0.385613048544195
  -7.488539213547645E+107
 25200        208
  -0.574250617975061
   1.072684162551618E+108
 25200        208
   7.620246256172624E-002
  -4.898925594270417E+107
 25200        208
  -0.341773705541912
   6.677604432198767E+107
 25200        208
  -0.539433331115086
   1.113618801204626E+107
 25200        208
  -0.952763856505189
   7.120187844901006E+107
 25200        208
  -7.874397293613916E-002
   4.643571266830119E+107
 25200        208
  -0.629090047029901
  -3.388025460586810E+107
 25200        208
  -0.143344784413076
   7.608716262241748E+107
 25200        208
   0.214371655221313
  -1.196089721108710E+107
 25200        208
  -0.314165651972018
  -4.951822446827708E+107
 25200        208
   1.559602492867584E-002
   1.605308138719930E+107
 25200        208
  -0.283080064097018
   8.389467677676999E+107
 25200        208
  -0.378997914596996
   9.770211770914083E+107
 25200        208
   0.157379958712278
   2.193608924987495E+108
 25200        208
  -0.177607395164076
   5.550186487980354E+107
