           0        1000
  0.958887179464678        4.43698420351009       -1.83318013708385     
   1.06326521514238D-002  -2.52561571795470        5.57159155395710     
   2.78392489778358       -5.44135777980743        2.07316105288408     
   4.92327713842520        3.60779853402005        4.80862974110426     
   5.76479032274078       -4.21736545079650       -4.66447465139002     
  -3.26837983106843        5.06421377460352        5.25519744987645     
   1.31016190620249        4.63446037447040        1.42644010443732     
  -1.51234010928302       -2.95721523573371D-005   8.06788776403733     
   3.95973684021720       0.303209294871511        4.77008678555777     
   8.14946210187102       -7.52025363540399       -3.17413344018517     
  -1.58111073188774        5.58235515215795        1.33537134265043     
   2.88494281797722        9.02184630691712        5.51662199386053     
 -0.624565908547346        4.10297576733173        8.24824041563431     
   1.69318168672002     
           0        1000
   2.78371382792586        4.08518004919751        5.44962770350962     
   2.50159269408685       -1.37953982079170        2.67369401535429     
   7.81178981055362       -2.76575560890654       -2.92590751300984     
  -1.42449461571041        10.6161676496845      -0.316799717299344     
  -5.94598331298743      -0.926052218164575        1.70228268940670     
   4.86187007284413       -2.13272630084821        2.87703351618175     
   3.79432939614256        6.65648490149874        1.41105068213757     
  -4.29192560371347       0.993934850030244        5.57773119215152     
   1.98216089837304       -4.74731232034824        3.63113943352004     
   4.96226693904714        3.66854860380733        9.32485760351426     
   4.28677549379792       -1.35449570712389        6.58937716344729     
   1.01421294377810       -2.87566477595519        1.15132600603854     
   3.36150794957469        5.76118664499641        5.47620464723361     
 -0.168722514872742     
           0        1000
  0.185853355582930        5.01748508564969        3.57667925020714     
  -5.82207441906842       0.817220264893359       0.403078728987151     
   2.23456855326267        5.19070806775262        8.00946759969948     
   1.80167251224598       -6.56193116267620       -2.28796537330503     
   2.90603029995269        3.69666139639864       -2.24793378979597     
 -0.818365281382564        4.85503684392427        4.76517507818278     
  -1.34671292379862        1.64145511806636        10.1074814475123     
   1.45039455713155        4.07826224649000D-003   2.68672438425828     
   6.29426087020780        5.98510824804602       -1.02490285457927     
   3.80664941208191        9.71048402354953        2.05521867202220     
  -3.06709030704812      -0.518258087702900       -1.64309438830861     
  -1.32614397119383        5.49517687170791        6.99982660283974     
  -1.46378041799754        1.76022951604163       -2.47493873147809     
   1.22040082389806     
           0        1000
   5.01367966849228       -2.16555651905875       0.814403570800981     
   2.30373548373803        4.18007596967343        1.04716447927200     
  -1.51260432218780       0.977603319020720        3.80329556262833     
   3.37457932335108       -3.15081619451087      -0.746893054089639     
   7.49946054573990        3.43719908789538       -1.98768966340287     
   3.72235641420142        7.64277467357243       -3.24910451281961     
   3.84583299764200        8.41443077724710        3.41203652431417     
   4.24044945179906        5.98547526403864       -2.61977096857270     
  -3.64065900438368      -0.403654181520272      -0.731713610352441     
   10.2823887742614        1.25288502554176       -3.65753662040752     
  0.422153129682551        1.58328441313832        3.66154010682150     
   6.41519627481512        3.14294791382107       -3.73873787655548     
  0.378219094584659        2.00719458424539        9.21138927809130     
 -0.822702870793414     
           0        1000
  -3.25073406673116D-002   1.36741213114498       0.529716727462388     
  0.958319042128573        8.16972853673106       -3.42860554008228     
 -0.112546915398889       -2.12298869736965        3.03378309635927     
   7.54300089611170        1.63342617779390        5.62346287190777     
   7.68489926212643       0.694107687614424        1.21904046904948     
  -2.92142568631540        3.35187691525729       -1.31100005704087     
   7.54144294076281        1.16816023439984       -4.89151321844424     
   1.98810849138401        2.57043501157244        2.96038002720891     
   7.45797864452950        1.34603504133514        2.65461588388486     
   4.23574970072247        6.36061701419722        2.65014595634996     
  -6.19918001894790        2.14926219034663        6.75625618442733     
  0.265862951827143      -0.804103873461944        4.28226692234825     
   5.40598800683028        5.45464608625999        7.50591507309285     
  -2.14463249355585     
           0        1000
   2.04161602624046        4.20568876826192        6.90803090225998     
  -5.02616110100305       -2.72874939611678      -0.435308043240777     
   3.49802411594849        6.30305252280771        2.70993513617671     
   2.18808189649076        4.18548316515497        5.23136494646795     
  0.764092170841895       -3.74438002863313       0.976146264576946     
   4.75789624917914        8.82706404650646       -1.91556280701558     
 -0.617093247422336       0.362860497421755        3.68381732270437     
   5.75250015235471       -3.12362945151809        7.74701110281239D-002
   1.27939741723419        4.97551284757740        4.48517760399027     
  -2.93190510397884        2.90029584665290        5.70193804368314     
   3.89093313414708        2.97655930362691       -1.59141553334277     
  -2.42554228157121       -4.44597775337788        4.14522145431134     
   3.12011481451909       -2.63540542568851       0.966336128117797     
   7.19182264470917     
           0        1000
   6.48206529871753        1.68060201614813       -2.03654688008427     
   4.15210718812637        7.39653009554584        3.39431518770488     
   3.08491649432556       -5.57445299781335        1.71502066669549     
 -0.473757357475001        2.14791533969517        7.37218300052656     
   4.73525999137732        1.96675944197485        2.15857171160226     
 -0.362538982431412        3.63741720838001        8.78080644929486     
   1.12613899195530       -2.45058640001100       -1.96088753448627     
  -1.23510151248236        9.22444861211837       -2.93326606089638     
  0.158067188427678       0.442526546968103        5.29463764799058     
   9.17433384343000        5.10354720012991       -2.18475065878726     
  -2.90574338238198      -0.546516577560278        2.46670296709591     
   5.65976658831344      -0.534086528125606        2.73956202729001     
   5.78773675895769        8.29188482332275       0.787501406769400     
 -0.271082913160847     
           0        1000
   1.80294364918045        2.44767877749304        6.96091138062194     
   5.19910158777411       -2.17428965870605        3.05215524702929     
   4.53660301231154        5.75571084089312        1.01986212009139     
  -3.30930354798913        4.80752699493165        1.37814479400510     
 -0.825598599157304        5.45054835519097        1.33699877150284     
  -2.92827667687046       0.154643791886997        7.60130490633614     
   6.53393052779388       -2.16842844521878        1.06642225107257     
   5.50733301077582        4.53756867768414       -3.23195912267203     
   3.46481748831898        3.18947357334066        3.61692009979985     
   5.23370661686574      -0.983770241214174       -2.35459545690481     
   3.41715018348191        6.54910359761475        5.37436688740915     
   2.57562065125306      -0.910179878443636        4.44368306625432     
   5.78389401482431       -2.75737802203561        2.93708674795637     
   4.64578996121154     
           0        1000
   8.25753904007462        4.29407330929086       -5.20934960294765     
  -1.49714763288997        4.50104597933529        6.20846013225514     
  0.123799007440868        4.57409680313612        8.67492680262193     
  0.201035362493843       0.248728548441502       -1.19140972154645     
   1.32328102893518       0.720236909880549        6.47220404145867     
   4.23675738521486       -1.01125907406548        2.13070359390137     
   8.06515697327544        2.53964814207093       -1.17721599386577     
   4.58042732778435        5.05004216962114       -5.10938217450973     
   1.28508215545511        10.5665982079467        4.87247671673679     
  0.658771130997522        4.70876914788627      -0.926280967847815     
  -3.25155260409570        2.11118318642986        3.16987994656128     
   9.23237741116314        3.58645961937125       -1.38876640623319     
   6.40345762430899        2.21397038232288       -3.15880636028978     
   1.38491085392059     
           0        1000
   6.12359689071814        3.75306935089334        5.84373208198409     
   2.21836307401943D-002 -0.528813763194616        5.19400408081347     
   7.69407805089969        1.73932847007797        3.70690637813137     
  -1.07645943023733       -5.14273824377855        2.68566987703542     
   6.10770565401584        5.80667381646122        5.58208618436452     
   2.32362545326919        5.82985458679074        7.39481615962218     
  -1.90496312410847        3.25314046491190        3.60485773914809     
  0.163368162875312        2.81005941941160        6.98853562253539     
   1.94797833967223      -0.614615178312348        3.71897010007104     
   8.23546739329973        3.96455743164043       -3.64150927235865     
  -4.45894718451746        1.79790797849931        6.18450903266542     
   3.42799843135593        4.54110553676070        4.45613898130005     
   4.52028589766182        1.39956008349527       -5.59582488655006     
   3.73095060442810     
           0        1000
   7.75896212382852        3.96626986138615       -3.42966573039826     
  -6.09218368928305D-002   2.86393404131245        7.01108371180331     
  -3.14115922249911       0.597025488576306       -1.47188533908550     
  -1.97183186664199D-002   5.22192013043805        4.16343752040580     
  -2.51420505490221        1.41081558391878        1.77289265041833     
   7.57077153980427        1.79648819351624        1.34721233505340     
   3.54230839268035        5.67383084392688        1.24746787121775     
  -4.06618431473871        1.40948290299419        5.55445135524717     
   6.87554869848066      -0.966268741134114       -2.01216971706921     
  -1.36989997183559       0.745675783759253        5.20666235291608     
   8.70852430721208       0.917442216756619       -6.59661818700047     
  -3.09058684944732D-002   4.12490848356284        8.76402959157836     
 -0.682374844792135        2.48824366082331        1.41395545878170     
   3.26874659782451     
           0        1000
  -1.24792725206483       0.155721897393888        3.16649512762017     
   8.35981537968153       -1.37380585202540        2.13142515274717     
 -0.376769316848315        2.17486184434769        6.06430683191211     
   4.24729368353865       -4.04093749174826D-002  -2.34801906735776     
   3.60952224058350        4.81786560712417        5.36244973570330     
   6.89471233668665        3.31416235865477        6.46077229636137     
   6.82355272942837        1.76825995355538        4.29405203002597     
  -1.59768715913185       -5.84565091907541       -2.50395200852118     
   4.38260364397685        6.03647915658499      -0.216102189324628     
   1.82654005339575        3.73508236518019        4.61212866877136     
  -2.69048078269137       0.615304551740404       0.353957273264797     
   7.88061647177843        1.77069312036856       -6.24366608205313     
  0.836003317752829       0.448660899589790        2.66567395431086     
   7.43710814101055     
           0        1000
   4.31281438444903        7.52659309248167        1.74130692057424     
  -1.62401869398323       -1.50911673076970       0.582340701394208     
   7.40311756618184        2.20532313117770       -2.94860858810681     
   2.26342118134245        9.63859136510349        7.18185206628369     
  -2.42947804125700       -1.05025161951950        4.04795888166949     
   4.54663002444584        2.78095778873739        4.60262114515773     
   1.00166202875024       -4.45023273876914        2.33956750023760     
   5.69356870251624        4.69840864320594        4.95603170725810     
   3.57697630206545      -0.645531623765145       0.242714635519044     
   3.49861793314419        6.10317151338004       -3.17284818027822     
  0.788800863015236        1.81109604539355        6.30236715939635     
  0.209901193611612       -4.05626379676718        2.28368620047085     
   3.00921205474143        4.37081627179280        5.87384556289584     
 -0.407094477664178     
           0        1000
   5.11253833322213        1.13397599635548        2.70128472933379     
  -3.36807241692133        2.61978913012859D-002 -0.172891901937395     
   4.36701014620307        9.95081731699410       0.517932933911373     
  -4.27727468086944       -1.16485246525645        1.41313036915877     
   6.12966969249504       -1.54623393721030        3.42046577155597     
   4.45283003518980        7.02561284091063       -2.33390646294072     
  -3.49282590000763        2.83615898555910        3.72197363965193     
   4.73942863276292        7.16944660477040        4.33468650692574     
   1.86195816336626       -1.58371159254838       -2.16129013547293     
   3.22367701742396       -2.24396633071861D-002 -0.230629603610504     
   1.87551567731415        8.31410986484957       -1.79871661301382     
 -0.308872722922216       0.583768655446758        3.37344292005780     
   9.06377438492592        1.71953894607677        2.46281002923650     
   8.09552231722092     
           0        1000
  -2.99208664590098        7.95519954485022D-002 -0.521040222767990     
   5.65247266667059        10.6900039484212        1.19760610169326     
   1.03370496847993       0.792466405322648        4.23963792059385     
   6.66171237501554       -3.78732063175005      -0.481459790886623     
  -1.16757490288445       0.865782519794854        5.94626803184639     
   6.01106161515537        1.75589460030063       0.218185336788553     
   2.96708180945065        4.86549843298783        6.40785163598900     
   9.60608037451032        5.47438611152416      -0.381510766697258     
   5.01146025760290        7.29795754689902        3.60378750030781     
   3.45724360556201        1.78889616481126        3.28118936204821     
   5.24495620031330      -0.504235137005395       -4.69268801171832D-002
   2.74158758619350        6.81515749418921       -4.62630481020452     
   1.47594827168735        1.26193497665496        5.68210211259088     
   1.71203487418197     
           0        1000
   2.21137166770464       -5.82418240726411        1.62361774473520     
   5.58852025048039        7.80962499184953      -0.698595047580868     
  -1.97334309690967       -2.17264591276355        2.16620876656581     
   2.82104191129588        1.83752653532145        4.97510899022745     
   1.79873810765120       -2.37609939869822        2.48522614540714     
   8.22896572370980      -0.942626175550326       -2.59826745676213     
   2.37719252864852       0.558741200535472        5.58763923212319     
   7.05318635072074       -2.76245709297704        3.35401824304749     
   10.3427135151118      -0.512474404618406       -1.06790212399336     
   4.37523175347433        2.78815650711741D-002 -0.832784057929840     
  -1.07709004437128        3.34373373858342        4.30076757528485     
  -4.85544875579166        5.26748061645278        4.79819106309021     
   2.79882567442373        5.28249238308791        4.96255227740762     
   5.14867410458436     
           0        1000
  -1.47583714006175       0.517574653836005       0.184959679414226     
   5.02783252282862       0.698159587678616       0.526569763712177     
   3.43141056501521        10.4766166590851       -3.32542563318584     
 -0.557410605121638       0.453521686751932        3.85475622820825     
   3.36755219367972        2.65315666720206        4.52394930043641     
   2.03367326929222       -2.79286108222285        2.76070869915698     
   6.08494509139259        4.33250250191973        1.07864184302556     
  -2.12779461943500        2.36005317051388        3.26306293792002     
   7.09371907431251       -2.17613755474151        3.12810854523511     
  0.838114734054629        3.06507366317110        7.85423886396054     
  -1.88359334422893       0.544717574896469        3.93959204180682     
   8.61138722008837      -0.581505274538389      -0.752116125997420     
  -1.47815959176801        1.21047879075890        8.99925289530184     
   3.86917990811168     
           0        1000
   4.17794788749916        1.07171986828480        3.41237252215067     
   6.97941187260092        6.75007254952115      -0.539873182378423     
  -5.75613917229912       -1.52838407196177        6.45878606910995     
   2.63084857835636      -0.562651970630554        2.16275957467481     
   7.09817348099018        5.99535688100510       -1.49426212344030     
   2.55503737607584        5.86083180391003       -1.10713592535559     
  -1.51266554482989       0.943578623671855        4.86698773431045     
   5.69116165593935       -1.67482293974352       -2.15534913393953     
  0.327603866570766        9.77879619673513      -0.347861393202454     
  -3.14409610618723      -0.497249253330975       -1.09089697064344     
 -0.731907796596043        4.14513554018681        4.77163263221961     
  -5.00725461730369        1.26814133022834       0.495140125592055     
   4.46893677011883        9.13049347454565       -3.48942036002938     
   2.41085538683003     
           0        1000
 -0.509391719371785       0.987510142001465        3.49442145139548     
   10.3279854819669        2.27721607910258      -0.751519028844336     
   3.59743736388610        5.15095906075179        5.56949356009569     
  0.924535386262951       -2.70099463162671        2.73150585004945     
   8.56132478755859      -0.884989026288278       -2.12630865452638     
  0.776994785042311       -1.31825289999933        11.2742847835438     
   2.16845773982721       -1.46870189813018        1.63083408780409     
   5.85811669173053        6.60917917468649       -1.10274747027010     
  0.561571758984991        5.17084463775426        2.02181149377525     
  -2.31238138098950        1.28786678442595        9.24173597400186     
   1.37344907224954       -1.92664430063922       0.332146165228497     
   4.82133302372480        9.37281835421708       -2.64755885790962     
  -1.54796214930079       -2.50024568159816        1.90891895990989     
   4.43592419231274     
           0        1000
  -4.77876957238294       0.109242364622872        5.65023777369018     
   4.64612047952278       -1.66951991999282        3.67372803049544     
   6.26220450144483        2.27799666454878       -1.64745088459733     
 -0.891750981875346      -0.380197754380657        6.10389111327326     
   8.72664464849056       -4.14206384030299        3.79040817683939     
   8.11255995860494        2.61508845562117       0.238206491233127     
  0.417847729318707        1.15024982185144        2.73075481883890     
   6.74630785820190       -1.93592593106966        2.18313255203339     
   1.38770619154253        3.04936760761700        7.66163898088971     
   3.36316646296072       -5.17049382483207      -0.368986571182690     
  -5.43291445757466D-002  0.203895526790291        3.57492905058458     
   9.18945392915860       0.110040936122165        3.56447919309910     
   3.85485006803628        3.50243640479215        5.67044838899017     
   4.15706254933747     
