       57600          41
  -5.73696336301671        1.07779321638906        5.35482362933490     
   6.72464479309329        3.31828804066883       -1.97668615146432     
  0.330134307727631        2.82565025385210        9.03375372784482     
  -5.66903665868848        2.47899311868740        1.76806368584356     
   3.03285459591482        4.56824240228595        2.52878746435138     
 -0.149385993778529        1.73221779126305        10.1834217458287     
   3.46326261525720      -0.637435615484686        8.85704009792521     
 -0.150121671487890       -1.12605962117214       -1.64619744055184     
   5.81995833611984        4.10044452839989       -3.84064199719375     
   4.47506335199664        4.08884187296161        2.51261649146576     
   5.34614549489189        7.59551076769461        4.83213164260625     
  0.536619233704329        1.08788680669079        5.48735098306396     
   6.30303924809829        1.61651369319487        4.51404582147447     
 -0.370996821222435     
