     0.00000000000000D+000   1.00000004749745     
     9.99999977648258D-003   1.00000004749745     
     1.99999995529652D-002   1.00000004749745     
     2.99999993294477D-002  0.999000047449954     
     3.99999991059303D-002  0.998000047402456     
     4.99999988824129D-002  0.997000047354959     
     5.99999986588955D-002  0.996000047307462     
     6.99999984353781D-002  0.995000047259964     
     7.99999982118607D-002  0.993000047164969     
     8.99999979883432D-002  0.991000047069974     
     9.99999977648258D-002  0.989000046974979     
    0.109999997541308       0.987000046879984     
    0.119999997317791       0.985000046784990     
    0.129999997094274       0.981000046595000     
    0.139999996870756       0.979000046500005     
    0.149999996647239       0.976000046357513     
    0.159999996423721       0.972000046167523     
    0.169999996200204       0.969000046025030     
    0.179999995976686       0.965000045835041     
    0.189999995753169       0.962000045692548     
    0.199999995529652       0.958000045502558     
    0.209999995306134       0.954000045312569     
    0.219999995082617       0.950000045122579     
    0.229999994859099       0.946000044932589     
    0.239999994635582       0.941000044695102     
    0.249999994412065       0.936000044457614     
    0.259999994188547       0.931000044220127     
    0.269999993965030       0.927000044030137     
    0.279999993741512       0.922000043792650     
    0.289999993517995       0.916000043507665     
    0.299999993294477       0.912000043317676     
    0.309999993070960       0.906000043032691     
    0.319999992847443       0.900000042747706     
    0.329999992623925       0.896000042557716     
    0.339999992400408       0.890000042272732     
    0.349999992176890       0.884000041987747     
    0.359999991953373       0.878000041702762     
    0.369999991729856       0.873000041465275     
    0.379999991506338       0.866000041132793     
    0.389999991282821       0.861000040895306     
    0.399999991059303       0.854000040562823     
    0.409999990835786       0.849000040325336     
    0.419999990612268       0.844000040087849     
    0.429999990388751       0.838000039802864     
    0.439999990165234       0.831000039470382     
    0.449999989941716       0.826000039232895     
    0.459999989718199       0.819000038900413     
    0.469999989494681       0.813000038615428     
    0.479999989271164       0.807000038330443     
    0.489999989047647       0.801000038045459     
    0.499999988824129       0.794000037712976     
    0.509999988600612       0.789000037475489     
    0.519999988377094       0.780000037048012     
    0.529999988153577       0.776000036858022     
    0.539999987930059       0.770000036573038     
    0.549999987706542       0.761000036145560     
    0.559999987483025       0.757000035955571     
    0.569999987259507       0.750000035623089     
    0.579999987035990       0.744000035338104     
    0.589999986812472       0.737000035005622     
    0.599999986588955       0.731000034720637     
    0.609999986365438       0.725000034435652     
    0.619999986141920       0.720000034198165     
    0.629999985918403       0.712000033818185     
    0.639999985694885       0.706000033533201     
    0.649999985471368       0.700000033248216     
    0.659999985247850       0.695000033010729     
    0.669999985024333       0.688000032678247     
    0.679999984800816       0.683000032440759     
    0.689999984577298       0.678000032203272     
    0.699999984353781       0.669000031775795     
    0.709999984130263       0.665000031585805     
    0.719999983906746       0.658000031253323     
    0.729999983683229       0.651000030920841     
    0.739999983459711       0.646000030683354     
    0.749999983236194       0.640000030398369     
    0.759999983012676       0.630000029923394     
    0.769999982789159       0.625000029685907     
    0.779999982565641       0.621000029495917     
    0.789999982342124       0.614000029163435     
    0.799999982118607       0.606000028783456     
    0.809999981895089       0.600000028498471     
    0.819999981671572       0.592000028118491     
    0.829999981448054       0.584000027738512     
    0.839999981224537       0.582000027643517     
    0.849999981001020       0.570000027073547     
    0.859999980777502       0.562000026693568     
    0.869999980553985       0.537000025506131     
    0.879999980330467       0.550000026123598     
    0.889999980106950       0.538000025553629     
    0.899999979883432       0.513000024366193     
    0.909999979659915       0.528000025078654     
    0.919999979436398       0.514000024413690     
    0.929999979212880       0.508000024128705     
    0.939999978989363       0.489000023226254     
    0.949999978765845       0.491000023321249     
    0.959999978542328       0.477000022656284     
    0.969999978318810       0.482000022893772     
    0.979999978095293       0.464000022038817     
    0.989999977871776       0.467000022181310     
    0.999999977648258       0.450000021373853     
     1.00999997742474       0.438000020803884     
     1.01999997720122       0.430000020423904     
     1.02999997697771       0.421000019996427     
     1.03999997675419       0.409000019426458     
     1.04999997653067       0.385000018286519     
     1.05999997630715       0.378000017954037     
     1.06999997608364       0.374000017764047     
     1.07999997586012       0.348000016529113     
     1.08999997563660       0.346000016434118     
     1.09999997541308       0.342000016244128     
     1.10999997518957       0.345000016386621     
     1.11999997496605       0.335000015911646     
     1.12999997474253       0.294000013964251     
     1.13999997451901       0.281000013346784     
     1.14999997429550       0.261000012396835     
     1.15999997407198       0.287000013631769     
     1.16999997384846       0.257000012206845     
     1.17999997362494       0.202000009594485     
     1.18999997340143       0.192000009119511     
     1.19999997317791        9.30000044172630D-002
     1.20999997295439       0.170000008074567     
     1.21999997273088        6.80000032298267D-002
     1.22999997250736        6.60000031348318D-002
     1.23999997228384        6.10000028973445D-002
     1.24999997206032        7.70000036573038D-002
     1.25999997183681        4.00000018998981D-002
     1.26999997161329        4.40000020898879D-002
     1.27999997138977        2.90000013774261D-002
     1.28999997116625        1.30000006174669D-002
     1.29999997094274        3.30000015674159D-002
     1.30999997071922        1.00000004749745D-002
     1.31999997049570        1.10000005224720D-002
     1.32999997027218        1.00000004749745D-002
     1.33999997004867        7.00000033248216D-003
     1.34999996982515        7.00000033248216D-003
     1.35999996960163        6.00000028498471D-003
     1.36999996937811        3.00000014249235D-003
     1.37999996915460        5.00000023748726D-003
     1.38999996893108        7.00000033248216D-003
     1.39999996870756        2.00000009499490D-003
     1.40999996848404        2.00000009499490D-003
     1.41999996826053        2.00000009499490D-003
     1.42999996803701        3.00000014249235D-003
     1.43999996781349        2.00000009499490D-003
     1.44999996758997        2.00000009499490D-003
     1.45999996736646        2.00000009499490D-003
     1.46999996714294        1.00000004749745D-003
     1.47999996691942        1.00000004749745D-003
     1.48999996669590        1.00000004749745D-003
     1.49999996647239        1.00000004749745D-003
     1.50999996624887        2.00000009499490D-003
     1.51999996602535        1.00000004749745D-003
     1.52999996580184        1.00000004749745D-003
     1.53999996557832        1.00000004749745D-003
     1.54999996535480        1.00000004749745D-003
     1.55999996513128        1.00000004749745D-003
     1.56999996490777        1.00000004749745D-003
     1.57999996468425        1.00000004749745D-003
     1.58999996446073        1.00000004749745D-003
     1.59999996423721        1.00000004749745D-003
     1.60999996401370        1.00000004749745D-003
     1.61999996379018        1.00000004749745D-003
     1.62999996356666        1.00000004749745D-003
     1.63999996334314        1.00000004749745D-003
     1.64999996311963        1.00000004749745D-003
     1.65999996289611        1.00000004749745D-003
     1.66999996267259        1.00000004749745D-003
     1.67999996244907        0.00000000000000D+000
     1.68999996222556        1.00000004749745D-003
     1.69999996200204        0.00000000000000D+000
     1.70999996177852        0.00000000000000D+000
     1.71999996155500        0.00000000000000D+000
     1.72999996133149        0.00000000000000D+000
     1.73999996110797        0.00000000000000D+000
     1.74999996088445        0.00000000000000D+000
     1.75999996066093        0.00000000000000D+000
     1.76999996043742        0.00000000000000D+000
     1.77999996021390        0.00000000000000D+000
     1.78999995999038        0.00000000000000D+000
     1.79999995976686        0.00000000000000D+000
     1.80999995954335        0.00000000000000D+000
     1.81999995931983        0.00000000000000D+000
     1.82999995909631        0.00000000000000D+000
     1.83999995887280        0.00000000000000D+000
     1.84999995864928        0.00000000000000D+000
     1.85999995842576        0.00000000000000D+000
     1.86999995820224        0.00000000000000D+000
     1.87999995797873        0.00000000000000D+000
     1.88999995775521        0.00000000000000D+000
     1.89999995753169        0.00000000000000D+000
     1.90999995730817        0.00000000000000D+000
     1.91999995708466        0.00000000000000D+000
     1.92999995686114        0.00000000000000D+000
     1.93999995663762        0.00000000000000D+000
     1.94999995641410        0.00000000000000D+000
     1.95999995619059        0.00000000000000D+000
     1.96999995596707        0.00000000000000D+000
     1.97999995574355        0.00000000000000D+000
     1.98999995552003        0.00000000000000D+000
