    0.00000000000000D+000   1.00000004749745     
    9.99999977648258D-003   1.00000004749745     
    1.99999995529652D-002   1.00000004749745     
    2.99999993294477D-002  0.999000047449954     
    3.99999991059303D-002  0.998000047402456     
    4.99999988824129D-002  0.998000047402456     
    5.99999986588955D-002  0.996000047307462     
    6.99999984353781D-002  0.995000047259964     
    7.99999982118607D-002  0.993000047164969     
    8.99999979883432D-002  0.992000047117472     
    9.99999977648258D-002  0.990000047022477     
   0.109999997541308       0.987000046879984     
   0.119999997317791       0.985000046784990     
   0.129999997094274       0.982000046642497     
   0.139999996870756       0.980000046547502     
   0.149999996647239       0.977000046405010     
   0.159999996423721       0.974000046262518     
   0.169999996200204       0.970000046072528     
   0.179999995976686       0.967000045930035     
   0.189999995753169       0.964000045787543     
   0.199999995529652       0.960000045597553     
   0.209999995306134       0.956000045407563     
   0.219999995082617       0.952000045217574     
   0.229999994859099       0.947000044980086     
   0.239999994635582       0.943000044790097     
   0.249999994412065       0.939000044600107     
   0.259999994188547       0.934000044362620     
   0.269999993965030       0.929000044125132     
   0.279999993741512       0.925000043935142     
   0.289999993517995       0.920000043697655     
   0.299999993294477       0.915000043460168     
   0.309999993070960       0.910000043222681     
   0.319999992847443       0.904000042937696     
   0.329999992623925       0.900000042747706     
   0.339999992400408       0.894000042462721     
   0.349999992176890       0.889000042225234     
   0.359999991953373       0.883000041940250     
   0.369999991729856       0.878000041702762     
   0.379999991506338       0.872000041417778     
   0.389999991282821       0.866000041132793     
   0.399999991059303       0.861000040895306     
   0.409999990835786       0.855000040610321     
   0.419999990612268       0.850000040372834     
   0.429999990388751       0.845000040135346     
   0.439999990165234       0.838000039802864     
   0.449999989941716       0.833000039565377     
   0.459999989718199       0.826000039232895     
   0.469999989494681       0.821000038995408     
   0.479999989271164       0.814000038662925     
   0.489999989047647       0.809000038425438     
   0.499999988824129       0.802000038092956     
   0.509999988600612       0.797000037855469     
   0.519999988377094       0.790000037522987     
   0.529999988153577       0.786000037332997     
   0.539999987930059       0.779000037000515     
   0.549999987706542       0.771000036620535     
   0.559999987483025       0.767000036430545     
   0.569999987259507       0.760000036098063     
   0.579999987035990       0.754000035813078     
   0.589999986812472       0.748000035528094     
   0.599999986588955       0.742000035243109     
   0.609999986365438       0.737000035005622     
   0.619999986141920       0.732000034768134     
   0.629999985918403       0.725000034435652     
   0.639999985694885       0.718000034103170     
   0.649999985471368       0.713000033865683     
   0.659999985247850       0.708000033628196     
   0.669999985024333       0.702000033343211     
   0.679999984800816       0.696000033058226     
   0.689999984577298       0.691000032820739     
   0.699999984353781       0.685000032535754     
   0.709999984130263       0.680000032298267     
   0.719999983906746       0.674000032013282     
   0.729999983683229       0.668000031728298     
   0.739999983459711       0.663000031490810     
   0.749999983236194       0.658000031253323     
   0.759999983012676       0.651000030920841     
   0.769999982789159       0.647000030730851     
   0.779999982565641       0.642000030493364     
   0.789999982342124       0.637000030255877     
   0.799999982118607       0.630000029923394     
   0.809999981895089       0.625000029685907     
   0.819999981671572       0.621000029495917     
   0.829999981448054       0.614000029163435     
   0.839999981224537       0.610000028973445     
   0.849999981001020       0.604000028688461     
   0.859999980777502       0.597000028355978     
   0.869999980553985       0.593000028165989     
   0.879999980330467       0.590000028023496     
   0.889999980106950       0.584000027738512     
   0.899999979883432       0.578000027453527     
   0.909999979659915       0.574000027263537     
   0.919999979436398       0.570000027073547     
   0.929999979212880       0.564000026788563     
   0.939999978989363       0.560000026598573     
   0.949999978765845       0.555000026361086     
   0.959999978542328       0.551000026171096     
   0.969999978318810       0.543000025791116     
   0.979999978095293       0.540000025648624     
   0.989999977871776       0.535000025411136     
   0.999999977648258       0.531000025221147     
    1.00999997742474       0.526000024983659     
    1.01999997720122       0.520000024698675     
    1.02999997697771       0.517000024556182     
    1.03999997675419       0.511000024271198     
    1.04999997653067       0.502000023843721     
    1.05999997630715       0.497000023606233     
    1.06999997608364       0.496000023558736     
    1.07999997586012       0.491000023321249     
    1.08999997563660       0.487000023131259     
    1.09999997541308       0.482000022893772     
    1.10999997518957       0.474000022513792     
    1.11999997496605       0.475000022561289     
    1.12999997474253       0.471000022371300     
    1.13999997451901       0.458000021753833     
    1.14999997429550       0.457000021706335     
    1.15999997407198       0.451000021421351     
    1.16999997384846       0.447000021231361     
    1.17999997362494       0.440000020898879     
    1.18999997340143       0.436000020708889     
    1.19999997317791       0.430000020423904     
    1.20999997295439       0.431000020471402     
    1.21999997273088       0.419000019901432     
    1.22999997250736       0.408000019378960     
    1.23999997228384       0.409000019426458     
    1.24999997206032       0.404000019188970     
    1.25999997183681       0.400000018998981     
    1.26999997161329       0.392000018619001     
    1.27999997138977       0.385000018286519     
    1.28999997116625       0.375000017811544     
    1.29999997094274       0.378000017954037     
    1.30999997071922       0.378000017954037     
    1.31999997049570       0.359000017051585     
    1.32999997027218       0.362000017194077     
    1.33999997004867       0.342000016244128     
    1.34999996982515       0.349000016576610     
    1.35999996960163       0.341000016196631     
    1.36999996937811       0.340000016149133     
    1.37999996915460       0.329000015626661     
    1.38999996893108       0.329000015626661     
    1.39999996870756       0.315000014961697     
    1.40999996848404       0.308000014629215     
    1.41999996826053       0.294000013964251     
    1.42999996803701       0.278000013204291     
    1.43999996781349       0.284000013489276     
    1.44999996758997       0.285000013536774     
    1.45999996736646       0.276000013109297     
    1.46999996714294       0.280000013299286     
    1.47999996691942       0.260000012349337     
    1.48999996669590       0.257000012206845     
    1.49999996647239       0.227000010781921     
    1.50999996624887       0.234000011114404     
    1.51999996602535       0.225000010686927     
    1.52999996580184       0.232000011019409     
    1.53999996557832       0.178000008454546     
    1.54999996535480       0.157000007457100     
    1.55999996513128       0.137000006507151     
    1.56999996490777       0.166000007884577     
    1.57999996468425       0.141000006697141     
    1.58999996446073       0.156000007409602     
    1.59999996423721       0.117000005557202     
    1.60999996401370       0.121000005747192     
    1.61999996379018        9.50000045122579D-002
    1.62999996356666        8.50000040372834D-002
    1.63999996334314        4.90000023273751D-002
    1.64999996311963        4.60000021848828D-002
    1.65999996289611        2.70000012824312D-002
    1.66999996267259        1.80000008549541D-002
    1.67999996244907        3.10000014724210D-002
    1.68999996222556        3.90000018524006D-002
    1.69999996200204        2.50000011874363D-002
    1.70999996177852        1.80000008549541D-002
    1.71999996155500        1.70000008074567D-002
    1.72999996133149        6.00000028498471D-003
    1.73999996110797        1.10000005224720D-002
    1.74999996088445        1.00000004749745D-002
    1.75999996066093        6.00000028498471D-003
    1.76999996043742        1.00000004749745D-002
    1.77999996021390        5.00000023748726D-003
    1.78999995999038        5.00000023748726D-003
    1.79999995976686        5.00000023748726D-003
    1.80999995954335        3.00000014249235D-003
    1.81999995931983        4.00000018998981D-003
    1.82999995909631        4.00000018998981D-003
    1.83999995887280        5.00000023748726D-003
    1.84999995864928        3.00000014249235D-003
    1.85999995842576        2.00000009499490D-003
    1.86999995820224        1.00000004749745D-003
    1.87999995797873        2.00000009499490D-003
    1.88999995775521        2.00000009499490D-003
    1.89999995753169        1.00000004749745D-003
    1.90999995730817        2.00000009499490D-003
    1.91999995708466        2.00000009499490D-003
    1.92999995686114        2.00000009499490D-003
    1.93999995663762        1.00000004749745D-003
    1.94999995641410        1.00000004749745D-003
    1.95999995619059        1.00000004749745D-003
    1.96999995596707        1.00000004749745D-003
    1.97999995574355        1.00000004749745D-003
    1.98999995552003        1.00000004749745D-003
