   0.00000000000000D+000   1.00000004749745     
   9.99999977648258D-003   1.00000004749745     
   1.99999995529652D-002   1.00000004749745     
   2.99999993294477D-002  0.998857190300311     
   3.99999991059303D-002  0.998142904552098     
   4.99999988824129D-002  0.997142904504601     
   5.99999986588955D-002  0.996000047307461     
   6.99999984353781D-002  0.994714332960679     
   7.99999982118607D-002  0.993142904314612     
   8.99999979883432D-002  0.991571475668544     
   9.99999977648258D-002  0.989571475573549     
  0.109999997541308       0.987428618328912     
  0.119999997317791       0.985428618233917     
  0.129999997094274       0.983000046689994     
  0.139999996870756       0.980428617996430     
  0.149999996647239       0.978000046452507     
  0.159999996423721       0.974857189160373     
  0.169999996200204       0.971714331868238     
  0.179999995976686       0.968714331725746     
  0.189999995753169       0.965142902984683     
  0.199999995529652       0.961428617093978     
  0.209999995306134       0.957714331203274     
  0.219999995082617       0.953714331013284     
  0.229999994859099       0.949857187972936     
  0.239999994635582       0.945857187782946     
  0.249999994412065       0.941428616144029     
  0.259999994188547       0.936857187355469     
  0.269999993965030       0.932571472866194     
  0.279999993741512       0.928000044077635     
  0.289999993517995       0.923000043840148     
  0.299999993294477       0.918000043602661     
  0.309999993070960       0.913000043365173     
  0.319999992847443       0.908000043127686     
  0.329999992623925       0.903142900039841     
  0.339999992400408       0.897857185503069     
  0.349999992176890       0.892285756667012     
  0.359999991953373       0.887142899279882     
  0.369999991729856       0.881571470443824     
  0.379999991506338       0.875857184458125     
  0.389999991282821       0.870000041322783     
  0.399999991059303       0.864000041037798     
  0.409999990835786       0.858428612201741     
  0.419999990612268       0.852714326216041     
  0.429999990388751       0.846714325931056     
  0.439999990165234       0.840857182795714     
  0.449999989941716       0.835285753959657     
  0.459999989718199       0.828857182225745     
  0.469999989494681       0.823000039090402     
  0.479999989271164       0.816714324506133     
  0.489999989047647       0.810571467071505     
  0.499999988824129       0.804285752487236     
  0.509999988600612       0.798000037902966     
  0.519999988377094       0.791714323318696     
  0.529999988153577       0.786000037332997     
  0.539999987930059       0.779857179898370     
  0.549999987706542       0.773571465314100     
  0.559999987483025       0.767428607879473     
  0.569999987259507       0.761714321893773     
  0.579999987035990       0.755571464459146     
  0.589999986812472       0.749000035575591     
  0.599999986588955       0.742857178140964     
  0.609999986365438       0.736714320706337     
  0.619999986141920       0.730571463271709     
  0.629999985918403       0.724428605837082     
  0.639999985694885       0.718142891252813     
  0.649999985471368       0.712142890967828     
  0.659999985247850       0.706142890682843     
  0.669999985024333       0.700142890397858     
  0.679999984800816       0.694000032963231     
  0.689999984577298       0.687857175528604     
  0.699999984353781       0.681714318093977     
  0.709999984130263       0.675714317808992     
  0.719999983906746       0.669714317524007     
  0.729999983683229       0.663571460089380     
  0.739999983459711       0.657428602654753     
  0.749999983236194       0.651142888070483     
  0.759999983012676       0.645285744935141     
  0.769999982789159       0.639571458949441     
  0.779999982565641       0.633571458664456     
  0.789999982342124       0.627857172678757     
  0.799999982118607       0.622428600992342     
  0.809999981895089       0.617142886455570     
  0.819999981671572       0.611714314769155     
  0.829999981448054       0.606142885933098     
  0.839999981224537       0.600571457097041     
  0.849999981001020       0.594857171111341     
  0.859999980777502       0.589142885125641     
  0.869999980553985       0.583714313439227     
  0.879999980330467       0.578000027453527     
  0.889999980106950       0.572857170066397     
  0.899999979883432       0.567571455529625     
  0.909999979659915       0.562285740992853     
  0.919999979436398       0.557714312204293     
  0.929999979212880       0.552714311966806     
  0.939999978989363       0.547000025981106     
  0.949999978765845       0.541857168593976     
  0.959999978542328       0.536428596907561     
  0.969999978318810       0.531142882370789     
  0.979999978095293       0.526000024983659     
  0.989999977871776       0.520142881848317     
  0.999999977648258       0.514857167311545     
   1.00999997742474       0.510714309971913     
   1.01999997720122       0.505714309734425     
   1.02999997697771       0.501428595245151     
   1.03999997675419       0.496428595007663     
   1.04999997653067       0.491857166219104     
   1.05999997630715       0.487714308879471     
   1.06999997608364       0.482857165791626     
   1.07999997586012       0.477857165554139     
   1.08999997563660       0.473285736765579     
   1.09999997541308       0.468857165126662     
   1.10999997518957       0.464714307787030     
   1.11999997496605       0.460000021848827     
   1.12999997474253       0.454714307312055     
   1.13999997451901       0.450428592822781     
   1.14999997429550       0.446428592632791     
   1.15999997407198       0.442285735293159     
   1.16999997384846       0.437285735055671     
   1.17999997362494       0.433142877716039     
   1.18999997340143       0.429000020376407     
   1.19999997317791       0.425714305934629     
   1.20999997295439       0.422000020043924     
   1.21999997273088       0.417571448405007     
   1.22999997250736       0.413142876766090     
   1.23999997228384       0.409428590875385     
   1.24999997206032       0.405285733535753     
   1.25999997183681       0.401428590495405     
   1.26999997161329       0.397714304604701     
   1.27999997138977       0.394142875863638     
   1.28999997116625       0.390428589972934     
   1.29999997094274       0.386857161231871     
   1.30999997071922       0.383000018191524     
   1.31999997049570       0.379428589450462     
   1.32999997027218       0.375285732110829     
   1.33999997004867       0.371428589070482     
   1.34999996982515       0.367428588880492     
   1.35999996960163       0.364285731588357     
   1.36999996937811       0.361285731445865     
   1.37999996915460       0.358000017004087     
   1.38999996893108       0.354571445412668     
   1.39999996870756       0.351857159569460     
   1.40999996848404       0.348571445127683     
   1.41999996826053       0.345142873536263     
   1.42999996803701       0.341571444795201     
   1.43999996781349       0.338142873203781     
   1.44999996758997       0.335428587360573     
   1.45999996736646       0.332714301517366     
   1.46999996714294       0.329571444225231     
   1.47999996691942       0.326857158382024     
   1.48999996669590       0.324714301137387     
   1.49999996647239       0.322285729593464     
   1.50999996624887       0.319000015151687     
   1.51999996602535       0.316142872158837     
   1.52999996580184       0.313571443465272     
   1.53999996557832       0.311000014771707     
   1.54999996535480       0.308428586078142     
   1.55999996513128       0.305428585935650     
   1.56999996490777       0.302428585793158     
   1.57999996468425       0.300000014249235     
   1.58999996446073       0.297142871256385     
   1.59999996423721       0.293857156814608     
   1.60999996401370       0.291142870971401     
   1.61999996379018       0.287857156529623     
   1.62999996356666       0.285000013536774     
   1.63999996334314       0.282285727693566     
   1.64999996311963       0.280000013299286     
   1.65999996289611       0.277142870306436     
   1.66999996267259       0.274714298762514     
   1.67999996244907       0.272000012919307     
   1.68999996222556       0.269571441375384     
   1.69999996200204       0.267142869831462     
   1.70999996177852       0.264714298287539     
   1.71999996155500       0.262000012444332     
   1.72999996133149       0.260285726648622     
   1.73999996110797       0.258428583703270     
   1.74999996088445       0.256571440757917     
   1.75999996066093       0.254571440662923     
   1.76999996043742       0.253000012016855     
   1.77999996021390       0.251142869071503     
   1.78999995999038       0.249571440425435     
   1.79999995976686       0.247142868881513     
   1.80999995954335       0.244285725888663     
   1.81999995931983       0.241857154344741     
   1.82999995909631       0.240142868549031     
   1.83999995887280       0.237571439855466     
   1.84999995864928       0.235000011161901     
   1.85999995842576       0.233000011066906     
   1.86999995820224       0.230571439522984     
   1.87999995797873       0.228428582278346     
   1.88999995775521       0.226714296482636     
   1.89999995753169       0.224714296387641     
   1.90999995730817       0.222571439143004     
   1.91999995708466       0.221000010496937     
   1.92999995686114       0.219285724701227     
   1.93999995663762       0.217714296055159     
   1.94999995641410       0.216428581708377     
   1.95999995619059       0.214857153062309     
   1.96999995596707       0.213142867266600     
   1.97999995574355       0.211571438620532     
   1.98999995552003       0.210857152872320     
   1.99999995529652       0.208285724178755     
   2.00999995507300       0.207142866981615     
   2.01999995484948       0.206714295532687     
   2.02999995462596       0.205285724036263     
   2.03999995440245       0.203142866791625     
   2.04999995417893       0.202142866744128     
   2.05999995395541       0.200000009499490     
   2.06999995373189       0.199428580900920     
   2.07999995350838       0.197714295105210     
   2.08999995328486       0.194857152112360     
   2.09999995306134       0.192857152017365     
   2.10999995283782       0.192000009119510     
   2.11999995261431       0.190428580473443     
   2.12999995239079       0.189000008977018     
   2.13999995216727       0.187428580330951     
   2.14999995194376       0.185857151684883     
   2.15999995172024       0.184714294487743     
   2.16999995149672       0.183000008692034     
   2.17999995127320       0.181142865746681     
   2.18999995104969       0.179428579950971     
   2.19999995082617       0.177428579855976     
   2.20999995060265       0.176000008359552     
   2.21999995037913       0.174714294012769     
   2.22999995015562       0.173428579665987     
   2.23999994993210       0.172428579618489     
   2.24999994970858       0.171285722421349     
   2.25999994948506       0.169857150924924     
   2.26999994926155       0.168142865129214     
   2.27999994903803       0.165857150734934     
   2.28999994881451       0.163857150639939     
   2.29999994859099       0.162428579143514     
   2.30999994836748       0.161142864796732     
   2.31999994814396       0.159571436150665     
   2.32999994792044       0.158714293252810     
   2.33999994769692       0.158714293252810     
   2.34999994747341       0.158428578953525     
   2.35999994724989       0.157714293205312     
   2.36999994702637       0.156857150307457     
   2.37999994680285       0.156285721708887     
   2.38999994657934       0.155571435960675     
   2.39999994635582       0.154000007314608     
   2.40999994613230       0.151857150069970     
   2.41999994590878       0.150857150022473     
   2.42999994568527       0.150142864274260     
   2.43999994546175       0.148285721328908     
   2.44999994523823       0.146428578383555     
   2.45999994501472       0.144857149737488     
   2.46999994479120       0.144142863989276     
   2.47999994456768       0.143714292540348     
   2.48999994434416       0.142000006744638     
   2.49999994412065       0.140714292397856     
   2.50999994389713       0.140142863799286     
   2.51999994367361       0.140000006649643     
   2.52999994345009       0.139571435200716     
   2.53999994322658       0.138714292302861     
   2.54999994300306       0.138000006554648     
   2.55999994277954       0.137142863656793     
   2.56999994255602       0.136714292207866     
   2.57999994233251       0.136000006459653     
   2.58999994210899       0.134285720663943     
   2.59999994188547       0.133285720616446     
   2.60999994166195       0.132571434868234     
   2.61999994143844       0.131000006222166     
   2.62999994121492       0.130142863324311     
   2.63999994099140       0.129142863276814     
   2.64999994076788       0.128285720378959     
   2.65999994054437       0.128142863229316     
   2.66999994032085       0.127142863181819     
   2.67999994009733       0.125714291685394     
   2.68999993987381       0.125428577386109     
   2.69999993965030       0.125000005937181     
   2.70999993942678       0.123714291590399     
   2.71999993920326       0.122428577243617     
   2.72999993897974       0.120714291447907     
   2.73999993875623       0.119714291400409     
   2.74999993853271       0.119000005652197     
   2.75999993830919       0.118000005604699     
   2.76999993808568       0.117285719856487     
   2.77999993786216       0.116142862659347     
   2.78999993763864       0.115428576911135     
   2.79999993741512       0.114857148312565     
   2.80999993719161       0.114142862564352     
   2.81999993696809       0.113428576816140     
   2.82999993674457       0.112857148217570     
   2.83999993652105       0.112285719619000     
   2.84999993629754       0.113000005367212     
   2.85999993607402       0.112428576768642     
   2.86999993585050       0.111714291020430     
   2.87999993562698       0.111142862421860     
   2.88999993540347       0.110571433823290     
   2.89999993517995       0.109571433775792     
   2.90999993495643       0.108714290877937     
   2.91999993473291       0.107428576531155     
   2.92999993450940       0.107571433680797     
   2.93999993428588       0.107714290830440     
   2.94999993406236       0.107571433680797     
   2.95999993383884       0.107285719381512     
   2.96999993361533       0.106714290782942     
   2.97999993339181       0.106378576817676     
   2.98999993316829       0.106417624788947     
   2.99999993294477       0.104989053615026     
   3.00999993272126       0.103937625323697     
   3.01999993249774       0.102980482752217     
   3.02999993227422       0.101697625870867     
   3.03999993205070       0.100939054729759     
   3.04999993182719        9.97547689473768D-002
   3.05999993160367        9.77285783436018D-002
   3.06999993138015        9.69809592580247D-002
   3.07999993115664        9.58152449046803D-002
   3.08999993093312        9.43781019603098D-002
   3.09999993070960        9.30914352165855D-002
   3.10999993048608        9.22166732642823D-002
   3.11999993026257        9.09366731873923D-002
   3.12999993003905        9.02076255308536D-002
   3.13999992981553        8.94800064457794D-002
   3.14999992959201        8.84885778174896D-002
   3.15999992936850        8.72385777413540D-002
   3.16999992914498        8.66652443808314D-002
   3.17999992892146        8.56842919432812D-002
   3.18999992869794        8.51128633447112D-002
   3.19999992847443        8.34804822874208D-002
   3.20999992825091        8.25100060406102D-002
   3.21999992802739        8.25995298715438D-002
   3.22999992780387        8.27009584646815D-002
   3.23999992758036        8.24009584571378D-002
   3.24999992735684        8.18419108112601D-002
   3.25999992713332        8.16709584323952D-002
   3.26999992690980        8.22909584926890D-002
   3.27999992668629        8.14819108277525D-002
   3.28999992646277        8.00200059716112D-002
   3.29999992623925        7.95928630973413D-002
   3.30999992601573        7.87861963848456D-002
   3.31999992579222        7.81142915868867D-002
   3.32999992556870        7.68052438838324D-002
   3.33999992534518        7.57504819142305D-002
   3.34999992512166        7.50928628309165D-002
   3.35999992489815        7.43123865952699D-002
   3.36999992467463        7.27776245880532D-002
   3.37999992445111        7.18742912000738D-002
   3.38999992422760        7.10995292502851D-002
   3.39999992400408        7.00885768055943D-002
   3.40999992378056        6.88300052942856D-002
   3.41999992355704        6.81923862114745D-002
   3.42999992333353        6.78014338143051D-002
   3.43999992311001        6.74176242744582D-002
   3.44999992288649        6.65476242206504D-002
   3.45999992266297        6.60385765760300D-002
   3.46999992243946        6.57819099029093D-002
   3.47999992221594        6.55252432297885D-002
   3.48999992199242        6.46714336525783D-002
   3.49999992176890        6.40519098083175D-002
   3.50999992154539        6.35576240688302D-002
   3.51999992132187        6.35376240810997D-002
   3.52999992109835        6.30419097701479D-002
   3.53999992087483        6.27852430970272D-002
   3.54999992065132        6.18371477967741D-002
   3.55999992042780        6.13609572958371D-002
   3.56999992020428        6.09900048991706D-002
   3.57999991998076        6.01676238941793D-002
   3.58999991975725        5.91142904896556D-002
   3.59999991953373        5.84061952082100D-002
   3.60999991931021        5.77000046887170D-002
   3.61999991908669        5.77990523294139D-002
   3.62999991886318        5.77819094846124D-002
   3.63999991863966        5.67519094140088D-002
   3.64999991841614        5.57419093439081D-002
   3.65999991819262        5.52852426529858D-002
   3.66999991796911        5.49323854948696D-002
   3.67999991774559        5.44709568990657D-002
   3.68999991752207        5.30300044116312D-002
   3.69999991729856        5.21347662555645D-002
   3.70999991707504        5.17971471930695D-002
   3.71999991685152        5.21195281854880D-002
   3.72999991662800        5.22095282069098D-002
   3.73999991640449        5.12261948041464D-002
   3.74999991618097        5.05666709524935D-002
   3.75999991595745        5.09880995728365D-002
   3.76999991573393        5.05519090729053D-002
   3.77999991551042        5.01166709539504D-002
   3.78999991528690        4.92638137513303D-002
   3.79999991506338        4.86104803760236D-002
   3.80999991483986        4.83938137039086D-002
   3.81999991461635        4.77609565195930D-002
   3.82999991439283        4.68176231178354D-002
   3.83999991416931        4.60904802104770D-002
   3.84999991394579        4.59714325948220D-002
   3.85999991372228        4.57614325895414D-002
   3.86999991349876        4.50347658726711D-002
   3.87999991327524        4.45195277453184D-002
   3.88999991305172        4.42104801121133D-002
   3.89999991282821        4.40038134402499D-002
   3.90999991260469        4.38004801018036D-002
   3.91999991238117        4.28938133676346D-002
   3.92999991215765        4.21980990324951D-002
   3.93999991193414        4.18914323517308D-002
   3.94999991171062        4.13000037398855D-002
   3.95999991148710        4.08061941845002D-002
   3.96999991126359        4.04090513045985D-002
   3.97999991104007        4.00161941390902D-002
   3.98999991081655        3.98161941340611D-002
   3.99999991059303        3.93414321982023D-002
   4.00999991036952        3.87614321580730D-002
   4.01999991014600        3.85680988198781D-002
   4.02999990992248        3.79095273428154D-002
   4.03999990969896        3.74338130259803D-002
   4.04999990947545        3.65971462935716D-002
   4.05999990925193        3.63061938989168D-002
   4.06999990902841        3.62133367601109D-002
   4.07999990880489        3.55700033786694D-002
   4.08999990858138        3.51080985859911D-002
   4.09999990835786        3.51952414644838D-002
   4.10999990813434        3.49166700225213D-002
   4.11999990791082        3.48314319315261D-002
   4.12999990768731        3.41966699788716D-002
   4.13999990746379        3.35742889789093D-002
   4.14999990724027        3.37442890087290D-002
   4.15999990701675        3.35609556707856D-002
   4.16999990679324        3.31138127832404D-002
   4.17999990656972        3.29271461118799D-002
   4.18999990634620        3.28352413540503D-002
   4.19999990612268        3.28238127951068D-002
   4.20999990589917        3.24023841939224D-002
   4.21999990567565        3.17957174800696D-002
   4.22999990545213        3.16952412934531D-002
   4.23999990522862        3.13504793672495D-002
   4.24999990500510        3.10819079255384D-002
   4.25999990478158        3.11461936605993D-002
   4.26999990455806        3.07166698211162D-002
   4.27999990433455        3.07980984137510D-002
   4.28999990411103        3.07047650844569D-002
   4.29999990388751        3.00409555056382D-002
   4.30999990366399        2.99466697953678D-002
   4.31999990344048        2.94490507096909D-002
   4.32999990321696        2.87123839797967D-002
   4.33999990299344        2.84580982527306D-002
   4.34999990276992        2.83652411139247D-002
   4.35999990254641        2.78052410679121D-002
   4.36999990232289        2.76385743970544D-002
   4.37999990209937        2.71590505499278D-002
   4.38999990187585        2.67633362351044D-002
   4.39999990165234        2.63723838251626D-002
   4.40999990142882        2.59761933198510D-002
   4.41999990120530        2.51385741936935D-002
   4.42999990098178        2.51985742143609D-002
   4.43999990075827        2.52504789967295D-002
   4.44999990053475        2.50871456592890D-002
   4.45999990031123        2.48552408851666D-002
   4.46999990008771        2.48414313737823D-002
   4.47999989986420        2.46071456472190D-002
   4.48999989964068        2.48866695020889D-002
   4.49999989941716        2.44366694652285D-002
   4.50999989919364        2.38428598881700D-002
   4.51999989897013        2.35414312963893D-002
   4.52999989874661        2.33847646257832D-002
   4.53999989852309        2.30171455497615D-002
   4.54999989829958        2.24514312115046D-002
   4.55999989807606        2.21538121436293D-002
   4.56999989785254        2.19304787982939D-002
   4.57999989762902        2.13104787380001D-002
   4.58999989740551        2.12195263611469D-002
   4.59999989718199        2.11280977938055D-002
   4.60999989695847        2.07804787182866D-002
   4.61999989673495        2.08333358816315D-002
   4.62999989651144        2.06128596792251D-002
   4.63999989628792        2.04595263420361D-002
   4.64999989606440        2.05147644578218D-002
   4.65999989584088        2.01052406124554D-002
   4.66999989561737        1.99452406084321D-002
   4.67999989539385        1.98019072714945D-002
   4.68999989517033        1.99566692120791D-002
   4.69999989494681        1.94404786845914D-002
   4.70999989472330        1.91671453316125D-002
   4.71999989449978        1.93809548991156D-002
   4.72999989427626        1.92933358556796D-002
   4.73999989405274        1.87819072330735D-002
   4.74999989382923        1.86966691420782D-002
   4.75999989360571        1.82419071939500D-002
   4.76999989338219        1.82800024521618D-002
   4.77999989315867        1.81900024562849D-002
   4.78999989293516        1.75771452469273D-002
   4.79999989271164        1.72042880691496D-002
   4.80999989248812        1.72300023746691D-002
   4.81999989226460        1.71380976168395D-002
   4.82999989204109        1.71509547791786D-002
   4.83999989181757        1.69538119106922D-002
   4.84999989159405        1.67504785658597D-002
   4.85999989137054        1.66138118957565D-002
   4.86999989114702        1.64771452256532D-002
   4.87999989092350        1.60676213739006D-002
   4.88999989069998        1.57633356328048D-002
   4.89999989047647        1.51447641312030D-002
   4.90999989025295        1.50047641276826D-002
   4.91999989002943        1.46580974267539D-002
   4.92999988980591        1.44223831223400D-002
   4.93999988958240        1.41876211989024D-002
   4.94999988935888        1.40542878622163D-002
   4.95999988913536        1.37219068759326D-002
   4.96999988891184        1.33061925414476D-002
   4.97999988868833        1.28361924849256D-002
   4.98999988846481        1.24228591028814D-002
   4.99999988824129        1.22004781321361D-002
   5.00999988801777        1.18419066626171D-002
   5.01999988779426        1.16633352231692D-002
   5.02999988757074        1.15814304655911D-002
   5.03999988734722        1.17814305153237D-002
   5.04999988712370        1.17085733770207D-002
   5.05999988690019        1.16385733816467D-002
   5.06999988667667        1.15152400452121D-002
   5.07999988645315        1.16985734278590D-002
   5.08999988622963        1.16942877326241D-002
   5.09999988600612        1.13985734139290D-002
   5.10999988578260        1.10604781354011D-002
   5.11999988555908        1.10214305281440D-002
   5.12999988533556        1.11047638955039D-002
   5.13999988511205        1.08233352914538D-002
   5.14999988488853        1.03352399836091D-002
   5.15999988466501        9.77095418488569D-003
   5.16999988444150        9.61619226984598D-003
   5.17999988421798        9.53714465519687D-003
   5.18999988399446        9.11333506964065D-003
   5.19999988377094        8.83333503705500D-003
   5.20999988354743        8.75952551777570D-003
   5.21999988332391        8.79571602042106D-003
   5.22999988310039        8.79809699202052D-003
   5.23999988287687        8.71952556785957D-003
   5.24999988265336        8.56523984330801D-003
   5.25999988242984        8.49904937183934D-003
   5.26999988220632        8.41238270937959D-003
   5.27999988198280        8.26619222312684D-003
   5.28999988175929        8.04904934136514D-003
   5.29999988153577        7.84000169790223D-003
   5.30999988131225        7.84904934272221D-003
   5.31999988108873        7.54666834442040D-003
   5.32999988086522        7.38238261323118D-003
   5.33999988064170        7.16904925537479D-003
   5.34999988041818        7.11809688591360D-003
   5.35999988019466        7.09523976164034D-003
   5.36999987997115        7.04904929706079D-003
   5.37999987974763        6.72238257747638D-003
   5.38999987952411        6.73619212717800D-003
   5.39999987930059        6.69381118650377D-003
   5.40999987907708        6.52714450287373D-003
   5.41999987885356        6.25333493386180D-003
   5.42999987863004        6.00476346710880D-003
   5.43999987840652        5.79381105530703D-003
   5.44999987818301        5.78619203304124D-003
   5.45999987795949        5.67619203027521D-003
   5.46999987773597        5.59666822513794D-003
   5.47999987751246        5.46666821548278D-003
   5.48999987728894        5.53000159511216D-003
   5.49999987706542        5.44904921851038D-003
   5.50999987684190        5.35238254941297D-003
   5.51999987661839        5.21095396804186D-003
   5.52999987639487        5.03809680167947D-003
   5.53999987617135        4.93143013233059D-003
   5.54999987594783        4.92809683084450D-003
   5.55999987572432        4.71047774582221D-003
   5.56999987550080        4.58476345056054D-003
   5.57999987527728        4.56238252316165D-003
   5.58999987505376        4.37333487381544D-003
   5.59999987483025        4.30857298019748D-003
   5.60999987460673        4.20190631084860D-003
   5.61999987438321        4.01523961394322D-003
   5.62999987415969        3.97666820994674D-003
   5.63999987393618        3.92047775150195D-003
   5.64999987371266        3.78000154472096D-003
   5.65999987348914        3.73571585486650D-003
   5.66999987326562        3.58619202242417D-003
   5.67999987304211        3.50714441416126D-003
   5.68999987281859        3.45381110503168D-003
   5.69999987259507        3.23428723889809D-003
   5.70999987237155        3.12095390271491D-003
   5.71999987214804        3.01762056678318D-003
   5.72999987192452        2.82095385046771D-003
   5.73999987170100        2.73523956898429D-003
   5.74999987147749        2.58000144429777D-003
   5.75999987125397        2.38000138817893D-003
   5.76999987103045        2.29952520206532D-003
   5.77999987080693        2.15000136323678D-003
   5.78999987058342        2.01238228661236D-003
   5.79999987035990        1.89476321687706D-003
   5.80999987013638        1.80238226855934D-003
   5.81999986991286        1.66666794750136D-003
   5.82999986968935        1.57333461182109D-003
   5.83999986946583        1.47381079340847D-003
   5.84999986924231        1.36809649864971D-003
   5.85999986901879        1.25714408936251D-003
   5.86999986879528        1.18809648773727D-003
   5.87999986857176        1.06762026868678D-003
   5.88999986834824        1.00333458471561D-003
   5.89999986812472        8.93334550018522D-004
   5.90999986790121        8.09048846385809D-004
   5.91999986767769        7.21906012596532D-004
   5.92999986745417        6.49048880679769D-004
   5.93999986723065        5.57144122850209D-004
   5.94999986700714        4.69048895312178D-004
   5.95999986678362        3.69048892797607D-004
   5.96999986656010        2.90001303693341D-004
   5.97999986633658        1.93334634595922D-004
   5.98999986611307        1.00001343619142D-004
