 obs_sequence
obs_kind_definitions
           29
            1 RADIOSONDE_U_WIND_COMPONENT     
            2 RADIOSONDE_V_WIND_COMPONENT     
            3 RADIOSONDE_SURFACE_PRESSURE     
            4 RADIOSONDE_TEMPERATURE          
            5 RADIOSONDE_SPECIFIC_HUMIDITY    
            6 AIRCRAFT_U_WIND_COMPONENT       
            7 AIRCRAFT_V_WIND_COMPONENT       
            8 AIRCRAFT_TEMPERATURE            
            9 ACARS_U_WIND_COMPONENT          
           10 ACARS_V_WIND_COMPONENT          
           11 ACARS_TEMPERATURE               
           12 MARINE_SFC_U_WIND_COMPONENT     
           13 MARINE_SFC_V_WIND_COMPONENT     
           14 MARINE_SFC_TEMPERATURE          
           15 MARINE_SFC_SPECIFIC_HUMIDITY    
           16 LAND_SFC_U_WIND_COMPONENT       
           17 LAND_SFC_V_WIND_COMPONENT       
           18 LAND_SFC_TEMPERATURE            
           19 LAND_SFC_SPECIFIC_HUMIDITY      
           20 SAT_U_WIND_COMPONENT            
           21 SAT_V_WIND_COMPONENT            
           22 ATOV_TEMPERATURE                
           23 AIRS_TEMPERATURE                
           24 AIRS_SPECIFIC_HUMIDITY          
           25 METAR_U_10_METER_WIND           
           26 METAR_V_10_METER_WIND           
           27 METAR_TEMPERATURE_2_METER       
           28 METAR_SPECIFIC_HUMIDITY_2_METER 
           29 METAR_SURFACE_PRESSURE          
  num_copies:             0  num_qc:             0
  num_obs:            96  max_num_obs:            96
  first:             1  last:            96
 OBS             1
           -1            2           -1
obdef
loc3d
       4.58175108587291       0.63887777269252      10.00000000000000        3
kind
           25
 46800     146952
    2.000000000000000     
 OBS             2
            1            3           -1
obdef
loc3d
       4.58175108587291       0.63887777269252      10.00000000000000        3
kind
           26
 46800     146952
    2.000000000000000     
 OBS             3
            2            4           -1
obdef
loc3d
       4.58175108587291       0.63887777269252       2.00000000000000        3
kind
           27
 46800     146952
    1.000000000000000     
 OBS             4
            3            5           -1
obdef
loc3d
       4.58175108587291       0.63887777269252       2.00000000000000        3
kind
           28
 46800     146952
   1.0000000000000000E-006
 OBS             5
            4            6           -1
obdef
loc3d
       4.58175108587291       0.63887777269252      10.00000000000000        3
kind
           25
 50400     146952
    2.000000000000000     
 OBS             6
            5            7           -1
obdef
loc3d
       4.58175108587291       0.63887777269252      10.00000000000000        3
kind
           26
 50400     146952
    2.000000000000000     
 OBS             7
            6            8           -1
obdef
loc3d
       4.58175108587291       0.63887777269252       2.00000000000000        3
kind
           27
 50400     146952
    1.000000000000000     
 OBS             8
            7            9           -1
obdef
loc3d
       4.58175108587291       0.63887777269252       2.00000000000000        3
kind
           28
 50400     146952
   1.0000000000000000E-006
 OBS             9
            8           10           -1
obdef
loc3d
       4.58175108587291       0.63887777269252      10.00000000000000        3
kind
           25
 54000     146952
    2.000000000000000     
 OBS            10
            9           11           -1
obdef
loc3d
       4.58175108587291       0.63887777269252      10.00000000000000        3
kind
           26
 54000     146952
    2.000000000000000     
 OBS            11
           10           12           -1
obdef
loc3d
       4.58175108587291       0.63887777269252       2.00000000000000        3
kind
           27
 54000     146952
    1.000000000000000     
 OBS            12
           11           13           -1
obdef
loc3d
       4.58175108587291       0.63887777269252       2.00000000000000        3
kind
           28
 54000     146952
   1.0000000000000000E-006
 OBS            13
           12           14           -1
obdef
loc3d
       4.58175108587291       0.63887777269252      10.00000000000000        3
kind
           25
 57600     146952
    2.000000000000000     
 OBS            14
           13           15           -1
obdef
loc3d
       4.58175108587291       0.63887777269252      10.00000000000000        3
kind
           26
 57600     146952
    2.000000000000000     
 OBS            15
           14           16           -1
obdef
loc3d
       4.58175108587291       0.63887777269252       2.00000000000000        3
kind
           27
 57600     146952
    1.000000000000000     
 OBS            16
           15           17           -1
obdef
loc3d
       4.58175108587291       0.63887777269252       2.00000000000000        3
kind
           28
 57600     146952
   1.0000000000000000E-006
 OBS            17
           16           18           -1
obdef
loc3d
       4.58175108587291       0.63887777269252      10.00000000000000        3
kind
           25
 61200     146952
    2.000000000000000     
 OBS            18
           17           19           -1
obdef
loc3d
       4.58175108587291       0.63887777269252      10.00000000000000        3
kind
           26
 61200     146952
    2.000000000000000     
 OBS            19
           18           20           -1
obdef
loc3d
       4.58175108587291       0.63887777269252       2.00000000000000        3
kind
           27
 61200     146952
    1.000000000000000     
 OBS            20
           19           21           -1
obdef
loc3d
       4.58175108587291       0.63887777269252       2.00000000000000        3
kind
           28
 61200     146952
   1.0000000000000000E-006
 OBS            21
           20           22           -1
obdef
loc3d
       4.58175108587291       0.63887777269252      10.00000000000000        3
kind
           25
 64800     146952
    2.000000000000000     
 OBS            22
           21           23           -1
obdef
loc3d
       4.58175108587291       0.63887777269252      10.00000000000000        3
kind
           26
 64800     146952
    2.000000000000000     
 OBS            23
           22           24           -1
obdef
loc3d
       4.58175108587291       0.63887777269252       2.00000000000000        3
kind
           27
 64800     146952
    1.000000000000000     
 OBS            24
           23           25           -1
obdef
loc3d
       4.58175108587291       0.63887777269252       2.00000000000000        3
kind
           28
 64800     146952
   1.0000000000000000E-006
 OBS            25
           24           26           -1
obdef
loc3d
       4.58175108587291       0.63887777269252      10.00000000000000        3
kind
           25
 68400     146952
    2.000000000000000     
 OBS            26
           25           27           -1
obdef
loc3d
       4.58175108587291       0.63887777269252      10.00000000000000        3
kind
           26
 68400     146952
    2.000000000000000     
 OBS            27
           26           28           -1
obdef
loc3d
       4.58175108587291       0.63887777269252       2.00000000000000        3
kind
           27
 68400     146952
    1.000000000000000     
 OBS            28
           27           29           -1
obdef
loc3d
       4.58175108587291       0.63887777269252       2.00000000000000        3
kind
           28
 68400     146952
   1.0000000000000000E-006
 OBS            29
           28           30           -1
obdef
loc3d
       4.58175108587291       0.63887777269252      10.00000000000000        3
kind
           25
 72000     146952
    2.000000000000000     
 OBS            30
           29           31           -1
obdef
loc3d
       4.58175108587291       0.63887777269252      10.00000000000000        3
kind
           26
 72000     146952
    2.000000000000000     
 OBS            31
           30           32           -1
obdef
loc3d
       4.58175108587291       0.63887777269252       2.00000000000000        3
kind
           27
 72000     146952
    1.000000000000000     
 OBS            32
           31           33           -1
obdef
loc3d
       4.58175108587291       0.63887777269252       2.00000000000000        3
kind
           28
 72000     146952
   1.0000000000000000E-006
 OBS            33
           32           34           -1
obdef
loc3d
       4.58175108587291       0.63887777269252      10.00000000000000        3
kind
           25
 75600     146952
    2.000000000000000     
 OBS            34
           33           35           -1
obdef
loc3d
       4.58175108587291       0.63887777269252      10.00000000000000        3
kind
           26
 75600     146952
    2.000000000000000     
 OBS            35
           34           36           -1
obdef
loc3d
       4.58175108587291       0.63887777269252       2.00000000000000        3
kind
           27
 75600     146952
    1.000000000000000     
 OBS            36
           35           37           -1
obdef
loc3d
       4.58175108587291       0.63887777269252       2.00000000000000        3
kind
           28
 75600     146952
   1.0000000000000000E-006
 OBS            37
           36           38           -1
obdef
loc3d
       4.58175108587291       0.63887777269252      10.00000000000000        3
kind
           25
 79200     146952
    2.000000000000000     
 OBS            38
           37           39           -1
obdef
loc3d
       4.58175108587291       0.63887777269252      10.00000000000000        3
kind
           26
 79200     146952
    2.000000000000000     
 OBS            39
           38           40           -1
obdef
loc3d
       4.58175108587291       0.63887777269252       2.00000000000000        3
kind
           27
 79200     146952
    1.000000000000000     
 OBS            40
           39           41           -1
obdef
loc3d
       4.58175108587291       0.63887777269252       2.00000000000000        3
kind
           28
 79200     146952
   1.0000000000000000E-006
 OBS            41
           40           42           -1
obdef
loc3d
       4.58175108587291       0.63887777269252      10.00000000000000        3
kind
           25
 82800     146952
    2.000000000000000     
 OBS            42
           41           43           -1
obdef
loc3d
       4.58175108587291       0.63887777269252      10.00000000000000        3
kind
           26
 82800     146952
    2.000000000000000     
 OBS            43
           42           44           -1
obdef
loc3d
       4.58175108587291       0.63887777269252       2.00000000000000        3
kind
           27
 82800     146952
    1.000000000000000     
 OBS            44
           43           45           -1
obdef
loc3d
       4.58175108587291       0.63887777269252       2.00000000000000        3
kind
           28
 82800     146952
   1.0000000000000000E-006
 OBS            45
           44           46           -1
obdef
loc3d
       4.58175108587291       0.63887777269252      10.00000000000000        3
kind
           25
     0     146953
    2.000000000000000     
 OBS            46
           45           47           -1
obdef
loc3d
       4.58175108587291       0.63887777269252      10.00000000000000        3
kind
           26
     0     146953
    2.000000000000000     
 OBS            47
           46           48           -1
obdef
loc3d
       4.58175108587291       0.63887777269252       2.00000000000000        3
kind
           27
     0     146953
    1.000000000000000     
 OBS            48
           47           49           -1
obdef
loc3d
       4.58175108587291       0.63887777269252       2.00000000000000        3
kind
           28
     0     146953
   1.0000000000000000E-006
 OBS            49
           48           50           -1
obdef
loc3d
       4.58175108587291       0.63887777269252      10.00000000000000        3
kind
           25
  3600     146953
    2.000000000000000     
 OBS            50
           49           51           -1
obdef
loc3d
       4.58175108587291       0.63887777269252      10.00000000000000        3
kind
           26
  3600     146953
    2.000000000000000     
 OBS            51
           50           52           -1
obdef
loc3d
       4.58175108587291       0.63887777269252       2.00000000000000        3
kind
           27
  3600     146953
    1.000000000000000     
 OBS            52
           51           53           -1
obdef
loc3d
       4.58175108587291       0.63887777269252       2.00000000000000        3
kind
           28
  3600     146953
   1.0000000000000000E-006
 OBS            53
           52           54           -1
obdef
loc3d
       4.58175108587291       0.63887777269252      10.00000000000000        3
kind
           25
  7200     146953
    2.000000000000000     
 OBS            54
           53           55           -1
obdef
loc3d
       4.58175108587291       0.63887777269252      10.00000000000000        3
kind
           26
  7200     146953
    2.000000000000000     
 OBS            55
           54           56           -1
obdef
loc3d
       4.58175108587291       0.63887777269252       2.00000000000000        3
kind
           27
  7200     146953
    1.000000000000000     
 OBS            56
           55           57           -1
obdef
loc3d
       4.58175108587291       0.63887777269252       2.00000000000000        3
kind
           28
  7200     146953
   1.0000000000000000E-006
 OBS            57
           56           58           -1
obdef
loc3d
       4.58175108587291       0.63887777269252      10.00000000000000        3
kind
           25
 10800     146953
    2.000000000000000     
 OBS            58
           57           59           -1
obdef
loc3d
       4.58175108587291       0.63887777269252      10.00000000000000        3
kind
           26
 10800     146953
    2.000000000000000     
 OBS            59
           58           60           -1
obdef
loc3d
       4.58175108587291       0.63887777269252       2.00000000000000        3
kind
           27
 10800     146953
    1.000000000000000     
 OBS            60
           59           61           -1
obdef
loc3d
       4.58175108587291       0.63887777269252       2.00000000000000        3
kind
           28
 10800     146953
   1.0000000000000000E-006
 OBS            61
           60           62           -1
obdef
loc3d
       4.58175108587291       0.63887777269252      10.00000000000000        3
kind
           25
 14400     146953
    2.000000000000000     
 OBS            62
           61           63           -1
obdef
loc3d
       4.58175108587291       0.63887777269252      10.00000000000000        3
kind
           26
 14400     146953
    2.000000000000000     
 OBS            63
           62           64           -1
obdef
loc3d
       4.58175108587291       0.63887777269252       2.00000000000000        3
kind
           27
 14400     146953
    1.000000000000000     
 OBS            64
           63           65           -1
obdef
loc3d
       4.58175108587291       0.63887777269252       2.00000000000000        3
kind
           28
 14400     146953
   1.0000000000000000E-006
 OBS            65
           64           66           -1
obdef
loc3d
       4.58175108587291       0.63887777269252      10.00000000000000        3
kind
           25
 18000     146953
    2.000000000000000     
 OBS            66
           65           67           -1
obdef
loc3d
       4.58175108587291       0.63887777269252      10.00000000000000        3
kind
           26
 18000     146953
    2.000000000000000     
 OBS            67
           66           68           -1
obdef
loc3d
       4.58175108587291       0.63887777269252       2.00000000000000        3
kind
           27
 18000     146953
    1.000000000000000     
 OBS            68
           67           69           -1
obdef
loc3d
       4.58175108587291       0.63887777269252       2.00000000000000        3
kind
           28
 18000     146953
   1.0000000000000000E-006
 OBS            69
           68           70           -1
obdef
loc3d
       4.58175108587291       0.63887777269252      10.00000000000000        3
kind
           25
 21600     146953
    2.000000000000000     
 OBS            70
           69           71           -1
obdef
loc3d
       4.58175108587291       0.63887777269252      10.00000000000000        3
kind
           26
 21600     146953
    2.000000000000000     
 OBS            71
           70           72           -1
obdef
loc3d
       4.58175108587291       0.63887777269252       2.00000000000000        3
kind
           27
 21600     146953
    1.000000000000000     
 OBS            72
           71           73           -1
obdef
loc3d
       4.58175108587291       0.63887777269252       2.00000000000000        3
kind
           28
 21600     146953
   1.0000000000000000E-006
 OBS            73
           72           74           -1
obdef
loc3d
       4.58175108587291       0.63887777269252      10.00000000000000        3
kind
           25
 25200     146953
    2.000000000000000     
 OBS            74
           73           75           -1
obdef
loc3d
       4.58175108587291       0.63887777269252      10.00000000000000        3
kind
           26
 25200     146953
    2.000000000000000     
 OBS            75
           74           76           -1
obdef
loc3d
       4.58175108587291       0.63887777269252       2.00000000000000        3
kind
           27
 25200     146953
    1.000000000000000     
 OBS            76
           75           77           -1
obdef
loc3d
       4.58175108587291       0.63887777269252       2.00000000000000        3
kind
           28
 25200     146953
   1.0000000000000000E-006
 OBS            77
           76           78           -1
obdef
loc3d
       4.58175108587291       0.63887777269252      10.00000000000000        3
kind
           25
 28800     146953
    2.000000000000000     
 OBS            78
           77           79           -1
obdef
loc3d
       4.58175108587291       0.63887777269252      10.00000000000000        3
kind
           26
 28800     146953
    2.000000000000000     
 OBS            79
           78           80           -1
obdef
loc3d
       4.58175108587291       0.63887777269252       2.00000000000000        3
kind
           27
 28800     146953
    1.000000000000000     
 OBS            80
           79           81           -1
obdef
loc3d
       4.58175108587291       0.63887777269252       2.00000000000000        3
kind
           28
 28800     146953
   1.0000000000000000E-006
 OBS            81
           80           82           -1
obdef
loc3d
       4.58175108587291       0.63887777269252      10.00000000000000        3
kind
           25
 32400     146953
    2.000000000000000     
 OBS            82
           81           83           -1
obdef
loc3d
       4.58175108587291       0.63887777269252      10.00000000000000        3
kind
           26
 32400     146953
    2.000000000000000     
 OBS            83
           82           84           -1
obdef
loc3d
       4.58175108587291       0.63887777269252       2.00000000000000        3
kind
           27
 32400     146953
    1.000000000000000     
 OBS            84
           83           85           -1
obdef
loc3d
       4.58175108587291       0.63887777269252       2.00000000000000        3
kind
           28
 32400     146953
   1.0000000000000000E-006
 OBS            85
           84           86           -1
obdef
loc3d
       4.58175108587291       0.63887777269252      10.00000000000000        3
kind
           25
 36000     146953
    2.000000000000000     
 OBS            86
           85           87           -1
obdef
loc3d
       4.58175108587291       0.63887777269252      10.00000000000000        3
kind
           26
 36000     146953
    2.000000000000000     
 OBS            87
           86           88           -1
obdef
loc3d
       4.58175108587291       0.63887777269252       2.00000000000000        3
kind
           27
 36000     146953
    1.000000000000000     
 OBS            88
           87           89           -1
obdef
loc3d
       4.58175108587291       0.63887777269252       2.00000000000000        3
kind
           28
 36000     146953
   1.0000000000000000E-006
 OBS            89
           88           90           -1
obdef
loc3d
       4.58175108587291       0.63887777269252      10.00000000000000        3
kind
           25
 39600     146953
    2.000000000000000     
 OBS            90
           89           91           -1
obdef
loc3d
       4.58175108587291       0.63887777269252      10.00000000000000        3
kind
           26
 39600     146953
    2.000000000000000     
 OBS            91
           90           92           -1
obdef
loc3d
       4.58175108587291       0.63887777269252       2.00000000000000        3
kind
           27
 39600     146953
    1.000000000000000     
 OBS            92
           91           93           -1
obdef
loc3d
       4.58175108587291       0.63887777269252       2.00000000000000        3
kind
           28
 39600     146953
   1.0000000000000000E-006
 OBS            93
           92           94           -1
obdef
loc3d
       4.58175108587291       0.63887777269252      10.00000000000000        3
kind
           25
 43200     146953
    2.000000000000000     
 OBS            94
           93           95           -1
obdef
loc3d
       4.58175108587291       0.63887777269252      10.00000000000000        3
kind
           26
 43200     146953
    2.000000000000000     
 OBS            95
           94           96           -1
obdef
loc3d
       4.58175108587291       0.63887777269252       2.00000000000000        3
kind
           27
 43200     146953
    1.000000000000000     
 OBS            96
           95           -1           -1
obdef
loc3d
       4.58175108587291       0.63887777269252       2.00000000000000        3
kind
           28
 43200     146953
   1.0000000000000000E-006
