 1 633279 -0.9912591465224950 0.9987762074433097
 2 626601 -0.9741271926249755 0.9962603704026052
 3 621914 -0.9574034318328454 0.9936811073802776
 4 617245 -0.9412207329611540 0.9910417123055614
 5 610211 -0.9253627217049240 0.9882575511617342
 6 605809 -0.9101251954752300 0.9854274155204735
 7 602022 -0.8951251603116818 0.9826046998899189
 8 594893 -0.8804838788947048 0.9794969172397711
 9 588452 -0.8661848683879002 0.9764776247448248
 10 584474 -0.8518226732104811 0.9732728432938337
 11 581750 -0.8379315938365357 0.9701886622867673
 12 580940 -0.8245364657795771 0.9668575580369203
 13 574665 -0.8112853568727280 0.9633497448835555
 14 569555 -0.7983688598746387 0.9598896556042535
 15 566736 -0.7854527872581601 0.9562197146304450
 16 563740 -0.7728792396975068 0.9527146910959491
 17 561038 -0.7600470037552632 0.9485670328954118
 18 555457 -0.7481172507378421 0.9451619689001028
 19 553516 -0.7363015589239321 0.9414875178108616
 20 549438 -0.7243367929961565 0.9373317576570935
 21 546208 -0.7120042395379136 0.9327545857277307
 22 542511 -0.7000474285730220 0.9282490343055589
 23 539557 -0.6886381348289138 0.9244196471219344
 24 535220 -0.6774524725878326 0.9197027840132508
 25 532382 -0.6662718549535955 0.9154307825190363
 26 530633 -0.6549958127365766 0.9107738361724848
 27 526872 -0.6445434821325928 0.9060538924080151
 28 523836 -0.6332813549908706 0.9006965448349110
 29 522571 -0.6231690338940605 0.8959549126136498
 30 519474 -0.6122569582215887 0.8911434851350453
 31 518041 -0.6019207821250624 0.8855256314489068
 32 516846 -0.5913388094913070 0.8795638914966604
 33 515061 -0.5808089313827789 0.8737017018197533
 34 510025 -0.5716966813349605 0.8688535723338727
 35 506459 -0.5613119391628264 0.8628977479249342
 36 508952 -0.5506129771223303 0.8558437170406474
 37 506369 -0.5412357757859580 0.8495903696325595
 38 503716 -0.5311060918825286 0.8434090406360234
 39 500697 -0.5208798027044824 0.8359628929125226
 40 498636 -0.5117076581454235 0.8297117076277960
 41 497448 -0.5016684667989363 0.8217574408540185
 42 496275 -0.4923488386110461 0.8154070093575181
 43 492110 -0.4833228569090484 0.8077450604450219
 44 492082 -0.4732337299085618 0.7993091575169060
 45 489775 -0.4639547284829686 0.7915986148828941
 46 489053 -0.4547107499846650 0.7829511723604859
 47 485571 -0.4457332630099848 0.7757300212326794
 48 484468 -0.4363022373581086 0.7656410647263090
 49 482427 -0.4265676169930431 0.7554667770870517
 50 483381 -0.4175892615228123 0.7472130704663371
 51 480389 -0.4098462447563668 0.7391978258677783
 52 480281 -0.4007585698629367 0.7284778868106033
 53 476584 -0.3917174527334537 0.7171126095422805
 54 475805 -0.3828609580640854 0.7071065668023734
 55 474766 -0.3735338411465379 0.6947131120601481
 56 472568 -0.3655158016013182 0.6851212674997550
 57 472899 -0.3554405574049912 0.6693786040393127
 58 472180 -0.3474663214910566 0.6603979924861451
 59 470420 -0.3384798816990242 0.6464057307024504
 60 468796 -0.3303307302215713 0.6349388982875039
 61 469049 -0.3211492642788562 0.6193817345970675
 62 468967 -0.3128053184030971 0.6063857985670028
 63 466651 -0.3047085339183244 0.5937404467628327
 64 464701 -0.2961577049956321 0.5778677443115734
 65 463250 -0.2869860060442511 0.5611534456080608
 66 462588 -0.2792287759130379 0.5461340043158923
 67 462930 -0.2706828783624098 0.5290502411338712
 68 462124 -0.2619463094412308 0.5123177382876360
 69 462132 -0.2534865010699562 0.4949899628369633
 70 458349 -0.2449134032837149 0.4773006974671571
 71 458334 -0.2374341913241489 0.4632345082279448
 72 458160 -0.2293290072837292 0.4431492529478893
 73 457944 -0.2216218371924136 0.4255344606033857
 74 457012 -0.2127490994090868 0.4042625542553368
 75 456444 -0.2048627297650623 0.3864907839917391
 76 456091 -0.1963105137562171 0.3653252407610959
 77 455655 -0.1890675254782875 0.3485496094266320
 78 453256 -0.1801454989861868 0.3264530198194854
 79 452719 -0.1721644602946909 0.3067003967802872
 80 453851 -0.1635662335394171 0.2853451830037251
 81 453106 -0.1560370561345767 0.2656921426119406
 82 452930 -0.1473674233547609 0.2435860873491452
 83 452280 -0.1400543214273441 0.2256941150066141
 84 452709 -0.1314953410421329 0.2039434964931010
 85 452127 -0.1238863225766057 0.1849406632624262
 86 452663 -0.1158268096767718 0.1650694877767986
 87 449917 -0.1085733110756845 0.1487741500631044
 88 449531 -9.991267847536635E-02 0.1275376213115378
 89 451404 -9.202954478144998E-02 0.1104441004788402
 90 450459 -8.356757145295710E-02 9.301763356746580E-02
 91 448819 -7.558194731919535E-02 7.789797953465945E-02
 92 449319 -6.789081799459559E-02 6.390252294916346E-02
 93 448438 -6.065263781309175E-02 5.205381821041911E-02
 94 450840 -5.204715814805294E-02 3.872625591239161E-02
 95 448847 -4.381375510266541E-02 2.748831488183253E-02
 96 449031 -3.590638147419795E-02 1.870460292135983E-02
 97 450275 -2.775171338392537E-02 1.126210038330195E-02
 98 449194 -2.018095325135987E-02 6.137932241271612E-03
 99 449135 -1.203202940285417E-02 2.249526230298714E-03
 100 448376 -4.766195762327737E-03 3.676554813297070E-04
 101 450218 3.783100529682987E-03 1.981694320484417E-04
 102 448445 1.195696720701797E-02 2.029699977705543E-03
 103 447012 1.963781859395611E-02 5.404737845147307E-03
 104 448423 2.721932772040603E-02 1.042594123023428E-02
 105 450962 3.549652314784030E-02 1.744095371627488E-02
 106 448119 4.439309105863607E-02 2.812210611805104E-02
 107 448742 5.220179238326568E-02 3.789753890673350E-02
 108 449411 5.920998160972086E-02 4.882968963956787E-02
 109 450268 6.682210166797986E-02 6.067050505069111E-02
 110 450283 7.472429071850691E-02 7.472866006274548E-02
 111 450750 8.308985979906336E-02 9.200064679378638E-02
 112 449420 9.140890596321956E-02 0.1086220959504921
 113 450015 9.887201714518022E-02 0.1240212651313797
 114 451507 0.1069095863132440 0.1436150392642300
 115 453200 0.1153107593673600 0.1642210287119264
 116 453631 0.1237190406475261 0.1841042355923798
 117 452446 0.1319958977764204 0.2035736684770627
 118 450527 0.1397270960536857 0.2222227945995776
 119 451359 0.1468382976769220 0.2406715689522924
 120 452012 0.1557853611762728 0.2628053710916661
 121 454400 0.1642501748119133 0.2863547862012273
 122 454560 0.1710209847869869 0.3035916846588142
 123 455319 0.1797779739458545 0.3241026359308042
 124 455376 0.1877550663755021 0.3459325366632827
 125 455904 0.1956291518579378 0.3648372774741859
 126 457360 0.2040268783261285 0.3840559732888888
 127 457615 0.2119749162756863 0.4026677335577852
 128 458568 0.2200681497108473 0.4203544402747240
 129 458139 0.2285732645807367 0.4423493189909218
 130 459801 0.2372632084341451 0.4615305195894253
 131 461742 0.2455561910758752 0.4779632895002024
 132 461337 0.2541429237593510 0.4971665540671435
 133 463252 0.2621873543426211 0.5138184778691613
 134 463271 0.2706420667624688 0.5310521347622562
 135 463931 0.2792747320352197 0.5478320620124657
 136 464975 0.2873942334611094 0.5623839463891011
 137 464565 0.2959210731221130 0.5768264787838968
 138 467350 0.3035846362050750 0.5897749405411358
 139 466516 0.3124549977184312 0.6060229917397288
 140 469060 0.3216344129177874 0.6212389568430756
 141 468216 0.3310280090357927 0.6351103549146172
 142 472898 0.3380679929237174 0.6463383980873332
 143 473185 0.3463660236595001 0.6570455519901756
 144 473587 0.3556503908512822 0.6717706488237957
 145 472851 0.3652827687576215 0.6845491680796739
 146 474924 0.3735223625558373 0.6948565398972337
 147 476153 0.3825064842147575 0.7053036416429052
 148 477232 0.3914943541704006 0.7174063201711846
 149 478484 0.4001233259194610 0.7274309608800543
 150 481855 0.4087879564734173 0.7372635651866346
 151 482845 0.4180662926229818 0.7467105780811000
 152 482488 0.4266100809836205 0.7560295545716638
 153 485687 0.4357618715981837 0.7650222837373230
 154 487289 0.4460114452335925 0.7757226715636102
 155 488227 0.4545179525420574 0.7837541350907622
 156 491333 0.4636332679627745 0.7915953215745237
 157 490746 0.4739751309930471 0.7995958229145689
 158 494938 0.4830522260479669 0.8073957076581961
 159 496891 0.4925363232335485 0.8154374723276846
 160 496868 0.5019412985522979 0.8230829199150864
 161 498943 0.5122931810825736 0.8302877254469745
 162 501047 0.5218672678772454 0.8372477453390821
 163 502779 0.5318122577640055 0.8442219471166611
 164 506168 0.5414318451852183 0.8502230453746124
 165 508282 0.5511003846337357 0.8564044768852751
 166 509233 0.5603324098587517 0.8625599051391137
 167 509802 0.5712759540564696 0.8688982436604902
 168 511857 0.5815712609384690 0.8747068076417828
 169 516257 0.5922275619232032 0.8806231847472848
 170 518681 0.6030760687514342 0.8860776784046541
 171 520661 0.6127145575728915 0.8908540451385670
 172 523262 0.6228138575353739 0.8960520609906808
 173 524958 0.6336558662147900 0.9014514803298120
 174 527908 0.6449890528462376 0.9061640972268753
 175 532323 0.6557728695391001 0.9111109487126667
 176 535027 0.6669385245341914 0.9151217958910456
 177 538022 0.6785964526856512 0.9199870379727491
 178 540108 0.6890674016201990 0.9243626025966052
 179 542479 0.7011310370473641 0.9288041273568731
 180 544598 0.7125318973582793 0.9326925834647581
 181 549694 0.7247435408566629 0.9367677353346883
 182 551159 0.7365458212923953 0.9412054359877688
 183 555768 0.7484372915866164 0.9447991785270972
 184 557479 0.7604529394789076 0.9484100692595123
 185 561847 0.7733091785768326 0.9522607698401558
 186 565663 0.7857146331683624 0.9559275064098909
 187 569444 0.7988208061422951 0.9593698287414079
 188 573779 0.8116051798723356 0.9627669205542931
 189 578274 0.8247978658931620 0.9661540575438429
 190 581414 0.8385176981458857 0.9696057313426069
 191 584617 0.8523041051978868 0.9728580547332072
 192 592645 0.8661843921182246 0.9760893769782527
 193 594029 0.8805738154954488 0.9791107860722973
 194 600381 0.8951338146217522 0.9822060184562847
 195 604614 0.9100815600703687 0.9851701759430229
 196 610526 0.9254590150139596 0.9881610898767689
 197 615133 0.9411323425580148 0.9909406901901847
 198 622177 0.9573258352631582 0.9936815499752731
 199 626918 0.9740734487135015 0.9962785238456083
 200 632869 0.9912375844288288 0.9987807459973299
