           0        1000
  -1.44486343453897        1.20171219046306        24.4333753328576     
           0        1000
  -6.67660630424227       -11.4961917778060        14.2270845562062     
           0        1000
   3.96997964919081        6.54386461974603        14.3044794731195     
           0        1000
   12.9599692185438        19.6200930036224        24.2402673970740     
           0        1000
   5.41229834214153        3.34697408906001        26.4559005617878     
           0        1000
   2.02421936561767        2.56777492177745        17.3964878691846     
           0        1000
  -5.75672333348441       -6.65252020386760        22.1990304896115     
           0        1000
   1.22228679204878        3.10096058158018        21.5510918511406     
           0        1000
   12.2381804193952        20.5901306104644        19.7467875567458     
           0        1000
   5.44225625935902        7.08974245729896        20.2748173803701     
           0        1000
   3.17887206291868        5.60930050703349        11.7865576970007     
           0        1000
   1.83573133814928        2.29274214989476        17.3219070757737     
           0        1000
  -13.3714440938721       -20.7109152156075        23.8924503974292     
           0        1000
   12.3821999311156        14.8816911312622        29.2080977037432     
           0        1000
  -12.6819513499083       -4.19183565032589        39.7791568900485     
           0        1000
  -14.4592791586797       -19.4871522262287        29.2726077537577     
           0        1000
   12.7031562019246        10.9244256109486        34.3525106720817     
           0        1000
   2.70273281316460        5.44414535150862        5.56975198338427     
           0        1000
  -3.05884660439236       -5.84434258656385        8.13733926001987     
           0        1000
  -12.8819347919105       -11.9844368169801        33.6615188502022     
