    0.00000000000000D+000   1.00000004749745     
    9.99999977648258D-003   1.00000004749745     
    1.99999995529652D-002   1.00000004749745     
    2.99999993294477D-002  0.999000047449954     
    3.99999991059303D-002  0.998000047402456     
    4.99999988824129D-002  0.997000047354959     
    5.99999986588955D-002  0.996000047307462     
    6.99999984353781D-002  0.994000047212467     
    7.99999982118607D-002  0.992000047117472     
    8.99999979883432D-002  0.990000047022477     
    9.99999977648258D-002  0.988000046927482     
   0.109999997541308       0.986000046832487     
   0.119999997317791       0.983000046689995     
   0.129999997094274       0.980000046547502     
   0.139999996870756       0.977000046405010     
   0.149999996647239       0.974000046262518     
   0.159999996423721       0.971000046120025     
   0.169999996200204       0.967000045930035     
   0.179999995976686       0.963000045740046     
   0.189999995753169       0.959000045550056     
   0.199999995529652       0.955000045360066     
   0.209999995306134       0.951000045170076     
   0.219999995082617       0.947000044980086     
   0.229999994859099       0.941000044695102     
   0.239999994635582       0.937000044505112     
   0.249999994412065       0.931000044220127     
   0.259999994188547       0.926000043982640     
   0.269999993965030       0.922000043792650     
   0.279999993741512       0.916000043507665     
   0.289999993517995       0.910000043222681     
   0.299999993294477       0.906000043032691     
   0.309999993070960       0.899000042700209     
   0.319999992847443       0.893000042415224     
   0.329999992623925       0.888000042177737     
   0.339999992400408       0.882000041892752     
   0.349999992176890       0.876000041607767     
   0.359999991953373       0.869000041275285     
   0.369999991729856       0.863000040990301     
   0.379999991506338       0.857000040705316     
   0.389999991282821       0.851000040420331     
   0.399999991059303       0.844000040087849     
   0.409999990835786       0.838000039802864     
   0.419999990612268       0.833000039565377     
   0.429999990388751       0.825000039185397     
   0.439999990165234       0.819000038900413     
   0.449999989941716       0.813000038615428     
   0.459999989718199       0.805000038235448     
   0.469999989494681       0.799000037950464     
   0.479999989271164       0.792000037617981     
   0.489999989047647       0.785000037285499     
   0.499999988824129       0.777000036905520     
   0.509999988600612       0.771000036620535     
   0.519999988377094       0.763000036240555     
   0.529999988153577       0.757000035955571     
   0.539999987930059       0.750000035623089     
   0.549999987706542       0.740000035148114     
   0.559999987483025       0.733000034815632     
   0.569999987259507       0.720000034198165     
   0.579999987035990       0.718000034103170     
   0.589999986812472       0.710000033723190     
   0.599999986588955       0.700000033248216     
   0.609999986365438       0.690000032773241     
   0.619999986141920       0.681000032345764     
   0.629999985918403       0.665000031585805     
   0.639999985694885       0.660000031348318     
   0.649999985471368       0.651000030920841     
   0.659999985247850       0.634000030113384     
   0.669999985024333       0.630000029923394     
   0.679999984800816       0.614000029163435     
   0.689999984577298       0.598000028403476     
   0.699999984353781       0.604000028688461     
   0.709999984130263       0.592000028118491     
   0.719999983906746       0.574000027263537     
   0.729999983683229       0.555000026361086     
   0.739999983459711       0.541000025696121     
   0.749999983236194       0.545000025886111     
   0.759999983012676       0.533000025316142     
   0.769999982789159       0.512000024318695     
   0.779999982565641       0.490000023273751     
   0.789999982342124       0.476000022608787     
   0.799999982118607       0.478000022703782     
   0.809999981895089       0.465000022086315     
   0.819999981671572       0.439000020851381     
   0.829999981448054       0.435000020661391     
   0.839999981224537       0.395000018761493     
   0.849999981001020       0.361000017146580     
   0.859999980777502       0.344000016339123     
   0.869999980553985       0.332000015769154     
   0.879999980330467       0.355000016861595     
   0.889999980106950       0.265000012586825     
   0.899999979883432       0.246000011684373     
   0.909999979659915       0.254000012064353     
   0.919999979436398       0.203000009641983     
   0.929999979212880       0.135000006412156     
   0.939999978989363        5.50000026123598D-002
   0.949999978765845       0.123000005842187     
   0.959999978542328       0.135000006412156     
   0.969999978318810        7.00000033248216D-002
   0.979999978095293        2.60000012349337D-002
   0.989999977871776        2.60000012349337D-002
   0.999999977648258        2.20000010449439D-002
    1.00999997742474        1.00000004749745D-002
    1.01999997720122        1.40000006649643D-002
    1.02999997697771        9.00000042747706D-003
    1.03999997675419        7.00000033248216D-003
    1.04999997653067        4.00000018998981D-003
    1.05999997630715        4.00000018998981D-003
    1.06999997608364        3.00000014249235D-003
    1.07999997586012        2.00000009499490D-003
    1.08999997563660        5.00000023748726D-003
    1.09999997541308        3.00000014249235D-003
    1.10999997518957        2.00000009499490D-003
    1.11999997496605        3.00000014249235D-003
    1.12999997474253        2.00000009499490D-003
    1.13999997451901        1.00000004749745D-003
    1.14999997429550        1.00000004749745D-003
    1.15999997407198        1.00000004749745D-003
    1.16999997384846        1.00000004749745D-003
    1.17999997362494        2.00000009499490D-003
    1.18999997340143        3.00000014249235D-003
    1.19999997317791        1.00000004749745D-003
    1.20999997295439        2.00000009499490D-003
    1.21999997273088        1.00000004749745D-003
    1.22999997250736        1.00000004749745D-003
    1.23999997228384        1.00000004749745D-003
    1.24999997206032        1.00000004749745D-003
    1.25999997183681        1.00000004749745D-003
    1.26999997161329        1.00000004749745D-003
    1.27999997138977        1.00000004749745D-003
    1.28999997116625        1.00000004749745D-003
    1.29999997094274        1.00000004749745D-003
    1.30999997071922        1.00000004749745D-003
    1.31999997049570        1.00000004749745D-003
    1.32999997027218        1.00000004749745D-003
    1.33999997004867        1.00000004749745D-003
    1.34999996982515        1.00000004749745D-003
    1.35999996960163        1.00000004749745D-003
    1.36999996937811        0.00000000000000D+000
    1.37999996915460        1.00000004749745D-003
    1.38999996893108        0.00000000000000D+000
    1.39999996870756        1.00000004749745D-003
    1.40999996848404        1.00000004749745D-003
    1.41999996826053        0.00000000000000D+000
    1.42999996803701        1.00000004749745D-003
    1.43999996781349        1.00000004749745D-003
    1.44999996758997        0.00000000000000D+000
    1.45999996736646        1.00000004749745D-003
    1.46999996714294        0.00000000000000D+000
    1.47999996691942        0.00000000000000D+000
    1.48999996669590        0.00000000000000D+000
    1.49999996647239        0.00000000000000D+000
    1.50999996624887        0.00000000000000D+000
    1.51999996602535        0.00000000000000D+000
    1.52999996580184        1.00000004749745D-003
    1.53999996557832        0.00000000000000D+000
    1.54999996535480        0.00000000000000D+000
    1.55999996513128        0.00000000000000D+000
    1.56999996490777        0.00000000000000D+000
    1.57999996468425        0.00000000000000D+000
    1.58999996446073        0.00000000000000D+000
    1.59999996423721        0.00000000000000D+000
    1.60999996401370        0.00000000000000D+000
    1.61999996379018        0.00000000000000D+000
    1.62999996356666        0.00000000000000D+000
    1.63999996334314        0.00000000000000D+000
    1.64999996311963        0.00000000000000D+000
    1.65999996289611        0.00000000000000D+000
    1.66999996267259        0.00000000000000D+000
    1.67999996244907        0.00000000000000D+000
    1.68999996222556        0.00000000000000D+000
    1.69999996200204        0.00000000000000D+000
    1.70999996177852        0.00000000000000D+000
    1.71999996155500        0.00000000000000D+000
    1.72999996133149        0.00000000000000D+000
    1.73999996110797        0.00000000000000D+000
    1.74999996088445        0.00000000000000D+000
    1.75999996066093        0.00000000000000D+000
    1.76999996043742        0.00000000000000D+000
    1.77999996021390        0.00000000000000D+000
    1.78999995999038        0.00000000000000D+000
    1.79999995976686        0.00000000000000D+000
    1.80999995954335        0.00000000000000D+000
    1.81999995931983        0.00000000000000D+000
    1.82999995909631        0.00000000000000D+000
    1.83999995887280        0.00000000000000D+000
    1.84999995864928        0.00000000000000D+000
    1.85999995842576        0.00000000000000D+000
    1.86999995820224        0.00000000000000D+000
    1.87999995797873        0.00000000000000D+000
    1.88999995775521        0.00000000000000D+000
    1.89999995753169        0.00000000000000D+000
    1.90999995730817        0.00000000000000D+000
    1.91999995708466        0.00000000000000D+000
    1.92999995686114        0.00000000000000D+000
    1.93999995663762        0.00000000000000D+000
    1.94999995641410        0.00000000000000D+000
    1.95999995619059        0.00000000000000D+000
    1.96999995596707        0.00000000000000D+000
    1.97999995574355        0.00000000000000D+000
    1.98999995552003        0.00000000000000D+000
