   9.99999977648258D-003   1.00466538060997     
   1.04999992884696D-002   1.00475338687902     
   1.10249987522141D-002   1.00504402560613     
   1.15762481641119D-002   1.00544476060848     
   1.21550600203189D-002   1.00567887494182     
   1.27628124417364D-002   1.00553398139354     
   1.34009524552449D-002   1.00629193140172     
   1.40709994390000D-002   1.00696730058898     
   1.47745487399924D-002   1.00645066059412     
   1.55132754724867D-002   1.00702681834810     
   1.62889385063804D-002   1.00759900602511     
   1.71033846549823D-002   1.00789453172431     
   1.79585530721785D-002   1.00850377401859     
   1.88564798694569D-002   1.00837277671761     
   1.97993029637827D-002   1.00939164132354     
   2.07892671678675D-002   1.00975820030710     
   2.18287295349513D-002   1.00973308059327     
   2.29201649708240D-002   1.01042002812549     
   2.40661721264465D-002   1.01152220500993     
   2.52694795852043D-002   1.01161201526268     
   2.65329523595219D-002   1.01209571860487     
   2.78595987123082D-002   1.01334350614274     
   2.92525773194744D-002   1.01351393196189     
   3.07152047905766D-002   1.01384241308487     
   3.22509635654903D-002   1.01467929094577     
   3.38635102059190D-002   1.01578995296195     
   3.55566841014770D-002   1.01623158683060     
   3.73345166110760D-002   1.01683746736725     
   3.92012406613814D-002   1.01787870509984     
   4.11613008251896D-002   1.01860392787148     
   4.32193639037253D-002   1.01905298054686     
   4.53803300380517D-002   1.02015570425704     
   4.76493443760515D-002   1.02132965616659     
   5.00318093227563D-002   1.02231470221691     
   5.25333974031916D-002   1.02254773258420     
   5.51600647683635D-002   1.02387933808384     
   5.79180653765449D-002   1.02518502332167     
   6.08139658836235D-002   1.02625871587685     
   6.38546612779689D-002   1.02720337530894     
   6.70473912970398D-002   1.02852664615845     
   7.03997576648230D-002   1.02977707399798     
   7.39197421911421D-002   1.03059081109242     
   7.76157257759312D-002   1.03190734626273     
   8.14965083637216D-002   1.03377400086627     
   8.55713298958513D-002   1.03490135207129     
   8.98498923102849D-002   1.03623620668807     
   9.43423826414224D-002   1.03790002496191     
   9.90594972748982D-002   1.03992181348538     
  0.104012467415118        1.04102902767781     
  0.109213085826173        1.04249194593809     
  0.114673734909796        1.04444363507638     
  0.120407416187216        1.04607475760971     
  0.126427781255104        1.04748648848555     
  0.132749164289313        1.04949685819309     
  0.139386616173805        1.05185612706098     
  0.146355940336023        1.05333512923418     
  0.153673730374029        1.05515654429676     
  0.161357409564996        1.05684768159566     
  0.169425272349125        1.05910462283368     
  0.177896527887755        1.06123251801363     
  0.186791345799375        1.06279490666596     
  0.196130904182439        1.06533323225560     
  0.205937440039310        1.06756753992859     
  0.216234302221413        1.06916670776864     
  0.227046007021629        1.07131429255037     
  0.238398296546313        1.07397407051003     
  0.250318200005912        1.07595425223917     
  0.262834098070106        1.07791634597277     
  0.275975790440705        1.08021347388610     
  0.289774566803189        1.08251664598279     
  0.304263281325820        1.08435923809288     
  0.319476430883708        1.08673915032036     
  0.335450237194070        1.08887466377416     
  0.352222733058259        1.09155146715981     
  0.369833852915884        1.09293443898448     
  0.388325527926625        1.09516780264062     
  0.407741785806153        1.09782683959728     
  0.428128855653817        1.09919814471781     
  0.449535278021733        1.10139030873337     
  0.472012020487307        1.10297572637457     
  0.495612599004386        1.10517596445904     
  0.520393205321954        1.10692513435914     
  0.546412840773770        1.10841608701158     
  0.573733456757464        1.11040578330985     
  0.602420102237594        1.11220378907233     
  0.632541078623845        1.11313243033311     
  0.664168102393128        1.11483140116582     
  0.697376475842782        1.11658677270448     
  0.732245266381419        1.11734213160466     
  0.768857494784315        1.11845528552001     
  0.807300332861548        1.11950199284277     
  0.847665311009546        1.12066834904554     
  0.890048536140192        1.12147118611144     
  0.934550920506380        1.12188598916267     
  0.981278421968838        1.12271009989269     
   1.03034229627628        1.12321282845368     
   1.08185936195954        1.12335372563457     
   1.13595227847045        1.12380352364467     
   1.19274983822754        1.12395177253914     
   1.25238727326418        1.12384613299526     
   1.31500657720891        1.12373110034034     
   1.38075684336495        1.12353347386661     
   1.44979461969358        1.12331136639928     
   1.52228428154667        1.12271820493149     
   1.59839842303583        1.12214139333022     
   1.67831826797004        1.12161938424314     
   1.76223410134009        1.12053133940683     
   1.85034572237723        1.11957135568666     
   1.94286292026473        1.11868133323831     
   2.04000597363504        1.11780252773481     
   2.14200617504173        1.11642847126830     
   2.24910638165500        1.11494666695195     
   2.36156159349200        1.11389574408177     
   2.47963956055857        1.11226732289179     
   2.60362142034807        1.11067181955219     
   2.73380236721513        1.10926230364901     
   2.87049235521803        1.10757303974354     
   3.01401683610319        1.10593792418649     
   3.16471753418883        1.10394101604397     
   3.32295325999278        1.10216071877047     
   3.48910076454166        1.10042561070445     
   3.66355563639546        1.09839725246978     
   3.84673324352328        1.09642847500665     
   4.03906972227291        1.09466097078093     
   4.24102301578871        1.09256389197365     
   4.45307396435040        1.09038560592448     
   4.67572745022881        1.08842088925655     
   4.90951359978419        1.08649170166327     
   5.15498904566955        1.08433058019698     
   5.41273825214400        1.08233539871068     
   5.68337490665172        1.08019105444845     
   5.96754338097988        1.07837055963805     
   6.26592026547423        1.07617524460022     
   6.57921597996558        1.07413550320030     
   6.90817646524239        1.07215219394008     
   7.25358495909699        1.07017626574667     
   7.61626386117395        1.06803503350200     
   7.99707669106089        1.06614990519054     
   8.39693014428360        1.06423275399444     
   8.81677625110095        1.06229140884234     
   9.25761464323934        1.06045104299092     
   9.72049493396384        1.05855983696427     
   10.2065192171527        1.05676656217717     
   10.7168446913256        1.05490756233802     
   11.2526864148729        1.05311950366034     
   11.8153201990466        1.05142837817135     
   12.4060856456006        1.04973882522197     
   13.0263893363124        1.04799852270425     
   13.6777081819813        1.04639020124294     
   14.3615929388765        1.04486992628281     
   15.0796719010062        1.04332134090111     
   15.8336547770017        1.04176192293243     
   16.6253367608443        1.04025407661599     
   17.4566028061286        1.03889123921844     
   18.3294321140394        1.03751979080747     
   19.2459028457259        1.03608610281596     
   20.2081970702961        1.03481220478275     
   21.2186059602089        1.03350685614863     
   22.2795352464374        1.03225853645743     
   23.3935109463883        1.03107360335405     
   24.5631853782181        1.02990386895440     
   25.7913434758651        1.02871695197360     
   27.0809094198313        1.02765154766779     
   28.4349535995044        1.02654589197729     
   29.8566999235954        1.02554544108542     
   31.3495334960968        1.02450974254346     
   32.9170086760394        1.02354198488909     
   34.5628575402361        1.02262989646563     
   36.2909987691624        1.02171626245010     
   38.1055469771308        1.02082370046593     
   40.0108225089733        1.02001057970602     
   42.0113617265573        1.01919457819069     
   44.1119278096273        1.01840465874635     
   46.3175220966880        1.01764148495753     
   48.6333959929309        1.01693282866469     
   51.0650634735564        1.01624582364671     
   53.6183142122622        1.01554360167473     
   56.2992273661549        1.01487723201804     
   59.1141860499063        1.01429217891652     
   62.0698925336175        1.01366604026793     
   65.1733842005753        1.01308543779235     
   68.4320503028949        1.01253778746521     
   71.8536495549453        1.01200912449066     
   75.4463286064435        1.01145944983860     
   79.2186414392044        1.01097376347172     
   83.1795697337254        1.01051575797217     
   87.3385442541007        1.01008618886190     
   91.7054673021795        1.00962115233508     
   96.2907362944310        1.00919647010644
