 36.31000 262.07000    987.4 2019 06 14 00 00 00 7.702516e-03 1.000000e-03
 36.31000 262.07000   1287.4 2019 06 14 00 00 00 7.469827e-03 1.000000e-03
 36.31000 262.07000   1587.4 2019 06 14 00 00 00 7.232252e-03 1.000000e-03
 36.31000 262.07000   1887.4 2019 06 14 00 00 00 6.805874e-03 1.000000e-03
 36.31000 262.07000   2187.4 2019 06 14 00 00 00 7.889906e-03 1.000000e-03
 36.31000 262.07000   2487.4 2019 06 14 00 00 00 6.730993e-03 1.000000e-03
 36.31000 262.07000   2787.4 2019 06 14 00 00 00 4.864762e-03 1.000000e-03
 36.31000 262.07000   3087.4 2019 06 14 00 00 00 4.869600e-03 1.000000e-03
 36.31000 262.07000   3387.4 2019 06 14 00 00 00 4.230325e-03 1.000000e-03
 36.31000 262.07000   3687.4 2019 06 14 00 00 00 5.046333e-03 1.000000e-03
