   MONTH = 8     CRISTA 2 + UKMO + GRAM ZONAL MEAN TEMPERATURES
LAT=  90  80  70  60  50  40  30  20  10   0 -10 -20 -30 -40 -50 -60 -70 -80 -90
   0 273 273 281 287 291 297 301 302 300 298 298 294 290 284 277 268 257 252 252
   4 255 254 263 266 270 275 279 278 277 277 277 274 267 259 253 245 239 232 231
   8 229 232 236 239 243 249 253 254 253 253 253 250 241 232 225 218 212 208 207
  12 231 231 222 222 221 222 224 224 223 222 222 221 219 219 216 209 200 194 193
  16 231 230 226 223 218 210 204 201 199 200 200 202 209 215 215 207 195 188 188
  20 228 228 226 223 219 213 208 205 206 206 206 206 210 214 212 205 195 188 187
  24 231 229 227 225 223 220 218 216 215 215 215 216 217 217 214 207 198 191 187
  28 233 232 230 229 228 226 225 223 221 220 221 223 223 222 219 214 210 204 201
  32 239 238 237 236 235 234 233 232 229 228 229 231 231 231 229 228 230 232 229
  36 250 249 247 246 245 244 242 241 240 239 239 240 240 239 239 240 245 250 247
  40 261 260 256 256 254 252 252 251 250 250 250 249 247 246 247 251 256 263 263
  44 268 268 265 264 262 260 259 259 259 260 258 258 254 251 251 256 261 267 269
  48 272 270 269 266 264 261 258 259 261 262 262 260 256 251 250 257 258 260 262
  52 267 266 265 262 259 256 254 255 259 260 260 258 253 248 246 250 250 245 243
  56 270 270 264 258 252 247 243 248 251 252 252 249 244 240 237 246 255 267 270
  60 261 261 255 249 242 237 238 242 242 242 243 242 239 234 231 236 246 254 256
  64 250 249 244 236 228 224 229 231 229 229 230 231 230 224 224 229 236 242 244
  68 233 232 228 221 212 213 219 217 218 219 217 216 216 216 219 224 228 232 234
  72 215 214 210 204 201 206 208 206 205 206 205 206 207 211 214 219 222 225 226
  76 196 195 193 190 194 198 198 199 195 195 200 198 201 206 207 212 215 220 221
  80 178 178 178 181 188 191 192 194 194 194 194 192 194 198 202 206 210 216 218
  84 165 166 171 177 185 187 190 190 192 194 191 192 193 196 199 204 208 213 214
  88 162 163 169 175 181 186 188 190 192 193 193 194 197 200 201 202 205 207 208
  92 161 162 167 172 177 181 183 185 187 189 190 188 191 192 193 194 197 198 199
  96 165 165 173 180 183 184 184 185 188 189 188 187 188 190 192 193 192 189 190
 100 185 185 189 191 190 189 188 187 188 190 188 187 187 188 189 192 193 193 195
 104 213 213 213 213 210 207 204 202 201 201 200 200 200 201 202 204 206 208 210
 108 239 239 238 236 234 231 229 226 224 223 223 223 223 223 224 225 227 230 231
 112 265 265 265 263 262 260 259 257 255 254 254 254 253 253 253 252 254 257 257
 116 295 295 296 295 295 294 293 291 290 289 289 288 287 286 285 285 285 289 289
 120 332 332 335 334 334 332 331 330 328 327 327 325 323 322 321 321 322 326 325
 124 376 376 379 377 377 375 374 372 370 369 368 366 364 363 362 361 362 368 366
 128 420 420 423 422 422 419 418 415 412 411 411 407 405 404 402 401 403 410 408
