   MONTH = 8     CRISTA 2 ZONAL MEAN PRESSURE
LAT= 90 80 70 60 50 40 30 20 10 0 -10 -20 -30 -40 -50 -60 -70 -80 -90
   0 1.0074E+03 1.0088E+03 1.0097E+03 1.0026E+03 1.0037E+03 1.0012E+03 9.9159E+02 9.9420E+02 9.9925E+02 1.0013E+03 9.9895E+02 1.0077E+03 1.0100E+03 1.0025E+03 9.9262E+02 9.8303E+02 9.8206E+02 9.9418E+02 9.9410E+02
   4 6.1085E+02 6.1170E+02 6.2105E+02 6.2299E+02 6.2774E+02 6.3218E+02 6.2993E+02 6.3253E+02 6.3383E+02 6.3319E+02 6.3171E+02 6.3327E+02 6.3066E+02 6.1977E+02 6.0627E+02 5.9055E+02 5.7725E+02 5.7824E+02 5.7819E+02
   8 3.5756E+02 3.5730E+02 3.6950E+02 3.7283E+02 3.7854E+02 3.8474E+02 3.8611E+02 3.8702E+02 3.8713E+02 3.8674E+02 3.8583E+02 3.8471E+02 3.7815E+02 3.6579E+02 3.5338E+02 3.3820E+02 3.2599E+02 3.2097E+02 3.2012E+02
  12 1.9695E+02 1.9833E+02 2.0716E+02 2.1055E+02 2.1579E+02 2.2232E+02 2.2505E+02 2.2606E+02 2.2565E+02 2.2542E+02 2.2489E+02 2.2279E+02 2.1457E+02 2.0304E+02 1.9259E+02 1.8076E+02 1.7117E+02 1.6646E+02 1.6550E+02
  16 1.0904E+02 1.0981E+02 1.1198E+02 1.1381E+02 1.1632E+02 1.2017E+02 1.2232E+02 1.2287E+02 1.2231E+02 1.2185E+02 1.2157E+02 1.2009E+02 1.1501E+02 1.0883E+02 1.0234E+02 9.4044E+01 8.6474E+01 8.2337E+01 8.1562E+01
  20 6.0373E+01 6.0641E+01 6.1194E+01 6.1691E+01 6.2173E+01 6.2717E+01 6.2628E+01 6.2284E+01 6.1578E+01 6.1558E+01 6.1413E+01 6.1081E+01 5.9836E+01 5.7664E+01 5.4224E+01 4.8619E+01 4.2927E+01 3.9821E+01 3.9447E+01
  24 3.3167E+01 3.3314E+01 3.3440E+01 3.3439E+01 3.3326E+01 3.3032E+01 3.2481E+01 3.1993E+01 3.1733E+01 3.1723E+01 3.1648E+01 3.1477E+01 3.1227E+01 3.0462E+01 2.8473E+01 2.4974E+01 2.1310E+01 1.9259E+01 1.9004E+01
  28 1.8457E+01 1.8492E+01 1.8467E+01 1.8419E+01 1.8308E+01 1.8051E+01 1.7702E+01 1.7342E+01 1.7106E+01 1.7052E+01 1.7060E+01 1.7062E+01 1.6926E+01 1.6466E+01 1.5262E+01 1.3193E+01 1.1121E+01 9.8605E+00 9.6332E+00
  32 1.0423E+01 1.0418E+01 1.0379E+01 1.0326E+01 1.0239E+01 1.0070E+01 9.8509E+00 9.6261E+00 9.4220E+00 9.3680E+00 9.3968E+00 9.4466E+00 9.3716E+00 9.1167E+00 8.4065E+00 7.2479E+00 6.1416E+00 5.4734E+00 5.3061E+00
  36 6.0362E+00 6.0199E+00 5.9707E+00 5.9272E+00 5.8639E+00 5.7539E+00 5.6026E+00 5.4620E+00 5.3336E+00 5.2904E+00 5.3066E+00 5.3475E+00 5.3050E+00 5.1485E+00 4.7474E+00 4.1028E+00 3.5172E+00 3.1697E+00 3.0525E+00
  40 3.5770E+00 3.5602E+00 3.5022E+00 3.4767E+00 3.4252E+00 3.3466E+00 3.2586E+00 3.1700E+00 3.0887E+00 3.0637E+00 3.0731E+00 3.0900E+00 3.0519E+00 2.9551E+00 2.7311E+00 2.3812E+00 2.0631E+00 1.8858E+00 1.8161E+00
  44 2.1489E+00 2.1388E+00 2.0919E+00 2.0726E+00 2.0338E+00 1.9792E+00 1.9233E+00 1.8709E+00 1.8230E+00 1.8119E+00 1.8101E+00 1.8200E+00 1.7826E+00 1.7151E+00 1.5850E+00 1.3967E+00 1.2226E+00 1.1307E+00 1.0931E+00
  48 1.3007E+00 1.2897E+00 1.2591E+00 1.2403E+00 1.2124E+00 1.1729E+00 1.1328E+00 1.1042E+00 1.0803E+00 1.0759E+00 1.0748E+00 1.0764E+00 1.0456E+00 9.9538E-01 9.1790E-01 8.2098E-01 7.2010E-01 6.6873E-01 6.4905E-01
  52 7.7988E-01 7.7185E-01 7.5204E-01 7.3649E-01 7.1557E-01 6.8797E-01 6.6168E-01 6.4636E-01 6.3760E-01 6.3627E-01 6.3563E-01 6.3398E-01 6.0947E-01 5.7390E-01 5.2686E-01 4.7544E-01 4.1702E-01 3.8297E-01 3.7000E-01
  56 4.7028E-01 4.6544E-01 4.4831E-01 4.3379E-01 4.1619E-01 3.9577E-01 3.7720E-01 3.7267E-01 3.7004E-01 3.7007E-01 3.6970E-01 3.6634E-01 3.4824E-01 3.2487E-01 2.9610E-01 2.7289E-01 2.4410E-01 2.2963E-01 2.2312E-01
  60 2.7869E-01 2.7582E-01 2.6242E-01 2.5066E-01 2.3671E-01 2.2243E-01 2.1251E-01 2.1195E-01 2.1046E-01 2.1048E-01 2.1075E-01 2.0835E-01 1.9666E-01 1.8124E-01 1.6394E-01 1.5300E-01 1.4011E-01 1.3413E-01 1.3088E-01
  64 1.6139E-01 1.5938E-01 1.4994E-01 1.4053E-01 1.3004E-01 1.2090E-01 1.1705E-01 1.1735E-01 1.1592E-01 1.1593E-01 1.1639E-01 1.1536E-01 1.0861E-01 9.8508E-02 8.9108E-02 8.4272E-02 7.8551E-02 7.6286E-02 7.4780E-02
  68 8.9811E-02 8.8467E-02 8.2373E-02 7.5754E-02 6.8283E-02 6.3675E-02 6.2742E-02 6.2541E-02 6.1959E-02 6.2142E-02 6.2028E-02 6.1300E-02 5.7712E-02 5.2346E-02 4.7763E-02 4.5804E-02 4.3154E-02 4.2345E-02 4.1718E-02
  72 4.7585E-02 4.6734E-02 4.2989E-02 3.8785E-02 3.4613E-02 3.2814E-02 3.2540E-02 3.2229E-02 3.1827E-02 3.2024E-02 3.1862E-02 3.1590E-02 2.9836E-02 2.7403E-02 2.5231E-02 2.4552E-02 2.3327E-02 2.3078E-02 2.2798E-02
  76 2.3706E-02 2.3200E-02 2.1186E-02 1.8902E-02 1.7121E-02 1.6463E-02 1.6325E-02 1.6226E-02 1.5799E-02 1.5897E-02 1.6096E-02 1.5849E-02 1.5124E-02 1.4122E-02 1.3044E-02 1.2892E-02 1.2359E-02 1.2405E-02 1.2289E-02
  80 1.1007E-02 1.0772E-02 9.8367E-03 8.8885E-03 8.2802E-03 8.0535E-03 8.0160E-03 8.0258E-03 7.8147E-03 7.8631E-03 7.9615E-03 7.7820E-03 7.4808E-03 7.0850E-03 6.6345E-03 6.6437E-03 6.4501E-03 6.5921E-03 6.5683E-03
  84 4.8107E-03 4.7314E-03 4.4259E-03 4.1091E-03 3.9577E-03 3.8799E-03 3.9066E-03 3.9114E-03 3.8371E-03 3.8893E-03 3.8947E-03 3.8211E-03 3.6867E-03 3.5297E-03 3.3402E-03 3.4015E-03 3.3452E-03 3.4719E-03 3.4698E-03
  88 2.0706E-03 2.0470E-03 1.9727E-03 1.8829E-03 1.8611E-03 1.8619E-03 1.8894E-03 1.9062E-03 1.8841E-03 1.9167E-03 1.9194E-03 1.8900E-03 1.8432E-03 1.7831E-03 1.6931E-03 1.7300E-03 1.7183E-03 1.7949E-03 1.7995E-03
  92 8.8657E-04 8.8107E-04 8.7078E-04 8.5115E-04 8.6036E-04 8.7552E-04 8.9583E-04 9.1113E-04 9.0768E-04 9.3058E-04 9.3542E-04 9.1408E-04 9.0168E-04 8.7555E-04 8.3442E-04 8.5573E-04 8.5909E-04 9.0054E-04 9.0598E-04
  96 3.8749E-04 3.8508E-04 3.9544E-04 3.9857E-04 4.0792E-04 4.1680E-04 4.2647E-04 4.3550E-04 4.3899E-04 4.5180E-04 4.5241E-04 4.4037E-04 4.3609E-04 4.2670E-04 4.0971E-04 4.2173E-04 4.2183E-04 4.3721E-04 4.4153E-04
 100 1.8521E-04 1.8406E-04 1.9198E-04 1.9498E-04 1.9880E-04 2.0236E-04 2.0626E-04 2.0981E-04 2.1231E-04 2.2018E-04 2.1880E-04 2.1216E-04 2.1009E-04 2.0637E-04 1.9892E-04 2.0707E-04 2.0789E-04 2.1547E-04 2.1918E-04
 104 9.7546E-05 9.6941E-05 1.0112E-04 1.0269E-04 1.0375E-04 1.0462E-04 1.0560E-04 1.0671E-04 1.0762E-04 1.1161E-04 1.1054E-04 1.0718E-04 1.0613E-04 1.0461E-04 1.0117E-04 1.0602E-04 1.0713E-04 1.1175E-04 1.1439E-04
 108 5.5087E-05 5.4746E-05 5.6966E-05 5.7573E-05 5.7880E-05 5.7922E-05 5.8167E-05 5.8314E-05 5.8496E-05 6.0499E-05 5.9915E-05 5.8095E-05 5.7530E-05 5.6703E-05 5.4989E-05 5.7781E-05 5.8700E-05 6.1713E-05 6.3332E-05
 112 3.2903E-05 3.2699E-05 3.4025E-05 3.4253E-05 3.4368E-05 3.4255E-05 3.4330E-05 3.4276E-05 3.4240E-05 3.5338E-05 3.4997E-05 3.3934E-05 3.3532E-05 3.3050E-05 3.2052E-05 3.3607E-05 3.4287E-05 3.6274E-05 3.7226E-05
 116 2.0710E-05 2.0582E-05 2.1450E-05 2.1560E-05 2.1632E-05 2.1528E-05 2.1541E-05 2.1438E-05 2.1381E-05 2.2030E-05 2.1818E-05 2.1120E-05 2.0836E-05 2.0502E-05 1.9849E-05 2.0813E-05 2.1234E-05 2.2614E-05 2.3207E-05
 120 1.3726E-05 1.3641E-05 1.4269E-05 1.4324E-05 1.4372E-05 1.4268E-05 1.4258E-05 1.4173E-05 1.4099E-05 1.4509E-05 1.4369E-05 1.3874E-05 1.3652E-05 1.3415E-05 1.2971E-05 1.3601E-05 1.3894E-05 1.4874E-05 1.5245E-05
 124 9.5456E-06 9.4864E-06 9.9516E-06 9.9714E-06 1.0005E-05 9.9126E-06 9.8967E-06 9.8178E-06 9.7476E-06 1.0021E-05 9.9143E-06 9.5533E-06 9.3810E-06 9.2091E-06 8.8948E-06 9.3167E-06 9.5278E-06 1.0263E-05 1.0497E-05
 128 6.8959E-06 6.8531E-06 7.2058E-06 7.2146E-06 7.2388E-06 7.1555E-06 7.1384E-06 7.0648E-06 6.9975E-06 7.1879E-06 7.1114E-06 6.8302E-06 6.6958E-06 6.5676E-06 6.3329E-06 6.6276E-06 6.7893E-06 7.3555E-06 7.5112E-06
