   MONTH = 8     CRISTA 2 ZONAL MEAN density
LAT= 90 80 70 60 50 40 30 20 10 0 -10 -20 -30 -40 -50 -60 -70 -80 -90
   0  1.2857E+00 1.2875E+00 1.2520E+00 1.2172E+00 1.2018E+00 1.1746E+00 1.1479E+00 1.1471E+00 1.1606E+00 1.1708E+00 1.1680E+00 1.1943E+00 1.2135E+00 1.2299E+00 1.2486E+00 1.2781E+00 1.3314E+00 1.3746E+00 1.3745E+00
   4  8.3467E-01 8.3912E-01 8.2279E-01 8.1605E-01 8.1010E-01 8.0099E-01 7.8669E-01 7.9278E-01 7.9728E-01 7.9648E-01 7.9461E-01 8.0530E-01 8.2301E-01 8.3377E-01 8.3496E-01 8.3987E-01 8.4155E-01 8.6844E-01 8.7212E-01
   8  5.4404E-01 5.3662E-01 5.4553E-01 5.4354E-01 5.4278E-01 5.3838E-01 5.3175E-01 5.3091E-01 5.3316E-01 5.3262E-01 5.3137E-01 5.3618E-01 5.4672E-01 5.4937E-01 5.4724E-01 5.4055E-01 5.3578E-01 5.3767E-01 5.3885E-01
  12  2.9707E-01 2.9915E-01 3.2514E-01 3.3046E-01 3.4023E-01 3.4893E-01 3.5007E-01 3.5164E-01 3.5257E-01 3.5380E-01 3.5297E-01 3.5125E-01 3.4138E-01 3.2304E-01 3.1067E-01 3.0136E-01 2.9821E-01 2.9897E-01 2.9878E-01
  16  1.6448E-01 1.6635E-01 1.7264E-01 1.7783E-01 1.8592E-01 1.9939E-01 2.0893E-01 2.1300E-01 2.1416E-01 2.1229E-01 2.1179E-01 2.0715E-01 1.9174E-01 1.7638E-01 1.6586E-01 1.5830E-01 1.5451E-01 1.5260E-01 1.5116E-01
  20  9.2263E-02 9.2672E-02 9.4344E-02 9.6391E-02 9.8919E-02 1.0259E-01 1.0491E-01 1.0586E-01 1.0415E-01 1.0412E-01 1.0387E-01 1.0331E-01 9.9279E-02 9.3887E-02 8.9120E-02 8.2637E-02 7.6704E-02 7.3803E-02 7.3500E-02
  24  5.0029E-02 5.0689E-02 5.1329E-02 5.1784E-02 5.2071E-02 5.2315E-02 5.1914E-02 5.1609E-02 5.1427E-02 5.1410E-02 5.1289E-02 5.0776E-02 5.0140E-02 4.8911E-02 4.6359E-02 4.2038E-02 3.7500E-02 3.5133E-02 3.5410E-02
  28  2.7601E-02 2.7773E-02 2.7976E-02 2.8025E-02 2.7979E-02 2.7830E-02 2.7413E-02 2.7096E-02 2.6969E-02 2.7007E-02 2.6897E-02 2.6659E-02 2.6447E-02 2.5844E-02 2.4282E-02 2.1481E-02 1.8452E-02 1.6842E-02 1.6699E-02
  32  1.5196E-02 1.5252E-02 1.5259E-02 1.5246E-02 1.5182E-02 1.4995E-02 1.4731E-02 1.4457E-02 1.4336E-02 1.4316E-02 1.4298E-02 1.4249E-02 1.4136E-02 1.3751E-02 1.2791E-02 1.1076E-02 9.3040E-03 8.2202E-03 8.0734E-03
  36  8.4128E-03 8.4238E-03 8.4226E-03 8.3952E-03 8.3395E-03 8.2166E-03 8.0667E-03 7.8968E-03 7.7433E-03 7.7127E-03 7.7364E-03 7.7635E-03 7.7018E-03 7.5058E-03 6.9211E-03 5.9565E-03 5.0021E-03 4.4177E-03 4.3060E-03
  40  4.7753E-03 4.7711E-03 4.7668E-03 4.7320E-03 4.6986E-03 4.6273E-03 4.5056E-03 4.4005E-03 4.3048E-03 4.2700E-03 4.2831E-03 4.3239E-03 4.3051E-03 4.1856E-03 3.8526E-03 3.3055E-03 2.8080E-03 2.4984E-03 2.4060E-03
  44  2.7938E-03 2.7807E-03 2.7505E-03 2.7354E-03 2.7047E-03 2.6524E-03 2.5874E-03 2.5170E-03 2.4525E-03 2.4281E-03 2.4445E-03 2.4579E-03 2.4454E-03 2.3808E-03 2.2003E-03 1.9010E-03 1.6321E-03 1.4756E-03 1.4159E-03
  48  1.6661E-03 1.6644E-03 1.6309E-03 1.6247E-03 1.6002E-03 1.5658E-03 1.5299E-03 1.4855E-03 1.4422E-03 1.4308E-03 1.4294E-03 1.4425E-03 1.4232E-03 1.3818E-03 1.2793E-03 1.1131E-03 9.7250E-04 8.9618E-04 8.6317E-04
  52  1.0177E-03 1.0110E-03 9.8881E-04 9.7945E-04 9.6265E-04 9.3637E-04 9.0768E-04 8.8319E-04 8.5776E-04 8.5268E-04 8.5183E-04 8.5619E-04 8.3937E-04 8.0631E-04 7.4625E-04 6.6263E-04 5.8121E-04 5.4465E-04 5.3054E-04
  56  6.0690E-04 6.0065E-04 5.9169E-04 5.8584E-04 5.7546E-04 5.5830E-04 5.4086E-04 5.2359E-04 5.1368E-04 5.1168E-04 5.1117E-04 5.1262E-04 4.9729E-04 4.7165E-04 4.3533E-04 3.8652E-04 3.3354E-04 2.9967E-04 2.8793E-04
  60  3.7205E-04 3.6821E-04 3.5857E-04 3.5076E-04 3.4081E-04 3.2701E-04 3.1111E-04 3.0517E-04 3.0302E-04 3.0304E-04 3.0219E-04 2.9998E-04 2.8671E-04 2.6987E-04 2.4729E-04 2.2588E-04 1.9845E-04 1.8400E-04 1.7813E-04
  64  2.2494E-04 2.2302E-04 2.1411E-04 2.0748E-04 1.9873E-04 1.8806E-04 1.7810E-04 1.7701E-04 1.7638E-04 1.7640E-04 1.7632E-04 1.7400E-04 1.6453E-04 1.5323E-04 1.3861E-04 1.2822E-04 1.1597E-04 1.0984E-04 1.0679E-04
  68  1.3430E-04 1.3287E-04 1.2588E-04 1.1943E-04 1.1223E-04 1.0416E-04 9.9823E-05 1.0042E-04 9.9030E-05 9.8868E-05 9.9597E-05 9.8883E-05 9.3096E-05 8.4441E-05 7.5992E-05 7.1249E-05 6.5948E-05 6.3596E-05 6.2119E-05
  72  7.7117E-05 7.6092E-05 7.1327E-05 6.6246E-05 6.0001E-05 5.5502E-05 5.4509E-05 5.4514E-05 5.4095E-05 5.4165E-05 5.4154E-05 5.3431E-05 5.0222E-05 4.5251E-05 4.1082E-05 3.9062E-05 3.6612E-05 3.5738E-05 3.5148E-05
  76  4.2143E-05 4.1454E-05 3.8248E-05 3.4664E-05 3.0749E-05 2.8971E-05 2.8729E-05 2.8410E-05 2.8231E-05 2.8405E-05 2.8042E-05 2.7890E-05 2.6218E-05 2.3886E-05 2.1957E-05 2.1189E-05 2.0030E-05 1.9647E-05 1.9375E-05
  80  2.1546E-05 2.1085E-05 1.9255E-05 1.7111E-05 1.5346E-05 1.4692E-05 1.4547E-05 1.4415E-05 1.4036E-05 1.4122E-05 1.4299E-05 1.4122E-05 1.3436E-05 1.2468E-05 1.1444E-05 1.1237E-05 1.0702E-05 1.0634E-05 1.0498E-05
  84  1.0159E-05 9.9311E-06 9.0184E-06 8.0889E-06 7.4540E-06 7.2293E-06 7.1642E-06 7.1729E-06 6.9634E-06 6.9853E-06 7.1049E-06 6.9343E-06 6.6558E-06 6.2748E-06 5.8483E-06 5.8098E-06 5.6037E-06 5.6795E-06 5.6495E-06
  88  4.4535E-06 4.3757E-06 4.0672E-06 3.7490E-06 3.5826E-06 3.4878E-06 3.5017E-06 3.4957E-06 3.4191E-06 3.4604E-06 3.4652E-06 3.3945E-06 3.2601E-06 3.1065E-06 2.9350E-06 2.9842E-06 2.9206E-06 3.0213E-06 3.0145E-06
  92  1.9187E-06 1.8950E-06 1.8168E-06 1.7242E-06 1.6937E-06 1.6854E-06 1.7057E-06 1.7160E-06 1.6913E-06 1.7156E-06 1.7154E-06 1.6941E-06 1.6449E-06 1.5889E-06 1.5064E-06 1.5369E-06 1.5195E-06 1.5847E-06 1.5863E-06
  96  8.1826E-07 8.1318E-07 7.9643E-07 7.7153E-07 7.7669E-07 7.8928E-07 8.0758E-07 8.2022E-07 8.1361E-07 8.3292E-07 8.3847E-07 8.2053E-07 8.0823E-07 7.8250E-07 7.4352E-07 7.6136E-07 7.6551E-07 8.0603E-07 8.0970E-07
 100  3.4883E-07 3.4666E-07 3.5393E-07 3.5569E-07 3.6457E-07 3.7306E-07 3.8227E-07 3.9093E-07 3.9349E-07 4.0379E-07 4.0552E-07 3.9530E-07 3.9146E-07 3.8247E-07 3.6671E-07 3.7579E-07 3.7531E-07 3.8900E-07 3.9164E-07
 104  1.5957E-07 1.5858E-07 1.6541E-07 1.6798E-07 1.7214E-07 1.7609E-07 1.8037E-07 1.8406E-07 1.8656E-07 1.9348E-07 1.9257E-07 1.8672E-07 1.8490E-07 1.8134E-07 1.7451E-07 1.8108E-07 1.8120E-07 1.8720E-07 1.8979E-07
 108  8.0310E-08 7.9812E-08 8.3398E-08 8.5001E-08 8.6185E-08 8.7368E-08 8.8503E-08 8.9904E-08 9.0990E-08 9.4528E-08 9.3616E-08 9.0772E-08 8.9889E-08 8.8596E-08 8.5536E-08 8.9479E-08 9.0101E-08 9.3490E-08 9.5528E-08
 112  4.3263E-08 4.2994E-08 4.4738E-08 4.5380E-08 4.5706E-08 4.5906E-08 4.6185E-08 4.6470E-08 4.6786E-08 4.8476E-08 4.8008E-08 4.6550E-08 4.6181E-08 4.5517E-08 4.4142E-08 4.6467E-08 4.7035E-08 4.9179E-08 5.0470E-08
 116  2.4462E-08 2.4310E-08 2.5250E-08 2.5465E-08 2.5551E-08 2.5513E-08 2.5616E-08 2.5669E-08 2.5688E-08 2.6561E-08 2.6304E-08 2.5552E-08 2.5296E-08 2.4978E-08 2.4267E-08 2.5445E-08 2.5960E-08 2.7264E-08 2.7980E-08
 120  1.4405E-08 1.4316E-08 1.4841E-08 1.4943E-08 1.4993E-08 1.4974E-08 1.5009E-08 1.4964E-08 1.4977E-08 1.5460E-08 1.5311E-08 1.4874E-08 1.4727E-08 1.4517E-08 1.4080E-08 1.4763E-08 1.5035E-08 1.5898E-08 1.6344E-08
 124  8.8458E-09 8.7909E-09 9.1490E-09 9.2158E-09 9.2467E-09 9.2103E-09 9.2201E-09 9.1958E-09 9.1794E-09 9.4624E-09 9.3871E-09 9.0948E-09 8.9798E-09 8.8395E-09 8.5615E-09 8.9924E-09 9.1707E-09 9.7172E-09 9.9934E-09
 128  5.7208E-09 5.6854E-09 5.9355E-09 5.9568E-09 5.9768E-09 5.9503E-09 5.9503E-09 5.9316E-09 5.9178E-09 6.0937E-09 6.0288E-09 5.8473E-09 5.7606E-09 5.6643E-09 5.4890E-09 5.7588E-09 5.8700E-09 6.2509E-09 6.4146E-09
