   MONTH = 8     CRISTA 2 + GRAM ZONAL MEAN OZONE
LAT=  90  80  70  60  50  40  30  20  10   0 -10 -20 -30 -40 -50 -60 -70 -80 -90
   0 2.0890E-02 2.1810E-02 2.3580E-02 2.5470E-02 2.9220E-02 3.1360E-02 3.0860E-02 3.0360E-02 3.0120E-02 3.0120E-02 3.0120E-02 2.9970E-02 2.9680E-02 2.9390E-02 2.5380E-02 1.9280E-02 1.7490E-02 1.5520E-02 1.3850E-02
   4 4.3430E-02 4.4030E-02 4.5140E-02 4.6260E-02 4.8330E-02 4.7110E-02 4.2790E-02 3.8740E-02 3.6880E-02 3.6880E-02 3.6880E-02 3.6960E-02 3.7110E-02 3.7270E-02 3.6190E-02 3.4100E-02 3.3390E-02 3.2530E-02 3.1740E-02
   8 9.3380E-02 9.3420E-02 9.3490E-02 9.3550E-02 9.3670E-02 8.2930E-02 6.5660E-02 5.1590E-02 4.5720E-02 4.5720E-02 4.5720E-02 5.2690E-02 6.9850E-02 9.2580E-02 1.0600E-01 1.0600E-01 1.0600E-01 1.0600E-01 1.0600E-01
  12 6.5290E-01 5.8680E-01 4.8420E-01 4.0150E-01 2.8650E-01 1.9450E-01 1.3670E-01 9.4950E-02 7.8960E-02 7.8960E-02 7.8960E-02 1.0950E-01 2.0590E-01 3.8700E-01 4.7780E-01 4.0660E-01 3.8410E-01 3.5810E-01 3.3490E-01
  16 1.1450E+00 1.0730E+00 8.3430E-01 7.1525E-01 6.0305E-01 3.5305E-01 2.1980E-01 4.7505E-01 1.0540E-01 1.0551E-01 2.7630E-01 1.5034E-01 3.0845E-01 5.9250E-01 1.1100E+00 1.3970E+00 1.2880E+00 1.7210E+00 1.8700E+00
  20 2.2450E+00 2.2210E+00 2.3760E+00 2.2090E+00 2.0760E+00 1.6740E+00 1.4010E+00 1.1170E+00 1.1000E+00 1.0080E+00 9.4880E-01 1.3770E+00 2.0800E+00 2.3930E+00 3.6130E+00 3.1670E+00 2.4420E+00 4.1030E+00 4.3750E+00
  24 4.3710E+00 4.3330E+00 3.4140E+00 3.9130E+00 4.3800E+00 4.6280E+00 4.5700E+00 4.5390E+00 4.6300E+00 4.4890E+00 4.3520E+00 4.7690E+00 5.0580E+00 4.9850E+00 4.7870E+00 5.0120E+00 4.7120E+00 4.3410E+00 4.2600E+00
  28 4.1640E+00 4.2830E+00 4.3800E+00 5.3100E+00 6.1890E+00 7.0050E+00 7.7220E+00 8.1350E+00 8.3910E+00 8.2600E+00 7.6220E+00 6.8470E+00 6.2510E+00 5.7360E+00 5.3740E+00 4.7060E+00 4.8410E+00 5.1900E+00 5.1660E+00
  32 3.7540E+00 3.9310E+00 5.0170E+00 6.0430E+00 6.8250E+00 7.5180E+00 8.1370E+00 8.7910E+00 9.4100E+00 9.4070E+00 8.5960E+00 7.3040E+00 6.6330E+00 6.4340E+00 6.1090E+00 5.0660E+00 4.3660E+00 5.1080E+00 5.0880E+00
  36 4.5420E+00 4.7270E+00 5.3330E+00 6.2650E+00 6.8240E+00 7.2180E+00 7.4410E+00 7.6430E+00 7.9830E+00 8.0510E+00 7.7020E+00 7.1150E+00 6.7320E+00 6.4730E+00 5.9870E+00 4.8520E+00 4.3510E+00 5.1570E+00 5.4280E+00
  40 4.8310E+00 4.9380E+00 5.1280E+00 5.4730E+00 5.7010E+00 5.9860E+00 6.0040E+00 5.9220E+00 5.8370E+00 5.8620E+00 5.9790E+00 5.9460E+00 5.9940E+00 5.8050E+00 5.1500E+00 4.1570E+00 3.8000E+00 4.9510E+00 5.3770E+00
  44 3.9750E+00 4.0180E+00 4.1620E+00 3.9670E+00 3.9900E+00 4.1880E+00 4.2050E+00 4.0740E+00 3.9640E+00 3.9350E+00 3.9890E+00 4.0230E+00 4.2400E+00 4.2990E+00 3.8340E+00 3.1440E+00 2.8920E+00 3.6950E+00 3.9470E+00
  48 2.7670E+00 2.7880E+00 2.8650E+00 2.7660E+00 2.7590E+00 2.8940E+00 2.9190E+00 2.8050E+00 2.6710E+00 2.6610E+00 2.7010E+00 2.7630E+00 2.9010E+00 3.0170E+00 2.7160E+00 2.2520E+00 2.0760E+00 2.3720E+00 2.4240E+00
  52 1.8950E+00 1.9100E+00 1.9670E+00 1.8410E+00 1.8430E+00 1.9730E+00 1.9600E+00 1.8170E+00 1.7560E+00 1.7740E+00 1.8200E+00 1.8430E+00 1.9400E+00 1.9650E+00 1.7890E+00 1.5080E+00 1.4390E+00 1.6120E+00 1.6070E+00
  56 1.3870E+00 1.4000E+00 1.4000E+00 1.3145E+00 1.3730E+00 1.3990E+00 1.3775E+00 1.3495E+00 1.3210E+00 1.3010E+00 1.3890E+00 1.4260E+00 1.4510E+00 1.4070E+00 1.2700E+00 1.0780E+00 1.0610E+00 1.0510E+00 1.0120E+00
  60 1.0510E+00 1.0560E+00 1.0790E+00 1.1040E+00 1.1250E+00 1.1250E+00 1.0950E+00 1.0710E+00 1.0540E+00 1.0540E+00 1.0660E+00 1.0760E+00 1.0660E+00 9.9860E-01 9.0090E-01 8.1390E-01 7.4080E-01 6.0520E-01 5.5200E-01
  64 7.3670E-01 7.3710E-01 7.3800E-01 7.3160E-01 7.1400E-01 6.8100E-01 6.5140E-01 6.4220E-01 6.4990E-01 6.4850E-01 6.3960E-01 6.4190E-01 6.3800E-01 6.0870E-01 5.6320E-01 5.1610E-01 4.7830E-01 4.0920E-01 3.7840E-01
  68 4.9210E-01 4.8580E-01 4.5580E-01 4.2680E-01 4.0040E-01 3.6340E-01 3.4330E-01 3.3600E-01 3.4620E-01 3.5110E-01 3.4920E-01 3.5660E-01 3.7090E-01 3.5530E-01 3.3090E-01 3.1820E-01 3.1470E-01 2.9660E-01 2.9130E-01
  72 2.9270E-01 2.8560E-01 2.5440E-01 2.3730E-01 2.1490E-01 1.9470E-01 1.8880E-01 1.9550E-01 1.9300E-01 1.8960E-01 1.8910E-01 1.9240E-01 1.8710E-01 1.7380E-01 1.8620E-01 2.2830E-01 2.5330E-01 2.6770E-01 2.6460E-01
  76 1.7360E-01 1.7070E-01 1.5940E-01 1.4810E-01 1.3970E-01 1.3550E-01 1.3610E-01 1.4240E-01 1.3640E-01 1.3450E-01 1.3760E-01 1.5800E-01 1.8810E-01 2.0810E-01 2.1700E-01 2.5200E-01 3.2260E-01 2.6370E-01 2.1980E-01
  80 1.2830E-01 1.3050E-01 1.3980E-01 1.5870E-01 1.8130E-01 2.1140E-01 2.4150E-01 2.6800E-01 2.6580E-01 2.7530E-01 2.8760E-01 3.0000E-01 2.9260E-01 2.7870E-01 2.5650E-01 2.5060E-01 2.8740E-01 2.5040E-01 2.3230E-01
  84 1.7510E-01 1.8790E-01 2.6500E-01 3.4090E-01 3.6660E-01 3.9400E-01 4.1550E-01 4.0740E-01 3.8570E-01 3.7830E-01 3.7870E-01 3.8710E-01 4.1160E-01 4.2980E-01 4.2310E-01 4.0560E-01 3.8210E-01 3.9010E-01 4.1010E-01
  88 8.6140E-01 8.3590E-01 7.9170E-01 7.5060E-01 6.8220E-01 6.1510E-01 5.6290E-01 5.1360E-01 4.9080E-01 4.9080E-01 4.9080E-01 5.1560E-01 5.6940E-01 6.2870E-01 6.8870E-01 7.4600E-01 7.6720E-01 7.9440E-01 8.2140E-01
  92 9.3730E-01 9.1000E-01 8.6270E-01 8.1860E-01 7.4530E-01 6.6300E-01 5.9040E-01 5.2370E-01 4.9340E-01 4.9340E-01 4.9340E-01 5.3140E-01 6.1670E-01 7.1560E-01 7.7040E-01 7.7260E-01 7.7340E-01 7.7440E-01 7.7530E-01
  96 7.3300E-01 7.1900E-01 6.9430E-01 6.7080E-01 6.3080E-01 5.8040E-01 5.3120E-01 4.8480E-01 4.6330E-01 4.6330E-01 4.6330E-01 4.9310E-01 5.5880E-01 6.3320E-01 6.7360E-01 6.7480E-01 6.7520E-01 6.7570E-01 6.7620E-01
 100 3.8960E-01 3.8960E-01 3.8960E-01 3.8960E-01 3.8960E-01 3.8960E-01 3.8960E-01 3.8960E-01 3.8960E-01 3.8960E-01 3.8960E-01 3.8960E-01 3.8960E-01 3.8960E-01 3.8960E-01 3.8960E-01 3.8960E-01 3.8960E-01 3.8960E-01
 104 2.2500E-01 2.2500E-01 2.2500E-01 2.2500E-01 2.2500E-01 2.2500E-01 2.2500E-01 2.2500E-01 2.2500E-01 2.2500E-01 2.2500E-01 2.2500E-01 2.2500E-01 2.2500E-01 2.2500E-01 2.2500E-01 2.2500E-01 2.2500E-01 2.2500E-01
 108 8.5690E-02 8.5690E-02 8.5690E-02 8.5690E-02 8.5690E-02 8.5690E-02 8.5690E-02 8.5690E-02 8.5690E-02 8.5690E-02 8.5690E-02 8.5690E-02 8.5690E-02 8.5690E-02 8.5690E-02 8.5690E-02 8.5690E-02 8.5690E-02 8.5690E-02
 112 1.9700E-02 1.9700E-02 1.9700E-02 1.9700E-02 1.9700E-02 1.9700E-02 1.9700E-02 1.9700E-02 1.9700E-02 1.9700E-02 1.9700E-02 1.9700E-02 1.9700E-02 1.9700E-02 1.9700E-02 1.9700E-02 1.9700E-02 1.9700E-02 1.9700E-02
 116 3.1380E-03 3.1380E-03 3.1380E-03 3.1380E-03 3.1380E-03 3.1380E-03 3.1380E-03 3.1380E-03 3.1380E-03 3.1380E-03 3.1380E-03 3.1380E-03 3.1380E-03 3.1380E-03 3.1380E-03 3.1380E-03 3.1380E-03 3.1380E-03 3.1380E-03
 120 0.0000E+00 0.0000E+00 0.0000E+00 0.0000E+00 0.0000E+00 0.0000E+00 0.0000E+00 0.0000E+00 0.0000E+00 0.0000E+00 0.0000E+00 0.0000E+00 0.0000E+00 0.0000E+00 0.0000E+00 0.0000E+00 0.0000E+00 0.0000E+00 0.0000E+00
 124 0.0000E+00 0.0000E+00 0.0000E+00 0.0000E+00 0.0000E+00 0.0000E+00 0.0000E+00 0.0000E+00 0.0000E+00 0.0000E+00 0.0000E+00 0.0000E+00 0.0000E+00 0.0000E+00 0.0000E+00 0.0000E+00 0.0000E+00 0.0000E+00 0.0000E+00
 128 0.0000E+00 0.0000E+00 0.0000E+00 0.0000E+00 0.0000E+00 0.0000E+00 0.0000E+00 0.0000E+00 0.0000E+00 0.0000E+00 0.0000E+00 0.0000E+00 0.0000E+00 0.0000E+00 0.0000E+00 0.0000E+00 0.0000E+00 0.0000E+00 0.0000E+00
