        MONTH = 8     CRISTA 2 + UKMO + GRAm ZONAL MEAN WIND (calc.)
LAT=  90  80  70  60  50  40  30  20  10   0 -10 -20 -30 -40 -50 -60 -70 -80 -90
   0   0   0   0   0   0   0   0   0   0   0   0   0   0   0   0   0   0   0   0
   4   0   4   5   3   4   2   0   1   0   0   1   4  10  11  10   8   3   0   0
   8   0   7   9   6  11   9   5   3  -1   2   7  20  27  22  19  16   8   2   0
  12   0   7  10   8  13  13   7   0  -6   2  11  28  34  27  26  23  14   5   0
  16   0   5   6   6  11  11   4  -3 -10   0  11  27  33  28  32  32  22   9   0
  20   0   2   3   2   2   0  -4 -10 -12  -2   7  13  19  26  37  43  32  13   0
  24   0   1   0  -1  -3  -7 -13 -16 -16  -6   2   5  12  25  43  52  42  18   0
  28   0   0  -1  -3  -7 -12 -18 -23 -24 -13  -3   1  10  27  49  59  48  22   0
  32   0  -1  -3  -5  -9 -15 -22 -30 -35 -23 -11   0  11  30  53  62  51  25   0
  36   0  -3  -5  -6 -11 -18 -25 -35 -43 -29 -14  -1  13  31  54  63  50  25   0
  40   0  -5  -7  -8 -14 -21 -28 -39 -47 -30 -14   1  16  33  53  61  47  24   0
  44   0  -7  -9 -10 -17 -25 -31 -39 -45 -28 -10   6  22  35  51  57  44  22   0
  48   0  -9 -12 -13 -20 -28 -32 -36 -38 -21  -5  13  29  38  48  53  42  21   0
  52   0 -10 -15 -17 -25 -33 -32 -28 -27 -14   0  21  35  41  45  47  38  19   0
  56   0 -13 -20 -23 -31 -37 -30 -20 -19  -8   3  28  42  44  41  40  33  17   0
  60   0 -15 -26 -31 -38 -39 -24 -14 -16  -6   3  31  46  47  37  32  25  12   0
  64   0 -18 -32 -39 -44 -36 -19 -13 -16  -6   4  32  48  47  32  24  18   8   0
  68   0 -20 -38 -46 -46 -30 -14 -15 -16  -5   4  29  46  44  26  18  13   5   0
  72   0 -22 -41 -49 -43 -24 -12 -18 -19  -8   2  26  40  38  20  12   8   2   0
  76   0 -22 -41 -46 -36 -19 -11 -21 -23 -11   1  23  32  31  14   7   3   0   0
  80   0 -19 -36 -37 -27 -14  -8 -20 -23 -10   1  20  24  25   8   1  -1  -4   0
  84   0 -14 -26 -24 -15  -6  -2 -13 -14  -6   3  16  18  18   4   0  -1  -4   1
  88   0  -8 -15  -9   0   6   8  -1  -2  -1   3  12  14  13   1   1   3   0   3
  92   0  -2  -5   5  15  23  23  13   7   0   1  10  12   7   0   6  12   7   6
  96   0   0   1  14  26  35  35  25  15   3   0   7   9   2  -3   7  16  11   7
 100   0   1   3  17  29  39  39  31  18   4  -1   3   4  -3  -8   4  13   9   6
 104   0   1   4  15  25  35  36  31  18   3  -4  -3  -4 -11 -13  -3   5   4   3
 108   0   1   5  15  23  31  33  31  19   1  -9 -13 -14 -18 -19 -10  -2   0   1
 112  -1   1   9  16  23  29  32  32  21   1 -14 -22 -22 -24 -23 -16 -10  -3   0
 116  -1   2  12  18  24  29  33  35  24   3 -16 -27 -27 -27 -25 -20 -15  -5   0
 120  -1   2  14  19  24  29  33  36  25   4 -16 -27 -28 -27 -25 -21 -18  -5   0
 124  -1   2  15  18  23  26  30  32  23   4 -13 -24 -26 -25 -24 -21 -19  -4   0
 128  -1   2  15  17  21  23  25  27  18   4  -9 -19 -22 -22 -22 -21 -19  -2   2
