   1   513024    -0.99469092635842         0.99989925045671    
   2   512242    -0.98408920743749         0.99971212223545    
   3   512854    -0.97350094662130         0.99952078665800    
   4   512225    -0.96292987112019         0.99932374489996    
   5   510531    -0.95238186419643         0.99910817615074    
   6   510858    -0.94183246937722         0.99891305922831    
   7   511093    -0.93137403557665         0.99867111534940    
   8   510544    -0.92084893635198         0.99846264588019    
   9   508845    -0.91032650851478         0.99823668711651    
  10   510448    -0.89992503851444         0.99797786736838    
  11   509522    -0.88950645776352         0.99772822903040    
  12   509582    -0.87911233400868         0.99749548755546    
  13   505024    -0.86855480117440         0.99720909176679    
  14   508838    -0.85842636064651         0.99692597230280    
  15   509082    -0.84795635899322         0.99665766804554    
  16   508722    -0.83749142551477         0.99633175528316    
  17   505258    -0.82713277141515         0.99603307167498    
  18   506955    -0.81683098282413         0.99572455113266    
  19   506420    -0.80681238138587         0.99543135076718    
  20   506867    -0.79643074831245         0.99502300660419    
  21   505028    -0.78595975650060         0.99469885087306    
  22   505397    -0.77572197715394         0.99431993756831    
  23   505707    -0.76546071956773         0.99391434913973    
  24   507201    -0.75511780902235         0.99352268805482    
  25   503727    -0.74510921941585         0.99312011844412    
  26   503937    -0.73479712753155         0.99270925705158    
  27   503332    -0.72476617185124         0.99219025421681    
  28   504338    -0.71443781639875         0.99175734136673    
  29   501391    -0.70432996883537         0.99130005949040    
  30   502322    -0.69430426695113         0.99080249942361    
  31   504964    -0.68420879942254         0.99024269225613    
  32   502109    -0.67411261364618         0.98967529740710    
  33   503180    -0.66384975247807         0.98913965941931    
  34   500373    -0.65359890147550         0.98850843147316    
  35   501273    -0.64363267976369         0.98788358249913    
  36   502069    -0.63372409577576         0.98723294589804    
  37   502559    -0.62349134558992         0.98650866867849    
  38   499816    -0.61342263079764         0.98584766196806    
  39   501117    -0.60339024210220         0.98507012662708    
  40   500373    -0.59339465656055         0.98434183376818    
  41   500512    -0.58362511427892         0.98346229956477    
  42   499941    -0.57317323876854         0.98256697717439    
  43   499996    -0.56330658661396         0.98165827880701    
  44   499722    -0.55376158992706         0.98082942454310    
  45   499351    -0.54358298283527         0.97972166401726    
  46   500271    -0.53372995259811         0.97868285033033    
  47   497839    -0.52366833437824         0.97762342437134    
  48   498942    -0.51326449695486         0.97638652920326    
  49   500903    -0.50362154755688         0.97517214208202    
  50   497102    -0.49407901983075         0.97383000016142    
  51   496776    -0.48362124038237         0.97230253833705    
  52   499261    -0.47363592993655         0.97086620844770    
  53   498118    -0.46399291403421         0.96948062556655    
  54   496516    -0.45399634976179         0.96776398547943    
  55   499483    -0.44416546058545         0.96608249082810    
  56   497590    -0.43455528942680         0.96415490478087    
  57   494691    -0.42431331826120         0.96211457124883    
  58   498503    -0.41439896333976         0.96011741529994    
  59   498386    -0.40460458057753         0.95783273596878    
  60   495492    -0.39500495529690         0.95537648339601    
  61   494872    -0.38511686162397         0.95261254461523    
  62   496320    -0.37550786126842         0.95018789695275    
  63   496482    -0.36552073767501         0.94712876539827    
  64   497027    -0.35586776585298         0.94387872175754    
  65   495357    -0.34580668561997         0.94073306209386    
  66   496093    -0.33587345412359         0.93654096635678    
  67   495110    -0.32627372576258         0.93251989330680    
  68   495540    -0.31592215945308         0.92793534135221    
  69   495961    -0.30659319693459         0.92363932927313    
  70   497338    -0.29699647939988         0.91842864578064    
  71   493960    -0.28731510475092         0.91251286712650    
  72   493515    -0.27693001822582         0.90629658990813    
  73   494953    -0.26754013460597         0.89962837943315    
  74   495665    -0.25752310256149         0.89225612225555    
  75   496000    -0.24790603058830         0.88421625958423    
  76   491837    -0.23784266484479         0.87459114464715    
  77   494318    -0.22856422661840         0.86547127017165    
  78   495291    -0.21878307439752         0.85384596295382    
  79   493886    -0.20892723132277         0.84176239880573    
  80   495075    -0.19921484407767         0.82779393603665    
  81   494554    -0.18960526864557         0.81334264995182    
  82   495068    -0.17951322100211         0.79550912270215    
  83   493664    -0.16995232501437         0.77568533493156    
  84   495444    -0.16058972893387         0.75557869766522    
  85   493752    -0.15034569956014         0.73043737859907    
  86   494369    -0.14077649758772         0.70224403032706    
  87   493018    -0.13124356800131         0.67190108395060    
  88   494158    -0.12154728338863         0.63641960055466    
  89   494021    -0.11161464018268         0.59587399071679    
  90   492306    -0.10197503651613         0.55010970545594    
  91   495188    -0.91722153020422E-01     0.49728467451084    
  92   492791    -0.82511927023184E-01     0.44432486421401    
  93   491721    -0.73139501453696E-01     0.38570137196350    
  94   495627    -0.62678699466092E-01     0.31491138575921    
  95   494585    -0.53416153134404E-01     0.25014352607412    
  96   491725    -0.43707497899784E-01     0.18252351116675    
  97   493061    -0.34026128436198E-01     0.11903178985595    
  98   494836    -0.24069508323170E-01     0.63065995787243E-01
  99   493477    -0.14635944109401E-01     0.24390526754730E-01
 100   493331    -0.51907629946582E-02     0.31244165734346E-02
 101   495142     0.49629152539146E-02     0.29310419367534E-02
 102   493999     0.14579569890734E-01     0.24186576013702E-01
 103   493705     0.24352629458038E-01     0.64634844757667E-01
 104   494272     0.34082216863869E-01     0.11936778642812    
 105   490547     0.43424163593307E-01     0.18097723599439    
 106   491947     0.53799440652784E-01     0.25360086015955    
 107   495517     0.62965326418860E-01     0.31679073337285    
 108   495234     0.72798496799094E-01     0.38216774786211    
 109   492194     0.82447442388533E-01     0.44487554836644    
 110   495126     0.92124994200256E-01     0.49937820587103    
 111   494913     0.10178333698757         0.54755099276099    
 112   493707     0.11187950550036         0.59661863634283    
 113   494220     0.12139424648475         0.63593389938954    
 114   493788     0.13119492774726         0.67101006413796    
 115   495450     0.14113976229258         0.70311013144611    
 116   493349     0.15068470255501         0.73076358506379    
 117   493299     0.16036297684325         0.75404462225768    
 118   494807     0.17039068075883         0.77697196967185    
 119   494921     0.17947145148048         0.79416401345629    
 120   494629     0.18973098151478         0.81273625681440    
 121   493322     0.19942017713591         0.82771035742817    
 122   493948     0.20899169508221         0.84094443811625    
 123   493414     0.21834962486085         0.85372913072859    
 124   492966     0.22853159138870         0.86472478256742    
 125   494764     0.23835881476234         0.87441032709771    
 126   495986     0.24781242926122         0.88378938385182    
 127   495322     0.25787035397957         0.89183328487283    
 128   492711     0.26755587776702         0.89915157371731    
 129   494489     0.27729800717750         0.90619567950510    
 130   496943     0.28717293345997         0.91218566344744    
 131   495529     0.29682929866431         0.91811416316047    
 132   496473     0.30631745821991         0.92321241030830    
 133   494415     0.31651010910147         0.92778128919587    
 134   496812     0.32602064398483         0.93240636604420    
 135   495952     0.33616769920942         0.93628143370615    
 136   494525     0.34607257759395         0.93998716717170    
 137   495856     0.35554455611384         0.94355463688740    
 138   495931     0.36529213580254         0.94672542232802    
 139   497918     0.37528097699826         0.94967945244639    
 140   496264     0.38546280316543         0.95288793985615    
 141   497959     0.39482430213156         0.95514872453544    
 142   495945     0.40452251706875         0.95742308127821    
 143   497421     0.41449955336019         0.95996038660863    
 144   496110     0.42464529689147         0.96206377440867    
 145   496361     0.43440403727538         0.96395824596599    
 146   497133     0.44417174712138         0.96589825541143    
 147   498096     0.45421210887418         0.96775429545796    
 148   496584     0.46382360153559         0.96936304541756    
 149   501164     0.47395049041750         0.97088243561958    
 150   498549     0.48396392815220         0.97243079537382    
 151   497932     0.49360884835337         0.97375667443966    
 152   499013     0.50363387159299         0.97506956968144    
 153   498180     0.51381592862228         0.97639844026275    
 154   499309     0.52348584915925         0.97756447052490    
 155   499366     0.53352427884654         0.97864151843531    
 156   497977     0.54347759605786         0.97963128891393    
 157   499538     0.55343615770100         0.98074185790920    
 158   499055     0.56331752797077         0.98172312307950    
 159   498707     0.57350520794927         0.98258507003846    
 160   500819     0.58348298386121         0.98347118759029    
 161   502805     0.59342812849216         0.98426367331863    
 162   498196     0.60329354085265         0.98505513753214    
 163   501594     0.61361025401764         0.98593521759348    
 164   502947     0.62337929396299         0.98654802310947    
 165   500425     0.63356208807355         0.98715697386579    
 166   501611     0.64358229176357         0.98789478358033    
 167   502879     0.65377066586027         0.98853950198356    
 168   501232     0.66392165732424         0.98913691824542    
 169   502343     0.67382714209238         0.98975176124534    
 170   504377     0.68416641460464         0.99020360709514    
 171   504053     0.69427093429711         0.99082552658551    
 172   500209     0.70415199235768         0.99127361435328    
 173   506770     0.71454492112019         0.99179582813037    
 174   503914     0.72473657774497         0.99230166046144    
 175   502713     0.73498343965599         0.99266821846239    
 176   506847     0.74505085832868         0.99316608939968    
 177   503556     0.75525620442676         0.99352797386633    
 178   503667     0.76551506438444         0.99395877360199    
 179   503533     0.77581726489745         0.99432491257909    
 180   508344     0.78596880422871         0.99465911299244    
 181   507511     0.79636057969503         0.99507581069741    
 182   505692     0.80648384000231         0.99543480274311    
 183   505610     0.81704532121335         0.99573621740198    
 184   509620     0.82712978429415         0.99602871709459    
 185   506394     0.83749056019670         0.99636112210444    
 186   505116     0.84796247713375         0.99666686398505    
 187   510658     0.85832182509902         0.99693978190227    
 188   509227     0.86860330626787         0.99720887263586    
 189   507138     0.87907787063202         0.99748709255059    
 190   508372     0.88940576185085         0.99773161047265    
 191   509632     0.90006218388474         0.99799858576831    
 192   511223     0.91028050276959         0.99822804085349    
 193   508774     0.92084895706685         0.99846046505649    
 194   512357     0.93137445936652         0.99868840978245    
 195   511199     0.94185392400516         0.99890439470827    
 196   509258     0.95237823629070         0.99911590383157    
 197   513314     0.96291861722157         0.99931843555225    
 198   512705     0.97352475626005         0.99952021594488    
 199   511825     0.98409076813265         0.99971223480063    
 200   512997     0.99469074992061         0.99989892196589    
