       54000          41
  -6.28874005309694     
  -8.84572466217900     
   19.5495944185550     
       54000          41
   8.71683102653325     
   16.7426972269491     
   10.7644335551805     
       54000          41
  -8.49591790769119     
  -1.51084754246391     
   34.1573699421872     
       54000          41
   8.65656870549975     
  -1.17521043116365     
   36.5354330950230     
       54000          41
  -13.1702405517062     
  -17.0796487164352     
   28.5281801081831     
       54000          41
  -13.8178082766966     
  -11.8912738952455     
   35.9183228957065     
       54000          41
   13.4251044197005     
   9.73860476389608     
   37.0349284184863     
       54000          41
  -10.7043761282593     
  -3.82963681412990     
   36.3099418817669     
       54000          41
   8.73655271538819     
   13.6634707780932     
   19.1867283722496     
       54000          41
  0.823882328032796     
   1.58797136525236     
   8.40657775057960     
       54000          41
   4.75063793185799     
   5.50009747857953     
   21.2198516297801     
       54000          41
  -6.49409168615952     
  -1.17355304323858     
   30.9323555936228     
       54000          41
   1.29150789287777     
  0.225507784992048     
   21.2826768175026     
       54000          41
   5.54420723002492     
   8.81575682214899     
   16.2488622241585     
       54000          41
   13.0513470438728     
   6.50761272296078     
   38.8635044820277     
       54000          41
  -8.60601163243083     
  -12.8072391790020     
   20.4436705746756     
       54000          41
  -5.16752987731829     
   7.39399233296956     
   35.7116222499777     
       54000          41
   5.93703547091643     
   8.58144959697354     
   18.8298943601289     
       54000          41
  -1.75150495528885     
  -1.07728622808770     
   20.6526373646148     
       54000          41
   11.3443896451318     
   18.7152091207122     
   19.6270951053422     
       54000          41
   2.98329604746719     
   5.49356513725326     
   23.1642188444211     
       54000          41
 -0.431777407441208     
  -1.65717308019207     
   20.0605893124423     
       54000          41
  0.910443251366124     
   1.75445346031505     
   8.16341553541579     
       54000          41
  -8.95734000962555     
  -13.4989702062760     
   20.3578595078654     
       54000          41
   7.26981581714414     
   11.4504844359903     
   17.9631785747330     
       54000          41
   11.4584848981253     
   16.6923071491746     
   23.7309974626475     
       54000          41
   11.2995392407622     
   9.73522353488669     
   32.3433233552164     
       54000          41
  -13.6149532968852     
  -23.6834696671908     
   19.6997957171821     
       54000          41
  -9.16135188120064     
  -16.0631082066764     
   15.2019761722893     
       54000          41
   5.34109401272520     
   1.61792776642864     
   28.4287159342626     
       54000          41
   7.14823489569050     
   3.07823298156816     
   30.3388618519734     
       54000          41
   5.17026649429946     
   7.29564002676691     
   18.7081791541346     
       54000          41
   11.0637972216181     
  -1.07419879044867     
   40.4175064632435     
       54000          41
  -4.88633131748742     
  -8.50446647868586     
   12.9570729695678     
       54000          41
   9.40383906110723     
   16.7773728166839     
   14.7942560749745     
       54000          41
  -9.91585007710617     
  -2.99813127142823     
   35.5065781985951     
       54000          41
   1.47073310686747     
 -0.682089185821357     
   23.6495387682892     
       54000          41
  -9.17977146473766     
  -13.0395102446682     
   22.1469726346454     
       54000          41
  -16.2475005524484     
  -10.1938933441156     
   42.6915371912641     
       54000          41
  -14.3702162803117     
  -12.8384083239258     
   36.3274031888839     
       54000          41
   6.47243692034648     
   9.63219262383762     
   18.5927574708306     
       54000          41
   3.36733809678741     
   6.29807938405019     
   9.54575465341665     
       54000          41
   12.4415432215083     
   10.4440920044102     
   34.2178157523851     
       54000          41
   7.18066433039655     
   13.0363795068000     
   12.5179451648879     
       54000          41
 -0.756570874084933     
  -1.34986929103395     
   14.1875709588866     
       54000          41
   13.8559568107829     
   17.6012942407436     
   29.9581638005713     
       54000          41
  -14.0428714564638     
  -2.45779624986510     
   43.4469915259454     
       54000          41
   9.52809736549021     
   16.3879580506716     
   16.4166988641624     
       54000          41
   13.3447235530424     
   19.5465836746123     
   25.6970674184422     
       54000          41
   11.8705149334602     
   21.0041794220002     
   17.2873028234765     
       54000          41
  -8.05229436142488     
  -14.3186770618767     
   13.7991340756919     
       54000          41
  -5.27667700323753     
  -1.08637591027580     
   28.8204415734224     
       54000          41
  -6.10534978758283     
  -9.32987525823044     
   18.2265259385110     
       54000          41
  -13.6789593484589     
  -7.56071416527189     
   39.2578677198786     
       54000          41
 -0.293997574770803     
 -0.528414513820597     
   9.04016268619393     
       54000          41
  -13.2719191825494     
  -5.84006356996452     
   39.7236378687801     
       54000          41
  -6.65518932176100     
  -10.9455949486837     
   15.7864198152678     
       54000          41
   7.58030298616422     
   3.11100940271971     
   31.1354019214098     
       54000          41
  -8.75484101849827     
  -2.54666068095260     
   33.7568081871749     
       54000          41
  -3.34006330937766     
   3.58580840871182     
   30.3978157637166     
       54000          41
  -2.23510831478486     
  0.345929488750442     
   24.7192933158201     
       54000          41
  -12.1983737460626     
 -0.228453405820163     
   41.4855431553895     
       54000          41
  -7.21839305118577     
  -1.05722716610362     
   32.3113651117697     
       54000          41
   6.13516522624389     
   11.3458347732469     
   11.1032776291899     
       54000          41
   5.94335535135913     
   1.69896733582117     
   29.4774556259506     
       54000          41
   8.00589400180315     
   13.8043165528465     
   15.2057535462036     
       54000          41
   9.06224012565128     
   4.39465192811458     
   32.7773410136888     
       54000          41
   11.9647919663292     
   11.2961552117553     
   32.2530018016766     
       54000          41
  -1.06672926140512     
  -1.99261108477911     
   8.31582404789186     
       54000          41
   11.4196346730044     
   14.7210806118052     
   26.6267723583220     
       54000          41
   14.6062440798294     
   20.4428827706534     
   28.5444781036746     
       54000          41
  -13.9726020745813     
  -15.8243340457534     
   32.3048659882331     
       54000          41
   14.2235786327411     
   16.4182329493858     
   32.3900014692532     
       54000          41
   12.3328702754702     
   8.89636555406105     
   35.4128444326189     
       54000          41
  -7.53845706158273     
  -12.8417912369084     
   15.2079482249501     
       54000          41
  -11.6201204478504     
  -7.51795213887107     
   35.0584331740334     
       54000          41
   4.01108021245348     
 -0.227678384503705     
   28.0628735424697     
       54000          41
   8.11545610930881     
   3.37997809122434     
   31.9007191347844     
       54000          41
  -5.03036701346132     
  -8.02404717575566     
   16.4031138625906     
       54000          41
   13.9127978999142     
   17.7733097090418     
   29.9133122807637     
