01472198
01472199
01471875
01471980
01472810
01473900
01473169
01472620
01471000
01473000
01473120
01472157
01474000
01469700
01471510
01472000
01473500
01470779
01470960
01470853
01474500
01483700
01484000
01484100
01484300
01413088
01413398
01413500
01415000
01414500
01413408
01414000
01417000
01417500
01418500
01419500
01420500
01420000
01420980
01421000
01443280
01445000
01443500
01455500
01456000
01445500
01443900
01446000
01457000
01446500
01463620
01464000
01463500
01459500
01482500
01483000
01411456
01412800
01411500
01421618
01421900
01422000
01422500
01421610
01422389
01422738
01422747
01423000
01426000
01426500
01425000
01428500
01428000
01427500
01427207
01427510
01428750
01429500
