           0       10000
  -1.13969669107391D-002   2.69424351054432D-003   3.03290110708361D-003
  0.248228572418117        9.50630412549384D-002  -2.35089702289920D-002
  0.251736702099941       0.103131484679895       -3.46928324174354D-002
           0       10000
  -1.11436741394000D-002  -6.05382950659492D-004  -2.08778618245549D-003
  0.199380469944507       -6.16986323159004D-002   7.41403289381738D-003
  0.200311402385660       -6.35423272973379D-002   1.32495564564465D-002
           0       10000
  -1.13861691958297D-002  -2.86288915850854D-003  -3.32094961964489D-003
  0.315808814168259      -0.106096373679695        2.41536657370589D-002
  0.319800458281063      -0.116831753616489        4.02073706791130D-002
           0       10000
  -1.24933144971541D-002   8.55886934407687D-003   5.26066941304029D-004
 -0.152019844411982        3.78951095831633D-002 -0.126966835039184     
 -0.147728740497331        5.77838023789350D-003 -0.123080233018894     
           0       10000
  -1.09597360302062D-002  -5.90998285242606D-003   8.05654679659171D-004
   4.55470910420730D-002   1.26593232037458D-002   5.48324351487544D-002
   4.41616166656593D-002   9.74851131757886D-003   5.43879664593084D-002
           0       10000
  -1.10221980695699D-002   6.50515064247616D-003  -6.38369972941704D-004
   2.41105031824567D-002  -7.00263809960095D-003  -6.30560258136998D-002
   2.29109023311298D-002  -5.75739098484629D-003  -6.27712152854454D-002
           0       10000
  -9.38687868021301D-003   7.84123800141218D-003  -4.22267494085049D-003
  -1.78417557182561D-002 -0.110212688487764       -7.48603344051386D-002
  -3.09677033461038D-002 -0.113133132177078       -7.60271211822020D-002
           0       10000
  -1.12084980967361D-002  -1.34499499979807D-003  -2.13862575583401D-003
  0.222390593808148       -6.52716855104556D-002   1.28337412900332D-002
  0.223866736487457       -6.91073439948066D-002   1.97118386674535D-002
           0       10000
  -1.38104037888295D-002   8.37894416406770D-003   2.75508704423160D-003
 -0.118736591067469        9.61475616101061D-002 -0.121876928263595     
 -0.103720853953728        7.13377714161799D-002 -0.114787884371058     
           0       10000
  -1.81408018270219D-002   8.81418240931561D-003   9.71751927338036D-003
  -5.13907441448994D-002  0.272405117791140      -0.128046373372457     
  -1.02097503649973D-003  0.258921082649720      -0.117910706689959     
           0       10000
  -1.14622755989438D-002   3.48178063207386D-003   4.81814290132540D-003
  0.385318381113712       0.154760050067026       -3.02135435735151D-002
  0.392440882835375       0.171274545409908       -5.90593929089758D-002
           0       10000
  -1.45239095169202D-002  -8.30454057504543D-003  -9.50415496465248D-003
  0.159502547949047      -0.277664201384156        8.06294042154064D-002
  0.192594535578832      -0.294609933893544       0.100728430356415     
           0       10000
  -1.07977526042916D-002   4.98507474851496D-003  -1.45801691831502D-003
   7.20788375076109D-002  -3.28014983415915D-002  -4.30861898896144D-002
   6.98536722068186D-002  -2.86675717962494D-002  -4.18639227384816D-002
           0       10000
  -1.16571288893921D-002   3.14456852625002D-003   4.49833103170997D-003
  0.191107663389227       0.136127000353062       -3.02070652956499D-002
  0.197424868451481       0.143804972524871       -4.23902093264540D-002
           0       10000
  -1.01213332874307D-002   3.45889817559737D-003  -5.61397539166966D-003
  0.114979039124512      -0.155872734913081       -2.15334286256504D-002
  0.110318243549018      -0.151793940702384       -1.30544281730954D-002
           0       10000
  -1.61861520186334D-002   8.72211293691905D-003   8.10085618132692D-003
  -1.37342369525913D-002  0.233247088391294      -0.111188991843296     
   2.35941284832885D-002  0.227968028897027      -0.107315762531937     
           0       10000
  -1.18687081020378D-002   4.56383275049649D-003   5.14073018951873D-003
  0.278145861769062       0.161141382181010       -3.91233172797786D-002
  0.287625908580346       0.176323681158014       -6.04603707367411D-002
           0       10000
  -9.94237187054804D-003  -5.53408651920060D-003   4.23344368839049D-003
   5.90616768687713D-002  0.113123083989141        4.47326543521405D-002
   5.14543420003399D-002  0.109401969981471        4.16537855712075D-002
           0       10000
  -1.13960685400593D-002  -2.20337782091041D-003  -3.52174382947174D-003
  0.198401093995338      -0.106552012118530        2.14921582501572D-002
  0.202036200602395      -0.112208162345792        3.14399059362870D-002
           0       10000
  -1.18328709012617D-002   8.59183684529984D-003   2.55270624584697D-006
 -0.119298931811234        1.95075289061384D-002 -0.114792940454913     
 -0.118297346112177       -3.65161965177698D-003 -0.112956976833538     
