 1 741603 -0.9869210839487377 0.9971755372074902
 2 727507 -0.9621654139224387 0.9913927589264540
 3 711825 -0.9396920364156648 0.9857033974612169
 4 701965 -0.9183251570647769 0.9795903844713088
 5 690974 -0.8982748870281768 0.9733430761543749
 6 676531 -0.8794588223470134 0.9675090535537082
 7 664683 -0.8613836960094863 0.9611716601629955
 8 657416 -0.8439923981983310 0.9550383519463049
 9 649189 -0.8274742772583809 0.9488645853516152
 10 640837 -0.8113454176183231 0.9426544543528050
 11 632684 -0.7954912957856821 0.9360642364033340
 12 623280 -0.7805186422965005 0.9297283425320483
 13 617164 -0.7655398410260629 0.9232400975854279
 14 608208 -0.7519547149399581 0.9170196066309221
 15 602324 -0.7378168928824839 0.9102656876479278
 16 595617 -0.7241324267155170 0.9033914636902367
 17 589128 -0.7115016690437627 0.8968734021763627
 18 582149 -0.6981970570966940 0.8899456025021670
 19 575855 -0.6852994986126867 0.8831742684922207
 20 571673 -0.6728875670193114 0.8758082754502124
 21 567430 -0.6611201679928074 0.8687738583874588
 22 561628 -0.6493883462914767 0.8617435889904701
 23 554128 -0.6383742139033316 0.8550031463119694
 24 550383 -0.6260613050847332 0.8465798147946015
 25 545267 -0.6154914008328094 0.8394461149235818
 26 540449 -0.6046944352987429 0.8324095636365624
 27 535266 -0.5928780503570984 0.8229210614833674
 28 532972 -0.5825269318429643 0.8158974096440753
 29 529037 -0.5717743413144394 0.8069625289221097
 30 523452 -0.5620417568170930 0.7988111541240330
 31 520109 -0.5516486267311793 0.7900398320739349
 32 517933 -0.5418363372354656 0.7817962668883597
 33 515710 -0.5321099253026371 0.7747603880943258
 34 511366 -0.5221904691273577 0.7646083088908557
 35 507881 -0.5130063593773991 0.7567675604269606
 36 504540 -0.5028311789480818 0.7469819293078573
 37 501370 -0.4927017918296704 0.7371548994136999
 38 499690 -0.4836777549109577 0.7280679076363145
 39 496120 -0.4750673765727662 0.7189394606935882
 40 493272 -0.4662186089008975 0.7088791785386952
 41 489074 -0.4573469241288217 0.6993908882862588
 42 486736 -0.4480799913127984 0.6908436143449740
 43 483160 -0.4385764285123498 0.6783887918800578
 44 481673 -0.4292833291675852 0.6677319650942264
 45 478723 -0.4211386163997882 0.6563277703001499
 46 477202 -0.4128690099375604 0.6459536980986476
 47 474058 -0.4035489889739582 0.6334124537265680
 48 471360 -0.3946210379289325 0.6222207050404247
 49 470343 -0.3861960264822865 0.6117579379294046
 50 468094 -0.3783982616177596 0.6006383927926789
 51 466121 -0.3691923582122993 0.5877225117306077
 52 463604 -0.3618859643837221 0.5752050637797997
 53 462940 -0.3536442694547026 0.5648486153288534
 54 460705 -0.3463930177925193 0.5520523222092318
 55 458896 -0.3366113837769658 0.5357614955832722
 56 456856 -0.3291853656452491 0.5253297187657783
 57 454991 -0.3210404308371132 0.5119590510041501
 58 454152 -0.3134663855921119 0.4996515745843786
 59 451069 -0.3047822903804297 0.4828267951082363
 60 450068 -0.2970069246634665 0.4696124691916980
 61 447214 -0.2892311097890163 0.4567260431920464
 62 446528 -0.2820217050226644 0.4430020277146278
 63 445166 -0.2734215058852567 0.4255330963213249
 64 444530 -0.2659861825752386 0.4127131035505368
 65 443328 -0.2583260723813367 0.3984122399889307
 66 442445 -0.2506620061193789 0.3821393380620315
 67 440656 -0.2443262222601238 0.3703409616339980
 68 439661 -0.2350735328698128 0.3512730210432333
 69 440241 -0.2276913985915882 0.3377080579851384
 70 438284 -0.2198270034903548 0.3195031838220926
 71 436093 -0.2131768045213315 0.3052071803229884
 72 435363 -0.2055944771960253 0.2897609357226058
 73 434395 -0.1980829086875074 0.2748701980255051
 74 434859 -0.1909720134590048 0.2598247847338337
 75 432387 -0.1832786526111121 0.2452722925789217
 76 432068 -0.1762731519045069 0.2302666610973967
 77 431206 -0.1681756052481635 0.2146924585196659
 78 428948 -0.1617179622249978 0.2013532245959963
 79 429314 -0.1548373424766473 0.1877089197602892
 80 428594 -0.1469051393918894 0.1714048857530034
 81 428530 -0.1402696276837015 0.1586805312915856
 82 426523 -0.1332145070815871 0.1448189005351760
 83 426649 -0.1254628078486905 0.1299815627535804
 84 427514 -0.1174695204255763 0.1168300625632408
 85 426406 -0.1103504551105311 0.1042090737109056
 86 425197 -0.1030853759791059 9.175771905452565E-02
 87 424839 -9.634774240508223E-02 8.108525439778964E-02
 88 424595 -8.951510704955759E-02 7.045085280351579E-02
 89 423854 -8.266353420648156E-02 6.132607164001003E-02
 90 424070 -7.500208074860369E-02 5.051570173642016E-02
 91 423918 -6.806756980612055E-02 4.271943082030594E-02
 92 424467 -6.038492632059808E-02 3.375462891030009E-02
 93 423380 -5.403454533495385E-02 2.748981077058434E-02
 94 422900 -4.719904040441073E-02 2.091336731011103E-02
 95 423373 -3.944375743121001E-02 1.467114259135128E-02
 96 423251 -3.319642130592523E-02 1.031969201728576E-02
 97 422955 -2.656954279204108E-02 6.787282984134612E-03
 98 421950 -1.809534472959555E-02 3.118513678852190E-03
 99 423032 -1.100711383768614E-02 1.103331262293399E-03
 100 423504 -5.063369464376993E-03 2.696312459854033E-04
 101 421300 1.963214929766625E-03 2.725390275924169E-05
 102 421044 9.881154240042095E-03 8.812324352468126E-04
 103 421885 1.673356200231442E-02 2.533917031570726E-03
 104 422566 2.350404742695621E-02 5.114632486795457E-03
 105 422040 3.127662448056605E-02 9.006032612033001E-03
 106 423922 3.857022304477598E-02 1.377087497753903E-02
 107 423019 4.539802923058553E-02 1.895507078641764E-02
 108 424610 5.270858872538257E-02 2.547003113698611E-02
 109 425209 5.984357797391724E-02 3.249923655251191E-02
 110 423466 6.694026210460513E-02 4.079309611453058E-02
 111 423933 7.322073788999142E-02 4.853484255431698E-02
 112 424335 8.052102315804349E-02 5.771299799807744E-02
 113 426017 8.792523770691668E-02 6.766933992910208E-02
 114 426497 9.536219566113237E-02 7.942469242690242E-02
 115 427073 0.1020979059605793 9.007675920128499E-02
 116 426146 0.1102121260739389 0.1033760128347993
 117 425580 0.1162780710812934 0.1140139292139806
 118 427439 0.1241455297429476 0.1273028527598028
 119 429117 0.1311217530685942 0.1405912527186716
 120 427707 0.1391546896014886 0.1550283506987465
 121 429486 0.1457243555133461 0.1684684157974917
 122 430767 0.1533605414121701 0.1830559016011420
 123 431071 0.1609122924413725 0.2000505291501621
 124 431430 0.1679962770338785 0.2132321040687473
 125 433342 0.1755697554678232 0.2294240629766450
 126 433747 0.1826207604403497 0.2438628780121392
 127 434312 0.1899871941289133 0.2574609505438690
 128 434118 0.1976721054241742 0.2741321725823825
 129 435859 0.2037541788206099 0.2869208153792113
 130 437237 0.2120525123968056 0.3044154584297286
 131 439065 0.2201939195626735 0.3204524208641594
 132 438893 0.2270525774192082 0.3339757131805373
 133 440683 0.2350365142308119 0.3516060379449151
 134 441400 0.2428580271859846 0.3664507933976710
 135 443187 0.2508405840228653 0.3810299047588847
 136 444176 0.2580886315614642 0.3957944415763458
 137 444367 0.2646557447704517 0.4094042114890802
 138 446865 0.2726252804580254 0.4242730418465284
 139 449528 0.2808460713376740 0.4401478593500421
 140 450910 0.2885792058949548 0.4539446797179629
 141 450670 0.2948576427736814 0.4651627909104218
 142 453311 0.3038327523641354 0.4821936877954308
 143 454517 0.3116705170878117 0.4953143436855443
 144 456401 0.3194333897018325 0.5079948053871525
 145 457621 0.3279054570631025 0.5206743910386448
 146 458704 0.3366012302031045 0.5368769670197979
 147 460050 0.3447894559209302 0.5494836229608112
 148 461949 0.3523954184141092 0.5622035350056523
 149 464740 0.3604650603240568 0.5737663136522175
 150 465537 0.3691098041516627 0.5866722086410284
 151 469964 0.3774655017327032 0.5987078034724359
 152 471389 0.3860641115495550 0.6094925625146932
 153 472382 0.3940220394990296 0.6208125648110987
 154 476669 0.4032834635026726 0.6342647521265334
 155 478935 0.4111721083846351 0.6447704872928952
 156 479797 0.4204867612813932 0.6560381770970225
 157 482624 0.4293451085799759 0.6672401458922292
 158 486395 0.4381163047939644 0.6784507469383889
 159 487142 0.4465913031550776 0.6875583828403847
 160 489294 0.4551265867866949 0.6983314925335059
 161 492598 0.4650277317442980 0.7090610575423325
 162 496099 0.4737551232388132 0.7175538440808845
 163 498385 0.4836110982420659 0.7290114995895482
 164 502554 0.4936088905660462 0.7405096527653146
 165 504580 0.5030064293544894 0.7482304584387948
 166 509513 0.5123677265452145 0.7572440268968323
 167 510745 0.5220875956685751 0.7659461372118723
 168 517036 0.5325786199005252 0.7754576258213220
 169 518964 0.5416112858994612 0.7827430489484076
 170 523174 0.5516303693112565 0.7918780306699146
 171 525262 0.5623504399165722 0.8000480792671436
 172 530806 0.5725943364554692 0.8080069207821318
 173 533238 0.5836145184666092 0.8162105128145239
 174 539135 0.5937597515381949 0.8247765860671323
 175 543226 0.6046756942385090 0.8321469731648552
 176 547784 0.6155181049628844 0.8393367373191893
 177 550414 0.6268703508319136 0.8466179248610594
 178 556820 0.6380441354820050 0.8544286275689712
 179 561637 0.6498084246101588 0.8609642810646413
 180 565451 0.6615941670020030 0.8687748721512075
 181 571725 0.6742369991373621 0.8764265591863787
 182 577605 0.6857850003790114 0.8824836407855637
 183 583369 0.6992582240232702 0.8904057030243363
 184 589480 0.7119577519199484 0.8967940738832567
 185 596511 0.7249149333985431 0.9032591872148165
 186 602200 0.7384615304760415 0.9103416034614223
 187 608152 0.7522748477883614 0.9170118676608719
 188 615931 0.7667306379103910 0.9231826863986471
 189 623997 0.7810687890284570 0.9295655829168893
 190 632261 0.7956066957921945 0.9355345187520258
 191 639224 0.8115849136862565 0.9421005929321213
 192 647672 0.8274424970383397 0.9481354407710163
 193 659298 0.8441022445039609 0.9546646862326708
 194 667715 0.8615728575615602 0.9611545684516558
 195 677147 0.8795484130953412 0.9671934639348568
 196 689017 0.8983104976421180 0.9732552938299255
 197 698954 0.9185802714257358 0.9793718622793087
 198 713322 0.9396763131141208 0.9854246183762163
 199 725681 0.9623977623436400 0.9914327627174954
 200 741251 0.9869194101148984 0.9971798453060461
