 1 541031 -0.9939849559256599 0.9996827266856401
 2 540280 -0.9819939540588964 0.9990544247713969
 3 538014 -0.9701193832702015 0.9984147515710889
 4 537660 -0.9582086830589687 0.9977301816590028
 5 536277 -0.9465043075195348 0.9970390563027992
 6 534152 -0.9348500821651881 0.9963489624878350
 7 533257 -0.9231656124091684 0.9956043481427482
 8 531277 -0.9116368492695359 0.9948179691399975
 9 531840 -0.9001825282230201 0.9940399729865250
 10 529423 -0.8888922066736584 0.9932733570449986
 11 530180 -0.8773954205619019 0.9924114579706379
 12 525929 -0.8660069057579138 0.9915287722441413
 13 525013 -0.8548023317934907 0.9906533236409308
 14 524723 -0.8437097638165082 0.9897485500364464
 15 524077 -0.8326409822129707 0.9887945460863889
 16 522793 -0.8215982604854434 0.9877895092793655
 17 522235 -0.8104777554312419 0.9867574346527960
 18 520300 -0.7995384133296786 0.9856236748247460
 19 518080 -0.7887691092871714 0.9846233296450066
 20 518672 -0.7779394824378792 0.9834806655901872
 21 518448 -0.7670456795404702 0.9822976864574324
 22 517324 -0.7563796296783628 0.9810548686830673
 23 515419 -0.7457215255909300 0.9798042680295508
 24 512587 -0.7349264419795963 0.9784918209936153
 25 512766 -0.7243094076821671 0.9770983088593949
 26 513204 -0.7138911709089534 0.9757064128014448
 27 511245 -0.7032773298661663 0.9741896642107826
 28 511744 -0.6929150149402284 0.9727764230251434
 29 511348 -0.6825953317303145 0.9711875573137915
 30 507910 -0.6721135355535209 0.9695213890020672
 31 507308 -0.6617140620108285 0.9677926180122606
 32 508808 -0.6513015564370339 0.9661410893215815
 33 506437 -0.6410701958430164 0.9640564771268954
 34 507286 -0.6308820256402538 0.9621957478632400
 35 503691 -0.6211792217570173 0.9602995088032685
 36 504205 -0.6103515280192600 0.9581305712555513
 37 502354 -0.6004676346895274 0.9560477059461471
 38 501800 -0.5899986745961538 0.9538125270700807
 39 502837 -0.5800810295398655 0.9512871143229954
 40 501640 -0.5702670015191973 0.9487050794562806
 41 499775 -0.5603840368233218 0.9461586925929136
 42 498757 -0.5502998546561995 0.9434313816338307
 43 499224 -0.5402544236610807 0.9406778509582246
 44 497940 -0.5304302344064010 0.9378617131210858
 45 498348 -0.5204280083660073 0.9350870950056541
 46 497732 -0.5106650150133951 0.9317467543342899
 47 498011 -0.5012895048681086 0.9283049458643768
 48 495025 -0.4911646483279089 0.9243559234531444
 49 494916 -0.4811836254769493 0.9207541492492229
 50 493489 -0.4716075954089872 0.9172268032247924
 51 495172 -0.4619538729652505 0.9127234690216170
 52 494035 -0.4525609637267814 0.9086851425750787
 53 493427 -0.4426535950915809 0.9034491986423828
 54 492953 -0.4330218086140569 0.8996591751718828
 55 491048 -0.4235223324949053 0.8947620943462042
 56 490746 -0.4138255371999137 0.8887426518082016
 57 490763 -0.4039340816542552 0.8832487524669735
 58 490760 -0.3946334736870381 0.8774062657835650
 59 489026 -0.3847877189312623 0.8709247501960665
 60 489298 -0.3753379024591557 0.8645968147182728
 61 488457 -0.3660806950203133 0.8581430417390093
 62 489047 -0.3565751990313186 0.8504140196117206
 63 489468 -0.3472215101984099 0.8420103391611033
 64 488193 -0.3373467025210031 0.8332715933300429
 65 488187 -0.3281222113948543 0.8241593550767724
 66 486417 -0.3183930388649439 0.8150867658919786
 67 486381 -0.3096152151545436 0.8056246094746873
 68 488192 -0.3000612630707489 0.7940381007247829
 69 487391 -0.2907078332179212 0.7824874450505797
 70 486066 -0.2813230492132085 0.7699864934905791
 71 485661 -0.2720996796858064 0.7577592160806489
 72 484262 -0.2627651538714896 0.7439070278822412
 73 484355 -0.2529809613568854 0.7273629683116560
 74 483125 -0.2437943671048285 0.7124661074321552
 75 484212 -0.2348807702443594 0.6958791203996463
 76 483976 -0.2251189630844447 0.6774513645339362
 77 484233 -0.2161846175411715 0.6584598185877862
 78 483675 -0.2070398334034461 0.6375127536346331
 79 484439 -0.1980078106899688 0.6153192763187721
 80 482863 -0.1881064574046148 0.5906041343728251
 81 482040 -0.1786913554160655 0.5652914086903140
 82 483287 -0.1697473521359779 0.5380654745311023
 83 481687 -0.1608301929144260 0.5091336466431691
 84 484016 -0.1512402597372562 0.4798472076065757
 85 483871 -0.1416283693239519 0.4481011663564678
 86 482213 -0.1326235645946479 0.4149110981424167
 87 480491 -0.1237672977412683 0.3788605241894833
 88 481267 -0.1151155848727324 0.3453552328934835
 89 480367 -0.1052487254530152 0.3072944736102123
 90 481372 -9.631299948128208E-02 0.2705949676372116
 91 480456 -8.715434204060092E-02 0.2323392531395690
 92 481165 -7.795317852768761E-02 0.1939972136656524
 93 482156 -6.866393389298497E-02 0.1574911398883089
 94 480574 -5.984041001269032E-02 0.1242013820226529
 95 481069 -5.056691009965524E-02 9.220855178855843E-02
 96 481434 -4.128603083127938E-02 6.321859474266124E-02
 97 478798 -3.200877824472172E-02 3.903184984748673E-02
 98 480213 -2.303745531520253E-02 2.074920043657652E-02
 99 482101 -1.366049741305009E-02 7.524186312260414E-03
 100 480402 -4.460675750703413E-03 8.516425468908449E-04
 101 480506 4.454052005765392E-03 7.126463331952268E-04
 102 481073 1.406705631270808E-02 7.522707891584584E-03
 103 481070 2.337777043707312E-02 2.072941994175600E-02
 104 481824 3.188439061193620E-02 3.814031411875159E-02
 105 481710 4.079904580953794E-02 6.081085649320520E-02
 106 481809 5.043034276239786E-02 9.082406209894534E-02
 107 481578 5.943039406285955E-02 0.1220055668371195
 108 482697 6.760210036102002E-02 0.1524756205371431
 109 480923 7.769122404256960E-02 0.1919019757506421
 110 480658 8.707028499921071E-02 0.2293728640103470
 111 480421 9.619918041811332E-02 0.2680365485809509
 112 481161 0.1051003136182521 0.3047812923409025
 113 481376 0.1145437313720377 0.3430469780217961
 114 481451 0.1235319608212580 0.3770657688525448
 115 482038 0.1333754363970893 0.4150648428888890
 116 480805 0.1419033442625375 0.4466110094758259
 117 482431 0.1516687142493898 0.4811418492153818
 118 483551 0.1607989913213164 0.5104374276830799
 119 483860 0.1696178961421361 0.5378459819617093
 120 482793 0.1789143077351066 0.5643499490526460
 121 482734 0.1885471956344092 0.5917427130659814
 122 483277 0.1975095432619126 0.6151385791438316
 123 482961 0.2070109715932973 0.6371052541598196
 124 484261 0.2162261391470080 0.6576197031765292
 125 484453 0.2251790545658675 0.6766605469085809
 126 485781 0.2346988851149228 0.6958115689615930
 127 484316 0.2439151391002917 0.7125358614228734
 128 484870 0.2534262427636494 0.7295471714734096
 129 486308 0.2623778960094503 0.7440447867607735
 130 485126 0.2719230331720227 0.7588975224897810
 131 487022 0.2809348996632904 0.7708536790690910
 132 485005 0.2903418144933004 0.7835961171096452
 133 484089 0.3000779472216800 0.7945669925214969
 134 488095 0.3095529206121824 0.8059940874680295
 135 486961 0.3188922861824076 0.8161661916222366
 136 488305 0.3279445812301658 0.8258968161214190
 137 487684 0.3379133714927460 0.8346709174346610
 138 489761 0.3471834305847936 0.8422204454370725
 139 489216 0.3567992821296876 0.8508676281354532
 140 487885 0.3664353281371507 0.8590782933450751
 141 490794 0.3758098119190356 0.8658298969360064
 142 489660 0.3848377015030096 0.8722470184792612
 143 491028 0.3947101936597038 0.8787030410823824
 144 492158 0.4041349353207335 0.8843139127051642
 145 490727 0.4142434585511184 0.8903555110728252
 146 493548 0.4234655612727462 0.8948708884711588
 147 492182 0.4334457448467887 0.9005714905398655
 148 493200 0.4424526129851881 0.9044914814964393
 149 494041 0.4526422648142371 0.9093983904038527
 150 494802 0.4621223986765674 0.9137815292756997
 151 493354 0.4718135913422784 0.9175714107249403
 152 495244 0.4817350787309718 0.9213257358674872
 153 495538 0.4915596134290773 0.9252885129678342
 154 496831 0.5011253070845700 0.9290094941317392
 155 497187 0.5110341997958641 0.9323638532036215
 156 496755 0.5209977429653033 0.9351287652092187
 157 499627 0.5308874020780046 0.9384366641980970
 158 499824 0.5406941816112867 0.9411985726366366
 159 500648 0.5510263698227936 0.9442871816705480
 160 500230 0.5607042645884296 0.9468457008922800
 161 500643 0.5708334213216216 0.9492579043279462
 162 501692 0.5805837015658297 0.9513313782500180
 163 501087 0.5904916637509754 0.9537603074456085
 164 505236 0.6010713256690131 0.9563206430527232
 165 504532 0.6110140252881274 0.9581180624173776
 166 503557 0.6212299760568030 0.9602058192951297
 167 506997 0.6312605720002210 0.9622372103583403
 168 505830 0.6415998641438987 0.9642166503546223
 169 506202 0.6519561366911827 0.9659594150980454
 170 507716 0.6622646131482708 0.9678627446348053
 171 509164 0.6723581884877001 0.9693023700171682
 172 508949 0.6829561517942838 0.9708645721936903
 173 511310 0.6933739043295865 0.9725082171415390
 174 510687 0.7037496249989958 0.9740525869266305
 175 512283 0.7142520110338261 0.9755475180725542
 176 514624 0.7245925371108737 0.9767457564110555
 177 512964 0.7354360498266161 0.9782600898160163
 178 515079 0.7460307563614125 0.9795503176230110
 179 516432 0.7568349872628618 0.9808331271723023
 180 516752 0.7674184027150683 0.9820181338224825
 181 518937 0.7782335164689336 0.9831678469565336
 182 519773 0.7889597883818144 0.9843352070995278
 183 518962 0.7999709188594422 0.9854974773428121
 184 520164 0.8108466393710371 0.9865485977211849
 185 523327 0.8219237636376954 0.9875841092729687
 186 523882 0.8326767290478118 0.9884726464999922
 187 524006 0.8439359030639157 0.9895708248701178
 188 523217 0.8551307159899582 0.9904879796362900
 189 528926 0.8663934588649708 0.9913736127720084
 190 527155 0.8774469363999329 0.9922449293456935
 191 528321 0.8890294970415574 0.9931272163815535
 192 530316 0.9002339903570830 0.9939947731652297
 193 532005 0.9117427996108295 0.9947688955119354
 194 533074 0.9232721873020464 0.9955213012127012
 195 535009 0.9348871727919783 0.9962691368709338
 196 535283 0.9465301624545516 0.9970279339184358
 197 535577 0.9583173560960533 0.9977286766560470
 198 538673 0.9700975908959051 0.9983965342483555
 199 539945 0.9820061298779302 0.9990506853393779
 200 540890 0.9939906973868954 0.9996816764730360
