       64800           24
 9.484188745298489
 4.653418132813165
 33.11873582579904
       64800           24
 8.267540051206508
 3.468811875492862
 31.87105121761691
       64800           24
 8.459993372427187
 3.441174818975480
 32.25835461646644
       64800           24
 8.457054395323341
 3.439985332590606
 32.25392066222285
       64800           24
 9.184005298122322
 4.144238272617680
 32.99568293268106
       64800           24
 8.165210278813378
 3.353194222120770
 31.78510520265166
       64800           24
 7.812861348248451
 3.392131225909231
 31.08088708956369
       64800           24
 8.461225740710734
 3.441711134525714
 32.26017989438932
       64800           24
 7.932717604950463
 3.397431361037223
 31.30396291153842
       64800           24
 8.983299846737022
 3.929385796186212
 32.80581010254482
       64800           24
 8.410283608951474
 3.421339250258599
 32.18311457232290
       64800           24
 8.468666240484197
 3.444824322513696
 32.27131360189105
       64800           24
 8.333160587530395
 3.394737010490388
 32.06262122082511
       64800           24
 8.418138739631715
 3.424363880018313
 32.19510196004313
       64800           24
 7.974909519113378
 3.339535325984477
 31.43874540363934
       64800           24
 9.505456991269348
 4.718203847721742
 33.10218787597230
       64800           24
 7.873606290335189
 3.351731042339269
 31.23516090024629
       64800           24
 8.438111859865167
 3.432259604632812
 32.22539858562923
       64800           24
 7.935435348708105
 3.342337589085699
 31.36136446997526
       64800           24
 7.791277367898823
 3.382718984921735
 31.04877596182964
