   1   516355    -0.99461057613520         0.99987499334911    
   2   515678    -0.98384963430977         0.99963846846195    
   3   515245    -0.97311894884911         0.99939571280596    
   4   515193    -0.96239795468308         0.99914486790764    
   5   514282    -0.95171012411064         0.99888673830732    
   6   513758    -0.94103726332746         0.99861959505230    
   7   513106    -0.93041334942145         0.99834618743621    
   8   513483    -0.91976867636833         0.99806171055933    
   9   512368    -0.90919960722866         0.99776593131061    
  10   512093    -0.89860568906562         0.99746578879909    
  11   511902    -0.88806814882010         0.99715280228825    
  12   510136    -0.87752496307334         0.99682460420420    
  13   510639    -0.86705294897207         0.99649386180219    
  14   510535    -0.85653065965505         0.99614436661921    
  15   510125    -0.84606770715343         0.99577333743255    
  16   508750    -0.83567557111181         0.99541637753459    
  17   509399    -0.82520430884751         0.99501559764138    
  18   508862    -0.81480130179076         0.99461399833667    
  19   508193    -0.80447517126888         0.99419865114985    
  20   507311    -0.79401399149173         0.99378346731375    
  21   506649    -0.78378799768529         0.99331446005656    
  22   507489    -0.77331179237359         0.99284030235890    
  23   506470    -0.76319363078268         0.99238027892206    
  24   505197    -0.75287659717659         0.99186322452916    
  25   506078    -0.74247321609991         0.99133861229949    
  26   505939    -0.73223261875974         0.99077170595156    
  27   504323    -0.72206664475815         0.99026793749433    
  28   504995    -0.71191049382382         0.98965218783775    
  29   504835    -0.70159102340445         0.98901648678570    
  30   504315    -0.69145888785729         0.98836266277255    
  31   502979    -0.68131659420719         0.98772540169023    
  32   503537    -0.67120064613804         0.98701459231202    
  33   502873    -0.66093439708658         0.98627898410871    
  34   502103    -0.65089832912606         0.98558166462870    
  35   501832    -0.64078124619117         0.98469581484102    
  36   502097    -0.63078232675115         0.98399128514305    
  37   501342    -0.62052879497333         0.98308298065487    
  38   502121    -0.61063501009779         0.98214796905381    
  39   500362    -0.60054199569783         0.98123301708931    
  40   500883    -0.59054251751088         0.98025353877508    
  41   500459    -0.58061778700175         0.97920796338368    
  42   499985    -0.57034975387952         0.97807646587114    
  43   500401    -0.56057525152576         0.97698917468711    
  44   499924    -0.55057232172015         0.97578849699097    
  45   499553    -0.54043719935125         0.97445397575830    
  46   497918    -0.53048283604075         0.97308603443102    
  47   498625    -0.52074796923366         0.97179684452847    
  48   498431    -0.51054986669217         0.97031578488767    
  49   498367    -0.50093432238020         0.96868883569607    
  50   498859    -0.49083052289753         0.96715750444202    
  51   497167    -0.48110780973570         0.96534627569528    
  52   497395    -0.47104785185150         0.96341718497845    
  53   497129    -0.46119404724834         0.96166061984939    
  54   497102    -0.45157066033586         0.95954116731974    
  55   496362    -0.44157254698337         0.95726949666883    
  56   496954    -0.43169391201349         0.95490660560852    
  57   496898    -0.42185748736755         0.95256685518981    
  58   496686    -0.41205605746918         0.95009849015828    
  59   495069    -0.40218584651515         0.94688730119351    
  60   495835    -0.39225172552493         0.94393098548632    
  61   495462    -0.38277637728260         0.94089856954081    
  62   496715    -0.37290258746969         0.93742643616056    
  63   494299    -0.36313415229613         0.93386495286472    
  64   494378    -0.35340087242053         0.92970930729263    
  65   495532    -0.34336595172965         0.92561700337066    
  66   494722    -0.33355352190115         0.92080388974490    
  67   494741    -0.32391043076645         0.91589223768424    
  68   494872    -0.31432425752579         0.91040893615589    
  69   494466    -0.30455504048651         0.90487429039761    
  70   493950    -0.29485634379958         0.89857015904963    
  71   493993    -0.28494019865697         0.89158793613134    
  72   493230    -0.27536605748618         0.88407806274011    
  73   494109    -0.26559849638593         0.87595863593826    
  74   493221    -0.25603993038519         0.86710072940741    
  75   493571    -0.24614892021957         0.85753620202758    
  76   493581    -0.23643407782050         0.84612902544173    
  77   493042    -0.22671280260312         0.83484828362705    
  78   493436    -0.21729293177603         0.82195416290687    
  79   492825    -0.20738937687548         0.80754475323566    
  80   494615    -0.19768728626738         0.79139545945778    
  81   492591    -0.18808256227557         0.77344913827327    
  82   492271    -0.17852347685187         0.75484803466651    
  83   492084    -0.16881994654392         0.73207588391683    
  84   492393    -0.15916970911794         0.70804210903897    
  85   492395    -0.14926041374596         0.68033341866889    
  86   493240    -0.13974612406452         0.65034353371277    
  87   492314    -0.13013175286410         0.61678758720854    
  88   492992    -0.12056611183428         0.57987443413702    
  89   491991    -0.11091067179835         0.53757438064709    
  90   491775    -0.10106322614202         0.49131590204023    
  91   492400    -0.91665999703822E-01     0.44188494508929    
  92   491873    -0.81867445229998E-01     0.38720945214926    
  93   491578    -0.72354551608579E-01     0.32977855716505    
  94   492780    -0.62451693132287E-01     0.26836410896391    
  95   491912    -0.52998717825438E-01     0.20877362384503    
  96   491722    -0.43485443969047E-01     0.15050706040989    
  97   492794    -0.33725598267710E-01     0.96602739009155E-01
  98   492045    -0.23866699372138E-01     0.50683076184880E-01
  99   491209    -0.14450708594861E-01     0.19234794924854E-01
 100   492132    -0.46441975714963E-02     0.20336819415284E-02
 101   492842     0.47623887974062E-02     0.20924184706647E-02
 102   491896     0.14415834086454E-01     0.19015298476881E-01
 103   490328     0.24212902037009E-01     0.51963258850431E-01
 104   492456     0.33634991841378E-01     0.95884468281232E-01
 105   491311     0.43421195119473E-01     0.15004727827511    
 106   492486     0.52972570526477E-01     0.20861514664429    
 107   492030     0.62663412781951E-01     0.26875824992564    
 108   493077     0.71973394741824E-01     0.32785211425073    
 109   492752     0.81984430561053E-01     0.38878601518619    
 110   491633     0.91635405379215E-01     0.44099538460018    
 111   492134     0.10117735522400         0.49225818932939    
 112   492345     0.11087673226288         0.53729108721812    
 113   492606     0.12058145611802         0.58098492913974    
 114   491853     0.13007015559284         0.61615488631955    
 115   492236     0.13992117458460         0.65190757949814    
 116   492424     0.14940345446859         0.68178252625197    
 117   493136     0.15911804619713         0.70836687560365    
 118   492109     0.16858093410544         0.73264438969539    
 119   492915     0.17872046558200         0.75584692037153    
 120   494012     0.18823263299606         0.77418609245725    
 121   492353     0.19781103149528         0.79252789311507    
 122   492509     0.20741480766375         0.80770876372875    
 123   493446     0.21706481377905         0.82226999102498    
 124   493346     0.22682083796620         0.83525171999886    
 125   493276     0.23660432715022         0.84711913620985    
 126   493529     0.24629124201814         0.85842638310697    
 127   493525     0.25581106616597         0.86714011027253    
 128   494419     0.26575888457796         0.87694343563436    
 129   493984     0.27561584965841         0.88491125690171    
 130   493081     0.28501605700851         0.89199996947992    
 131   494275     0.29482882898273         0.89898182000344    
 132   494695     0.30453511612466         0.90533671983310    
 133   494052     0.31429515778800         0.91098672388276    
 134   494562     0.32424922050193         0.91668063132529    
 135   494895     0.33382621200122         0.92128580649630    
 136   495743     0.34343837569084         0.92581560184939    
 137   495297     0.35329536130345         0.93018219795520    
 138   495050     0.36318980557271         0.93411858166334    
 139   495412     0.37293202412017         0.93774798721556    
 140   495148     0.38280688718941         0.94126624589857    
 141   495225     0.39237280635028         0.94444185885153    
 142   496114     0.40228959137181         0.94741395060049    
 143   496386     0.41200426681239         0.95014180416175    
 144   497130     0.42208120839644         0.95291450508091    
 145   496437     0.43188370444195         0.95526845963648    
 146   496052     0.44168106792677         0.95753383987422    
 147   497044     0.45137889935873         0.95966519999555    
 148   497646     0.46140318893072         0.96185876097069    
 149   497090     0.47121365713576         0.96367728301439    
 150   497644     0.48115598393662         0.96564538659229    
 151   499096     0.49096702220761         0.96722576952951    
 152   498349     0.50091306816755         0.96898178966576    
 153   497917     0.51078091020913         0.97049410017715    
 154   497993     0.52089955351777         0.97187710204553    
 155   500315     0.53066866149071         0.97328349975387    
 156   498716     0.54064220311513         0.97464572297584    
 157   500099     0.55065989359881         0.97587912863859    
 158   499804     0.56059991636443         0.97709584247056    
 159   499270     0.57068314080531         0.97820276345944    
 160   500390     0.58061902639512         0.97927897447577    
 161   501029     0.59071030788969         0.98026698423695    
 162   499603     0.60055381360435         0.98128478342401    
 163   501905     0.61067519682419         0.98220507066008    
 164   502014     0.62077393285712         0.98310006513144    
 165   501865     0.63081233383122         0.98400980940607    
 166   502432     0.64100233881643         0.98481790007826    
 167   502481     0.65095840768646         0.98554762024223    
 168   502843     0.66117139874534         0.98633841742762    
 169   502632     0.67125948201171         0.98701759261327    
 170   503242     0.68143486184418         0.98773453834832    
 171   503281     0.69155956757315         0.98839016164479    
 172   505452     0.70173652370720         0.98903614761938    
 173   504070     0.71200920801511         0.98963420002085    
 174   504152     0.72213686880061         0.99024120503372    
 175   506084     0.73238090738168         0.99076449072342    
 176   505140     0.74267933140147         0.99134731222853    
 177   506951     0.75289679641947         0.99184751524196    
 178   506194     0.76315554433980         0.99232739243625    
 179   506710     0.77350938139931         0.99284372854680    
 180   506552     0.78381564066444         0.99329258145061    
 181   508326     0.79413333986556         0.99376741619071    
 182   507316     0.80455664779399         0.99418012513891    
 183   508393     0.81490377990576         0.99459549624995    
 184   508926     0.82524533998858         0.99499742737770    
 185   509292     0.83572632100922         0.99538677389759    
 186   509591     0.84609803431682         0.99576246200294    
 187   510076     0.85661628496047         0.99613204098222    
 188   510304     0.86709971092123         0.99646442448530    
 189   511451     0.87755830977029         0.99680863220818    
 190   511283     0.88813322693742         0.99714250668946    
 191   511843     0.89864987725327         0.99745001884625    
 192   512057     0.90919040494315         0.99776042483299    
 193   512723     0.91981962086756         0.99805347954968    
 194   513577     0.93041861276448         0.99833994721075    
 195   513672     0.94105057428264         0.99861563562756    
 196   514273     0.95172330180396         0.99888225002277    
 197   515000     0.96240502128534         0.99914350809059    
 198   515005     0.97311683479431         0.99939402833514    
 199   516116     0.98385308916177         0.99963845083683    
 200   516046     0.99461475082506         0.99987493579829    
