 obs_sequence
obs_type_definitions
           6
           1 SAT_TEMPERATURE                
           5 SAT_DENSITY_NEUTRAL_O2         
          16 SAT_DENSITY_ION_O2P            
          17 SAT_DENSITY_ION_N2P            
          40 GND_GPS_VTEC                   
          41 SLANT_GPS_VTEC                 
  num_copies:            0  num_qc:            0
  num_obs:            6  max_num_obs:            6
  first:            1  last:            6
 OBS            1
          -1           2          -1
obdef
loc3d
     1.570796326794897        0.7853981633974483         110000.0000000000      3
kind
           1
     0          0
   1.2000000000000000     
 OBS            2
           1           3          -1
obdef
loc3d
     1.570796326794897       -0.7853981633974483         180000.0000000000      3
kind
          16
     0          0
   1.3000000000000000     
 OBS            3
           2           4          -1
obdef
loc3d
     4.712388980384690        0.5235987755982988         250000.0000000000      3
kind
          17
     0          0
   1.3999999999999999     
 OBS            4
           3           5          -1
obdef
loc3d
     4.712388980384690       -0.5235987755982988         350000.0000000000      3
kind
           5
     0          0
   1.5000000000000000     
 OBS            5
           4           6          -1
obdef
loc3d
     3.141592653589793         1.047197551196598        -888888.0000000000     -2
kind
          40
     0          0
  0.10000000000000001     
 OBS            6
           5          -1          -1
obdef
loc3d
     3.141592653589793       -0.1745329251994329        -888888.0000000000     -2
kind
          41
   160.00000000000000        50.000000000000000        345678.00000000000     
   170.00000000000000        45.000000000000000        111.00000000000000     
           1
     0          0
  0.25000000000000000     
