80
0
0
0
1
-1
0 0
10.01
0
2
-1
0 0
9.99
0
1
-1
0 0
10.01
0
2
-1
0 0
9.99
0
1
-1
0 0
10.01
0
2
-1
0 0
9.99
0
1
-1
0 0
10.01
0
2
-1
0 0
9.99
0
1
-1
0 0
10.01
0
2
-1
0 0
9.99
0
1
-1
0 0
10.01
0
2
-1
0 0
9.99
0
1
-1
0 0
10.01
0
2
-1
0 0
9.99
0
1
-1
0 0
10.01
0
2
-1
0 0
9.99
0
1
-1
0 0
10.01
0
2
-1
0 0
9.99
0
1
-1
0 0
10.01
0
2
-1
0 0
9.99
0
1
-1
0 0
10.01
0
2
-1
0 0
9.99
0
1
-1
0 0
10.01
0
2
-1
0 0
9.99
0
1
-1
0 0
10.01
0
2
-1
0 0
9.99
0
1
-1
0 0
10.01
0
2
-1
0 0
9.99
0
1
-1
0 0
10.01
0
2
-1
0 0
9.99
0
1
-1
0 0
10.01
0
2
-1
0 0
9.99
0
1
-1
0 0
10.01
0
2
-1
0 0
9.99
0
1
-1
0 0
10.01
0
2
-1
0 0
9.99
0
1
-1
0 0
10.01
0
2
-1
0 0
9.99
0
1
-1
0 0
10.01
0
2
-1
0 0
9.99
0
1
-1
0 0
10.01
0
2
-1
0 0
9.99
0
1
-1
0 0
10.01
0
2
-1
0 0
9.99
0
1
-1
0 0
10.01
0
2
-1
0 0
9.99
0
1
-1
0 0
10.01
0
2
-1
0 0
9.99
0
1
-1
0 0
10.01
0
2
-1
0 0
9.99
0
1
-1
0 0
10.01
0
2
-1
0 0
9.99
0
1
-1
0 0
10.01
0
2
-1
0 0
9.99
0
1
-1
0 0
10.01
0
2
-1
0 0
9.99
0
1
-1
0 0
10.01
0
2
-1
0 0
9.99
0
1
-1
0 0
10.01
0
2
-1
0 0
9.99
0
1
-1
0 0
10.01
0
2
-1
0 0
9.99
0
1
-1
0 0
10.01
0
2
-1
0 0
9.99
0
1
-1
0 0
10.01
0
2
-1
0 0
9.99
0
1
-1
0 0
10.01
0
2
-1
0 0
9.99
0
1
-1
0 0
10.01
0
2
-1
0 0
9.99
0
1
-1
0 0
10.01
0
2
-1
0 0
9.99
0
1
-1
0 0
10.01
0
2
-1
0 0
9.99
0
1
-1
0 0
10.01
0
2
-1
0 0
9.99
0
1
-1
0 0
10.01
0
2
-1
0 0
9.99
0
1
-1
0 0
10.01
0
2
-1
0 0
9.99
set_def.out


