   1   508590    -0.99479598262382         0.99993016012667    
   2   508542    -0.98439186940278         0.99980665702355    
   3   508124    -0.97399493261641         0.99967919733932    
   4   506334    -0.96364140304449         0.99954527610918    
   5   508961    -0.95331522469188         0.99940593522460    
   6   507093    -0.94287093048416         0.99927136663076    
   7   508304    -0.93256613105337         0.99912936933994    
   8   507608    -0.92218056173158         0.99897539004039    
   9   507483    -0.91197375271097         0.99883941163320    
  10   502900    -0.90155386578388         0.99864274717407    
  11   501650    -0.89135127134142         0.99849381564639    
  12   509568    -0.88098353781024         0.99831403208588    
  13   506444    -0.87082060269764         0.99816595153257    
  14   508394    -0.86076866651722         0.99795026804737    
  15   508404    -0.85013986339417         0.99779149818669    
  16   499594    -0.83993265073726         0.99756344485035    
  17   505589    -0.82982192682060         0.99734694086672    
  18   500925    -0.81948556244229         0.99713441395468    
  19   503898    -0.80930019016394         0.99694753370341    
  20   502405    -0.79917809874372         0.99670822837286    
  21   508154    -0.78908400073793         0.99645671959759    
  22   504775    -0.77910494376384         0.99618062586766    
  23   504620    -0.76867751239245         0.99594329018435    
  24   503791    -0.75847748583392         0.99570485043040    
  25   504466    -0.74812504899009         0.99550346604071    
  26   497223    -0.73814804239760         0.99512326187234    
  27   502553    -0.72812267346783         0.99484512300335    
  28   501894    -0.71793263902884         0.99446473566060    
  29   506279    -0.70794005927982         0.99414581376934    
  30   501325    -0.69800848609010         0.99378343195460    
  31   503835    -0.68773696456683         0.99355812631991    
  32   501388    -0.67759215739967         0.99320207202652    
  33   496827    -0.66744727818441         0.99274557631344    
  34   497100    -0.65728262505675         0.99231673601987    
  35   502220    -0.64695668095526         0.99185539045900    
  36   502147    -0.63767034738620         0.99148606030959    
  37   504604    -0.62763422358536         0.99106088807452    
  38   502763    -0.61766498663110         0.99062003241763    
  39   498329    -0.60722621960636         0.98999923979173    
  40   499773    -0.59729698435029         0.98959509336220    
  41   498362    -0.58706296645490         0.98899057395314    
  42   498978    -0.57714648976924         0.98842550060577    
  43   501806    -0.56701935481604         0.98776407833363    
  44   498890    -0.55759205628954         0.98713382285270    
  45   501060    -0.54742769016452         0.98641579465316    
  46   501301    -0.53760188367358         0.98568049532276    
  47   499142    -0.52697022336095         0.98512078247392    
  48   499646    -0.51752717556932         0.98439694615195    
  49   500645    -0.50757797364322         0.98359166511314    
  50   494710    -0.49748875179484         0.98242210368183    
  51   498869    -0.48723743078734         0.98140733731502    
  52   499918    -0.47731373077316         0.98053028742112    
  53   501023    -0.46751429689835         0.97956048607535    
  54   497560    -0.45769284521219         0.97881541023191    
  55   496564    -0.44814923548036         0.97777409412689    
  56   500075    -0.43772473296219         0.97601614774298    
  57   498611    -0.42795797122614         0.97458209480607    
  58   499031    -0.41775339406122         0.97298614726718    
  59   497443    -0.40790999941767         0.97160266409980    
  60   496126    -0.39859888402232         0.97046024058027    
  61   496043    -0.38832266498577         0.96847737699537    
  62   497603    -0.37872418767606         0.96650592286894    
  63   494772    -0.36876625599155         0.96471613410032    
  64   498281    -0.35845303445027         0.96226847579044    
  65   498938    -0.34822615207755         0.95968962269252    
  66   499396    -0.33932040086650         0.95714932074478    
  67   492910    -0.32920558460447         0.95463591486036    
  68   498129    -0.31932449309772         0.95144453229699    
  69   494876    -0.30921690350509         0.94818095064323    
  70   497262    -0.29942652188567         0.94457938626639    
  71   498454    -0.28961828862072         0.94070436234657    
  72   500493    -0.27941386737044         0.93601156790095    
  73   497050    -0.27007903778696         0.93134997687419    
  74   494058    -0.26027491480148         0.92605857862379    
  75   496850    -0.24982626621130         0.91987712777245    
  76   496755    -0.24049028847568         0.91402509273543    
  77   495070    -0.23031796727678         0.90726806008898    
  78   498084    -0.22064306842425         0.89846724170409    
  79   498746    -0.21127676351476         0.88917747674806    
  80   496068    -0.20143565636557         0.87980107292335    
  81   491827    -0.19101002166707         0.86783646268962    
  82   496178    -0.18142859796567         0.85423223798162    
  83   495838    -0.17118955714343         0.83880817320503    
  84   496358    -0.16157127377343         0.82306029986703    
  85   497590    -0.15197586464912         0.80353445571152    
  86   496259    -0.14274396028338         0.78124217288286    
  87   493596    -0.13246032053667         0.75460919577636    
  88   494637    -0.12257528013649         0.72450801145991    
  89   496009    -0.11234545406437         0.68823961614694    
  90   497981    -0.10235063754066         0.64742620506509    
  91   496311    -0.93078043754877E-01     0.60125738344250    
  92   494649    -0.83646442511330E-01     0.54964848617973    
  93   493292    -0.74117633220154E-01     0.48694843589671    
  94   494636    -0.64081617631207E-01     0.41442261667188    
  95   497559    -0.54197946122042E-01     0.33515614619954    
  96   497717    -0.43836530016882E-01     0.24716193528854    
  97   497036    -0.34269952239421E-01     0.16779802351098    
  98   497233    -0.24148273062856E-01     0.92256752563915E-01
  99   493594    -0.14629650715510E-01     0.35397671136877E-01
 100   492819    -0.48792797280057E-02     0.40125700505690E-02
 101   495840     0.47861899274601E-02     0.40996763047621E-02
 102   497291     0.14780213968061E-01     0.36269515349152E-01
 103   496167     0.24355654484508E-01     0.92186625190339E-01
 104   496311     0.34235430520428E-01     0.16838547598462    
 105   496009     0.44170428470207E-01     0.25284348068427    
 106   493591     0.54067139641607E-01     0.33680492086100    
 107   493743     0.64006897692807E-01     0.41259642667422    
 108   497487     0.73154460600507E-01     0.47808592009360    
 109   496315     0.83093725750373E-01     0.54154999738539    
 110   495834     0.93164465663429E-01     0.59941760685503    
 111   500956     0.10242592284138         0.64586555518830    
 112   492850     0.11285064962484         0.69037474368685    
 113   492484     0.12290963381789         0.72520483793784    
 114   495009     0.13199132002375         0.75146934999831    
 115   494940     0.14171824112591         0.77766128606983    
 116   495668     0.15180451244621         0.80124379023218    
 117   499073     0.16193885970001         0.82188649487062    
 118   498347     0.17205057692090         0.83860074236077    
 119   495216     0.18120928038096         0.85221423049393    
 120   494401     0.19102162141853         0.86741431403756    
 121   495816     0.20128851569272         0.87743724553472    
 122   496553     0.21080833682448         0.88753764071882    
 123   496302     0.22062916887461         0.89741503288349    
 124   498912     0.23055566047934         0.90577007921375    
 125   498535     0.24031843465615         0.91191134213783    
 126   496102     0.25033519251306         0.91882574607869    
 127   492525     0.25982142039604         0.92525422292393    
 128   493776     0.26988261031196         0.93066759160673    
 129   497294     0.27980425443389         0.93521448786831    
 130   499073     0.28944210046542         0.93946470895316    
 131   497561     0.29922286842595         0.94331334115045    
 132   495514     0.30964158020080         0.94737216431323    
 133   498497     0.31895581073727         0.95055342383536    
 134   496815     0.32848906942036         0.95380048422737    
 135   495587     0.33882617567000         0.95669012349801    
 136   500981     0.34862436590891         0.95915106219483    
 137   496258     0.35812869027966         0.96144116655454    
 138   495671     0.36884683082940         0.96420738247801    
 139   496381     0.37824112355797         0.96602597768258    
 140   499130     0.38819000033096         0.96778365093929    
 141   498390     0.39804434496742         0.96945752259479    
 142   497443     0.40806023449368         0.97140984673438    
 143   500969     0.41806913710327         0.97307799860048    
 144   499730     0.42800917435732         0.97464114741455    
 145   498873     0.43802663421674         0.97598093676807    
 146   497703     0.44785245158406         0.97712409336619    
 147   495920     0.45762870689437         0.97817181934209    
 148   497354     0.46711883351853         0.97902502832653    
 149   497256     0.47743624909378         0.98043770399305    
 150   498440     0.48744885893761         0.98160683486367    
 151   501687     0.49682322862452         0.98254975808182    
 152   499565     0.50746638654448         0.98337083176130    
 153   497093     0.51726694924420         0.98395651686481    
 154   497850     0.52699655450283         0.98482043394135    
 155   500701     0.53750774629761         0.98572777131236    
 156   501043     0.54716100740153         0.98660373786136    
 157   502712     0.55735235449891         0.98727142699303    
 158   498801     0.56674808808742         0.98773645875769    
 159   498824     0.57690594118051         0.98842082162280    
 160   496850     0.58681073356556         0.98892834020731    
 161   499071     0.59724934475666         0.98938126147443    
 162   502996     0.60767538960390         0.99007101192119    
 163   507804     0.61746510221303         0.99076055801876    
 164   501541     0.62729436167203         0.99116713749647    
 165   501090     0.63691036671814         0.99157108681238    
 166   496844     0.64695458996876         0.99192951565953    
 167   493950     0.65711856528211         0.99240652273728    
 168   501583     0.66750535786720         0.99277698221134    
 169   505613     0.67745175544789         0.99320158821218    
 170   504572     0.68805988099185         0.99358606847768    
 171   506089     0.69797876402868         0.99389916280029    
 172   504656     0.70776923038763         0.99424031746531    
 173   497057     0.71785912745745         0.99458179196175    
 174   497268     0.72785081228534         0.99490477276149    
 175   500402     0.73808032217303         0.99521967130767    
 176   508066     0.74829229307420         0.99547772834799    
 177   507080     0.75821027295971         0.99573022756059    
 178   508008     0.76861825390442         0.99598084004738    
 179   500867     0.77899410556813         0.99632284936365    
 180   498644     0.78903674866442         0.99653984186391    
 181   498359     0.79914225860776         0.99671751903242    
 182   510864     0.80912888935751         0.99694415837548    
 183   506419     0.81931518153176         0.99716122390651    
 184   508027     0.82989962697063         0.99738343503565    
 185   500998     0.84031716488264         0.99761386501404    
 186   504032     0.85014482509877         0.99779993204343    
 187   508150     0.86030317466967         0.99798132436730    
 188   507445     0.87069907064913         0.99814681630827    
 189   501001     0.88108942785000         0.99831557083546    
 190   507565     0.89141459535684         0.99850577310181    
 191   505777     0.90148131398204         0.99867205824960    
 192   508870     0.91196826524743         0.99880757025547    
 193   506143     0.92216344887310         0.99896656929575    
 194   508812     0.93262749906194         0.99912912594094    
 195   506116     0.94292689161608         0.99927574109212    
 196   506940     0.95326275829241         0.99941347396273    
 197   509007     0.96360786792956         0.99954556492817    
 198   507406     0.97400809039498         0.99967452508973    
 199   508471     0.98438830804078         0.99980260336384    
 200   508784     0.99479413446585         0.99992903883553    
