   1   741603    -0.98692108394874         0.99717553720749    
   2   727507    -0.96216541392244         0.99139275892645    
   3   711825    -0.93969203641566         0.98570339746122    
   4   701965    -0.91832515706478         0.97959038447131    
   5   690974    -0.89827488702818         0.97334307615437    
   6   676531    -0.87945882234701         0.96750905355371    
   7   664683    -0.86138369600949         0.96117166016300    
   8   657416    -0.84399239819833         0.95503835194630    
   9   649189    -0.82747427725838         0.94886458535162    
  10   640837    -0.81134541761832         0.94265445435280    
  11   632684    -0.79549129578568         0.93606423640333    
  12   623280    -0.78051864229650         0.92972834253205    
  13   617164    -0.76553984102606         0.92324009758543    
  14   608208    -0.75195471493996         0.91701960663092    
  15   602324    -0.73781689288248         0.91026568764793    
  16   595617    -0.72413242671552         0.90339146369024    
  17   589128    -0.71150166904376         0.89687340217636    
  18   582149    -0.69819705709669         0.88994560250217    
  19   575855    -0.68529949861269         0.88317426849222    
  20   571673    -0.67288756701931         0.87580827545021    
  21   567430    -0.66112016799281         0.86877385838746    
  22   561628    -0.64938834629148         0.86174358899047    
  23   554128    -0.63837421390333         0.85500314631197    
  24   550383    -0.62606130508473         0.84657981479460    
  25   545267    -0.61549140083281         0.83944611492358    
  26   540449    -0.60469443529874         0.83240956363656    
  27   535266    -0.59287805035710         0.82292106148337    
  28   532972    -0.58252693184296         0.81589740964407    
  29   529037    -0.57177434131444         0.80696252892211    
  30   523452    -0.56204175681709         0.79881115412403    
  31   520109    -0.55164862673118         0.79003983207393    
  32   517933    -0.54183633723547         0.78179626688836    
  33   515710    -0.53210992530264         0.77476038809433    
  34   511366    -0.52219046912736         0.76460830889086    
  35   507881    -0.51300635937740         0.75676756042696    
  36   504540    -0.50283117894808         0.74698192930786    
  37   501370    -0.49270179182967         0.73715489941370    
  38   499690    -0.48367775491096         0.72806790763631    
  39   496120    -0.47506737657277         0.71893946069359    
  40   493272    -0.46621860890090         0.70887917853870    
  41   489074    -0.45734692412882         0.69939088828626    
  42   486736    -0.44807999131280         0.69084361434497    
  43   483160    -0.43857642851235         0.67838879188006    
  44   481673    -0.42928332916759         0.66773196509423    
  45   478723    -0.42113861639979         0.65632777030015    
  46   477202    -0.41286900993756         0.64595369809865    
  47   474058    -0.40354898897396         0.63341245372657    
  48   471360    -0.39462103792893         0.62222070504042    
  49   470343    -0.38619602648229         0.61175793792940    
  50   468094    -0.37839826161776         0.60063839279268    
  51   466121    -0.36919235821230         0.58772251173061    
  52   463604    -0.36188596438372         0.57520506377980    
  53   462940    -0.35364426945470         0.56484861532885    
  54   460705    -0.34639301779252         0.55205232220923    
  55   458896    -0.33661138377697         0.53576149558327    
  56   456856    -0.32918536564525         0.52532971876578    
  57   454991    -0.32104043083711         0.51195905100415    
  58   454152    -0.31346638559211         0.49965157458438    
  59   451069    -0.30478229038043         0.48282679510824    
  60   450068    -0.29700692466347         0.46961246919170    
  61   447214    -0.28923110978902         0.45672604319205    
  62   446528    -0.28202170502266         0.44300202771463    
  63   445166    -0.27342150588526         0.42553309632132    
  64   444530    -0.26598618257524         0.41271310355054    
  65   443328    -0.25832607238134         0.39841223998893    
  66   442445    -0.25066200611938         0.38213933806203    
  67   440656    -0.24432622226012         0.37034096163400    
  68   439661    -0.23507353286981         0.35127302104323    
  69   440241    -0.22769139859159         0.33770805798514    
  70   438284    -0.21982700349035         0.31950318382209    
  71   436093    -0.21317680452133         0.30520718032299    
  72   435363    -0.20559447719603         0.28976093572261    
  73   434395    -0.19808290868751         0.27487019802551    
  74   434859    -0.19097201345900         0.25982478473383    
  75   432387    -0.18327865261111         0.24527229257892    
  76   432068    -0.17627315190451         0.23026666109740    
  77   431206    -0.16817560524816         0.21469245851967    
  78   428948    -0.16171796222500         0.20135322459600    
  79   429314    -0.15483734247665         0.18770891976029    
  80   428594    -0.14690513939189         0.17140488575300    
  81   428530    -0.14026962768370         0.15868053129159    
  82   426523    -0.13321450708159         0.14481890053518    
  83   426649    -0.12546280784869         0.12998156275358    
  84   427514    -0.11746952042558         0.11683006256324    
  85   426406    -0.11035045511053         0.10420907371091    
  86   425197    -0.10308537597911         0.91757719054526E-01
  87   424839    -0.96347742405082E-01     0.81085254397790E-01
  88   424595    -0.89515107049557E-01     0.70450852803516E-01
  89   423854    -0.82663534206482E-01     0.61326071640010E-01
  90   424070    -0.75002080748604E-01     0.50515701736420E-01
  91   423918    -0.68067569806120E-01     0.42719430820306E-01
  92   424467    -0.60384926320598E-01     0.33754628910300E-01
  93   423380    -0.54034545334954E-01     0.27489810770584E-01
  94   422900    -0.47199040404411E-01     0.20913367310111E-01
  95   423373    -0.39443757431210E-01     0.14671142591351E-01
  96   423251    -0.33196421305925E-01     0.10319692017286E-01
  97   422955    -0.26569542792041E-01     0.67872829841346E-02
  98   421950    -0.18095344729595E-01     0.31185136788522E-02
  99   423032    -0.11007113837686E-01     0.11033312622934E-02
 100   423504    -0.50633694643769E-02     0.26963124598539E-03
 101   421300     0.19632149297667E-02     0.27253902759244E-04
 102   421044     0.98811542400421E-02     0.88123243524682E-03
 103   421885     0.16733562002314E-01     0.25339170315707E-02
 104   422566     0.23504047426956E-01     0.51146324867955E-02
 105   422040     0.31276624480566E-01     0.90060326120330E-02
 106   423922     0.38570223044776E-01     0.13770874977539E-01
 107   423019     0.45398029230586E-01     0.18955070786418E-01
 108   424610     0.52708588725383E-01     0.25470031136986E-01
 109   425209     0.59843577973917E-01     0.32499236552512E-01
 110   423466     0.66940262104605E-01     0.40793096114531E-01
 111   423933     0.73220737889992E-01     0.48534842554317E-01
 112   424335     0.80521023158044E-01     0.57712997998078E-01
 113   426017     0.87925237706917E-01     0.67669339929102E-01
 114   426497     0.95362195661132E-01     0.79424692426903E-01
 115   427073     0.10209790596058         0.90076759201285E-01
 116   426146     0.11021212607394         0.10337601283480    
 117   425580     0.11627807108129         0.11401392921398    
 118   427439     0.12414552974295         0.12730285275980    
 119   429117     0.13112175306859         0.14059125271867    
 120   427707     0.13915468960149         0.15502835069875    
 121   429486     0.14572435551335         0.16846841579749    
 122   430767     0.15336054141217         0.18305590160114    
 123   431071     0.16091229244137         0.20005052915016    
 124   431430     0.16799627703388         0.21323210406875    
 125   433342     0.17556975546782         0.22942406297665    
 126   433747     0.18262076044035         0.24386287801214    
 127   434312     0.18998719412891         0.25746095054387    
 128   434118     0.19767210542417         0.27413217258238    
 129   435859     0.20375417882061         0.28692081537921    
 130   437237     0.21205251239681         0.30441545842973    
 131   439065     0.22019391956267         0.32045242086416    
 132   438893     0.22705257741921         0.33397571318054    
 133   440683     0.23503651423081         0.35160603794492    
 134   441400     0.24285802718598         0.36645079339767    
 135   443187     0.25084058402287         0.38102990475889    
 136   444176     0.25808863156146         0.39579444157635    
 137   444367     0.26465574477045         0.40940421148908    
 138   446865     0.27262528045803         0.42427304184653    
 139   449528     0.28084607133767         0.44014785935004    
 140   450910     0.28857920589495         0.45394467971796    
 141   450670     0.29485764277368         0.46516279091042    
 142   453311     0.30383275236414         0.48219368779543    
 143   454517     0.31167051708781         0.49531434368554    
 144   456401     0.31943338970183         0.50799480538715    
 145   457621     0.32790545706310         0.52067439103864    
 146   458704     0.33660123020310         0.53687696701980    
 147   460050     0.34478945592093         0.54948362296081    
 148   461949     0.35239541841411         0.56220353500565    
 149   464740     0.36046506032406         0.57376631365222    
 150   465537     0.36910980415166         0.58667220864103    
 151   469964     0.37746550173270         0.59870780347244    
 152   471389     0.38606411154956         0.60949256251469    
 153   472382     0.39402203949903         0.62081256481110    
 154   476669     0.40328346350267         0.63426475212653    
 155   478935     0.41117210838464         0.64477048729290    
 156   479797     0.42048676128139         0.65603817709702    
 157   482624     0.42934510857998         0.66724014589223    
 158   486395     0.43811630479396         0.67845074693839    
 159   487142     0.44659130315508         0.68755838284039    
 160   489294     0.45512658678669         0.69833149253351    
 161   492598     0.46502773174430         0.70906105754233    
 162   496099     0.47375512323881         0.71755384408088    
 163   498385     0.48361109824207         0.72901149958955    
 164   502554     0.49360889056605         0.74050965276531    
 165   504580     0.50300642935449         0.74823045843879    
 166   509513     0.51236772654521         0.75724402689683    
 167   510745     0.52208759566858         0.76594613721187    
 168   517036     0.53257861990053         0.77545762582132    
 169   518964     0.54161128589946         0.78274304894841    
 170   523174     0.55163036931126         0.79187803066992    
 171   525262     0.56235043991657         0.80004807926714    
 172   530806     0.57259433645547         0.80800692078213    
 173   533238     0.58361451846661         0.81621051281452    
 174   539135     0.59375975153820         0.82477658606713    
 175   543226     0.60467569423851         0.83214697316486    
 176   547784     0.61551810496288         0.83933673731919    
 177   550414     0.62687035083191         0.84661792486106    
 178   556820     0.63804413548201         0.85442862756897    
 179   561637     0.64980842461016         0.86096428106464    
 180   565451     0.66159416700200         0.86877487215121    
 181   571725     0.67423699913736         0.87642655918638    
 182   577605     0.68578500037901         0.88248364078556    
 183   583369     0.69925822402327         0.89040570302434    
 184   589480     0.71195775191995         0.89679407388326    
 185   596511     0.72491493339854         0.90325918721482    
 186   602200     0.73846153047604         0.91034160346142    
 187   608152     0.75227484778836         0.91701186766087    
 188   615931     0.76673063791039         0.92318268639865    
 189   623997     0.78106878902846         0.92956558291689    
 190   632261     0.79560669579219         0.93553451875203    
 191   639224     0.81158491368626         0.94210059293212    
 192   647672     0.82744249703834         0.94813544077102    
 193   659298     0.84410224450396         0.95466468623267    
 194   667715     0.86157285756156         0.96115456845166    
 195   677147     0.87954841309534         0.96719346393486    
 196   689017     0.89831049764212         0.97325529382993    
 197   698954     0.91858027142574         0.97937186227931    
 198   713322     0.93967631311412         0.98542461837622    
 199   725681     0.96239776234364         0.99143276271750    
 200   741251     0.98691941011490         0.99717984530605    
