  -9.99999977648258D-003   1.00000004749745     
   0.00000000000000D+000   1.00000004749745     
   9.99999977648258D-003   1.00000004749745     
   1.99999995529652D-002   1.00000004749745     
   2.99999993294477D-002  0.998857190300311     
   3.99999991059303D-002  0.998142904552098     
   4.99999988824129D-002  0.997142904504601     
   5.99999986588955D-002  0.996000047307461     
   6.99999984353781D-002  0.994714332960679     
   7.99999982118607D-002  0.993142904314612     
   8.99999979883432D-002  0.991571475668544     
   9.99999977648258D-002  0.989571475573549     
  0.109999997541308       0.987428618328912     
  0.119999997317791       0.985428618233917     
  0.129999997094274       0.983000046689994     
  0.139999996870756       0.980428617996430     
  0.149999996647239       0.978000046452507     
  0.159999996423721       0.974857189160373     
  0.169999996200204       0.971714331868238     
  0.179999995976686       0.968714331725746     
  0.189999995753169       0.965142902984683     
  0.199999995529652       0.961428617093978     
  0.209999995306134       0.957714331203274     
  0.219999995082617       0.953714331013284     
  0.229999994859099       0.949857187972936     
  0.239999994635582       0.945857187782946     
  0.249999994412065       0.941428616144029     
  0.259999994188547       0.936857187355469     
  0.269999993965030       0.932571472866194     
  0.279999993741512       0.928000044077635     
  0.289999993517995       0.923000043840148     
  0.299999993294477       0.918000043602661     
  0.309999993070960       0.913000043365173     
  0.319999992847443       0.908000043127686     
  0.329999992623925       0.903142900039841     
  0.339999992400408       0.897857185503069     
  0.349999992176890       0.892285756667012     
  0.359999991953373       0.887142899279882     
  0.369999991729856       0.881571470443824     
  0.379999991506338       0.875857184458125     
  0.389999991282821       0.870000041322783     
  0.399999991059303       0.864000041037798     
  0.409999990835786       0.858428612201741     
  0.419999990612268       0.852714326216041     
  0.429999990388751       0.846714325931056     
  0.439999990165234       0.840857182795714     
  0.449999989941716       0.835285753959657     
  0.459999989718199       0.828857182225745     
  0.469999989494681       0.823000039090402     
  0.479999989271164       0.816714324506133     
  0.489999989047647       0.810571467071505     
  0.499999988824129       0.804285752487236     
  0.509999988600612       0.791714323318696     
  0.519999988377094       0.786000037332997     
  0.529999988153577       0.779857179898370     
  0.539999987930059       0.773571465314100     
  0.549999987706542       0.767428607879473     
  0.559999987483025       0.761714321893773     
  0.569999987259507       0.755571464459146     
  0.579999987035990       0.749000035575591     
  0.589999986812472       0.742857178140964     
  0.599999986588955       0.730571463271709     
  0.609999986365438       0.724428605837082     
  0.619999986141920       0.718142891252813     
  0.629999985918403       0.712142890967828     
  0.639999985694885       0.706142890682843     
  0.649999985471368       0.700142890397858     
  0.659999985247850       0.687857175528604     
  0.669999985024333       0.681714318093977     
  0.679999984800816       0.669714317524007     
  0.689999984577298       0.663571460089380     
  0.699999984353781       0.663571460089380     
  0.709999984130263       0.651142888070483     
  0.719999983906746       0.645285744935141     
  0.729999983683229       0.633571458664456     
  0.739999983459711       0.627857172678757     
  0.749999983236194       0.617142886455570     
  0.759999983012676       0.600571457097041     
  0.769999982789159       0.594857171111341     
  0.779999982565641       0.583714313439227     
  0.789999982342124       0.583714313439227     
  0.799999982118607       0.567571455529625     
  0.809999981895089       0.552714311966806     
  0.819999981671572       0.552714311966806     
  0.829999981448054       0.536428596907561     
  0.839999981224537       0.531142882370789     
  0.849999981001020       0.505714309734425     
  0.859999980777502       0.501428595245151     
  0.869999980553985       0.496428595007663     
  0.879999980330467       0.482857165791626     
  0.889999980106950       0.468857165126662     
  0.899999979883432       0.433142877716039     
  0.909999979659915       0.442285735293159     
  0.919999979436398       0.433142877716039     
  0.929999979212880       0.425714305934629     
  0.939999978989363       0.394142875863638     
  0.949999978765845       0.405285733535753     
  0.959999978542328       0.379428589450462     
  0.969999978318810       0.361285731445865     
  0.979999978095293       0.348571445127683     
  0.989999977871776       0.351857159569460     
  0.999999977648258       0.358000017004087     
   1.00999997742474       0.297142871256385     
   1.01999997720122       0.308428586078142     
   1.02999997697771       0.302428585793158     
   1.03999997675419       0.277142870306436     
   1.04999997653067       0.258428583703270     
   1.05999997630715       0.280000013299286     
   1.06999997608364       0.241857154344741     
   1.07999997586012       0.244285725888663     
   1.08999997563660       0.217714296055159     
   1.09999997541308       0.219285724701227     
   1.10999997518957       0.202142866744128     
   1.11999997496605       0.208285724178755     
   1.12999997474253       0.187428580330951     
   1.13999997451901       0.173428579665987     
   1.14999997429550       0.192857152017365     
   1.15999997407198       0.165857150734934     
   1.16999997384846       0.144857149737488     
   1.17999997362494       0.151857150069970     
   1.18999997340143       0.155571435960675     
   1.19999997317791       0.154000007314608     
   1.20999997295439       0.125714291685394     
   1.21999997273088       0.123714291590399     
   1.22999997250736       0.113428576816140     
   1.23999997228384       0.116142862659347     
   1.24999997206032       0.112285719619000     
   1.25999997183681       0.107285719381512     
   1.26999997161329       0.111714291020430     
   1.27999997138977       0.106417624788947     
   1.28999997116625        9.09366731873923D-002
   1.29999997094274        9.77285783436018D-002
   1.30999997071922        8.25100060406102D-002
   1.31999997049570        6.81923862114745D-002
   1.32999997027218        7.00885768055943D-002
   1.33999997004867        6.18371477967741D-002
   1.34999996982515        6.46714336525783D-002
   1.35999996960163        5.44709568990657D-002
   1.36999996937811        5.21347662555645D-002
   1.37999996915460        5.12261948041464D-002
   1.38999996893108        5.21347662555645D-002
   1.39999996870756        4.08061941845002D-002
   1.40999996848404        3.51952414644838D-002
   1.41999996826053        3.55700033786694D-002
   1.42999996803701        3.29271461118799D-002
   1.43999996781349        3.35609556707856D-002
   1.44999996758997        2.99466697953678D-002
   1.45999996736646        2.48414313737823D-002
   1.46999996714294        2.52504789967295D-002
   1.47999996691942        2.24514312115046D-002
   1.48999996669590        2.06128596792251D-002
   1.49999996647239        2.11280977938055D-002
   1.50999996624887        1.72300023746691D-002
   1.51999996602535        1.81900024562849D-002
   1.52999996580184        1.64771452256532D-002
   1.53999996557832        1.50047641276826D-002
   1.54999996535480        1.08233352914538D-002
   1.55999996513128        1.16385733816467D-002
   1.56999996490777        8.41238270937959D-003
   1.57999996468425        5.53000159511216D-003
   1.58999996446073        4.71047774582221D-003
   1.59999996423721        8.83333503705500D-003
   1.60999996401370        4.71047774582221D-003
   1.61999996379018        2.82095385046771D-003
   1.62999996356666        1.47381079340847D-003
   1.63999996334314        3.92047775150195D-003
   1.64999996311963        1.00333458471561D-003
   1.65999996289611        0.00000000000000D+000
   1.66999996267259        0.00000000000000D+000
   1.67999996244907        0.00000000000000D+000
   1.68999996222556        0.00000000000000D+000
   1.69999996200204        0.00000000000000D+000
   1.70999996177852        0.00000000000000D+000
   1.71999996155500        0.00000000000000D+000
   1.72999996133149        0.00000000000000D+000
   1.73999996110797        0.00000000000000D+000
   1.74999996088445        0.00000000000000D+000
   1.75999996066093        0.00000000000000D+000
   1.76999996043742        0.00000000000000D+000
   1.77999996021390        0.00000000000000D+000
   1.78999995999038        0.00000000000000D+000
   1.79999995976686        0.00000000000000D+000
   1.80999995954335        0.00000000000000D+000
   1.81999995931983        0.00000000000000D+000
   1.82999995909631        0.00000000000000D+000
   1.83999995887280        0.00000000000000D+000
   1.84999995864928        0.00000000000000D+000
   1.85999995842576        0.00000000000000D+000
   1.86999995820224        0.00000000000000D+000
   1.87999995797873        0.00000000000000D+000
   1.88999995775521        0.00000000000000D+000
   1.89999995753169        0.00000000000000D+000
   1.90999995730817        0.00000000000000D+000
   1.91999995708466        0.00000000000000D+000
   1.92999995686114        0.00000000000000D+000
   1.93999995663762        0.00000000000000D+000
   1.94999995641410        0.00000000000000D+000
   1.95999995619059        0.00000000000000D+000
   1.96999995596707        0.00000000000000D+000
   1.97999995574355        0.00000000000000D+000
   1.98999995552003        0.00000000000000D+000
   1.99999995529652        0.00000000000000D+000
   2.00999995507300        0.00000000000000D+000
   2.01999995484948        0.00000000000000D+000
   2.02999995462596        0.00000000000000D+000
   2.03999995440245        0.00000000000000D+000
   2.04999995417893        0.00000000000000D+000
   2.05999995395541        0.00000000000000D+000
   2.06999995373189        0.00000000000000D+000
   2.07999995350838        0.00000000000000D+000
   2.08999995328486        0.00000000000000D+000
   2.09999995306134        0.00000000000000D+000
   2.10999995283782        0.00000000000000D+000
   2.11999995261431        0.00000000000000D+000
   2.12999995239079        0.00000000000000D+000
   2.13999995216727        0.00000000000000D+000
   2.14999995194376        0.00000000000000D+000
   2.15999995172024        0.00000000000000D+000
   2.16999995149672        0.00000000000000D+000
   2.17999995127320        0.00000000000000D+000
   2.18999995104969        0.00000000000000D+000
   2.19999995082617        0.00000000000000D+000
   2.20999995060265        0.00000000000000D+000
   2.21999995037913        0.00000000000000D+000
   2.22999995015562        0.00000000000000D+000
   2.23999994993210        0.00000000000000D+000
   2.24999994970858        0.00000000000000D+000
   2.25999994948506        0.00000000000000D+000
   2.26999994926155        0.00000000000000D+000
   2.27999994903803        0.00000000000000D+000
   2.28999994881451        0.00000000000000D+000
   2.29999994859099        0.00000000000000D+000
   2.30999994836748        0.00000000000000D+000
   2.31999994814396        0.00000000000000D+000
   2.32999994792044        0.00000000000000D+000
   2.33999994769692        0.00000000000000D+000
   2.34999994747341        0.00000000000000D+000
   2.35999994724989        0.00000000000000D+000
   2.36999994702637        0.00000000000000D+000
   2.37999994680285        0.00000000000000D+000
   2.38999994657934        0.00000000000000D+000
   2.39999994635582        0.00000000000000D+000
   2.40999994613230        0.00000000000000D+000
   2.41999994590878        0.00000000000000D+000
   2.42999994568527        0.00000000000000D+000
   2.43999994546175        0.00000000000000D+000
   2.44999994523823        0.00000000000000D+000
   2.45999994501472        0.00000000000000D+000
   2.46999994479120        0.00000000000000D+000
   2.47999994456768        0.00000000000000D+000
   2.48999994434416        0.00000000000000D+000
   2.49999994412065        0.00000000000000D+000
   2.50999994389713        0.00000000000000D+000
   2.51999994367361        0.00000000000000D+000
   2.52999994345009        0.00000000000000D+000
   2.53999994322658        0.00000000000000D+000
   2.54999994300306        0.00000000000000D+000
   2.55999994277954        0.00000000000000D+000
   2.56999994255602        0.00000000000000D+000
   2.57999994233251        0.00000000000000D+000
   2.58999994210899        0.00000000000000D+000
   2.59999994188547        0.00000000000000D+000
   2.60999994166195        0.00000000000000D+000
   2.61999994143844        0.00000000000000D+000
   2.62999994121492        0.00000000000000D+000
   2.63999994099140        0.00000000000000D+000
   2.64999994076788        0.00000000000000D+000
   2.65999994054437        0.00000000000000D+000
   2.66999994032085        0.00000000000000D+000
   2.67999994009733        0.00000000000000D+000
   2.68999993987381        0.00000000000000D+000
   2.69999993965030        0.00000000000000D+000
   2.70999993942678        0.00000000000000D+000
   2.71999993920326        0.00000000000000D+000
   2.72999993897974        0.00000000000000D+000
   2.73999993875623        0.00000000000000D+000
   2.74999993853271        0.00000000000000D+000
   2.75999993830919        0.00000000000000D+000
   2.76999993808568        0.00000000000000D+000
   2.77999993786216        0.00000000000000D+000
   2.78999993763864        0.00000000000000D+000
   2.79999993741512        0.00000000000000D+000
   2.80999993719161        0.00000000000000D+000
   2.81999993696809        0.00000000000000D+000
   2.82999993674457        0.00000000000000D+000
   2.83999993652105        0.00000000000000D+000
   2.84999993629754        0.00000000000000D+000
   2.85999993607402        0.00000000000000D+000
   2.86999993585050        0.00000000000000D+000
   2.87999993562698        0.00000000000000D+000
   2.88999993540347        0.00000000000000D+000
   2.89999993517995        0.00000000000000D+000
   2.90999993495643        0.00000000000000D+000
   2.91999993473291        0.00000000000000D+000
   2.92999993450940        0.00000000000000D+000
   2.93999993428588        0.00000000000000D+000
   2.94999993406236        0.00000000000000D+000
   2.95999993383884        0.00000000000000D+000
   2.96999993361533        0.00000000000000D+000
   2.97999993339181        0.00000000000000D+000
   2.98999993316829        0.00000000000000D+000
