 82800        124
   1.15449789877453
  -1.15883832778445
 82800        124
   3.925175683143112E-002
  -0.157072322001710
 82800        124
   1.27650618306608
   0.479879876470425
 82800        124
   1.11681143035281
  -0.167073920793855
 82800        124
   1.27717032459583
   0.287278450483802
 82800        124
   0.370387929116209
  -0.166113197475633
 82800        124
   0.310497887275275
   0.370296173095429
 82800        124
   0.246904768701568
   0.378633906115019
 82800        124
   0.561067660431729
   0.104781971944021
 82800        124
   0.937881629485172
   5.281384948044470E-002
 82800        124
   0.942047236326955
   0.426200282644003
 82800        124
   0.108743573541595
  -0.735023653069621
 82800        124
   6.382140555850313E-002
  -5.896827146081513E-002
 82800        124
   0.536655387129082
  -2.711594208949550E-002
 82800        124
   0.947636446494649
  -0.979970352318119
 82800        124
   0.440850011355009
  -0.168340560547614
 82800        124
   1.18444586412514
  -1.14393800361466
 82800        124
   0.576419953416651
  -0.946942926866298
 82800        124
   0.581456368327688
  -0.746954069953224
 82800        124
   1.17848643412202
  -1.02806463653018
 82800        124
   0.912404000512226
   9.609346395085325E-002
 82800        124
   0.424341753429182
  -0.817987200659094
 82800        124
   0.159742486669427
   0.223929778257752
 82800        124
   1.41688894165544
   7.509455147215667E-002
 82800        124
   0.192634635969005
  -0.936005664252027
 82800        124
   0.461837468425751
   0.192697185393397
 82800        124
   0.643794857865385
   0.602062673320137
 82800        124
   0.489217957026262
   0.136744872169816
 82800        124
  -9.985775509258000E-002
  -0.236747625092957
 82800        124
   0.597105999530411
  -0.669791400805429
 82800        124
   0.708749142553721
  -1.04984875726631
 82800        124
   0.843027900703959
  -0.922978191949850
 82800        124
   0.866939496965031
  -0.867744453289416
 82800        124
   0.487290474431118
  -0.259311093429173
 82800        124
   4.623886158858548E-002
  -0.614469207534721
 82800        124
   0.524080260260850
   0.238264407115283
 82800        124
   1.11659155869054
  -0.166146974353598
 82800        124
   3.749912580635328E-002
  -0.383225502089454
 82800        124
   0.500475257182493
  -0.880474107558402
 82800        124
   0.324737840648886
   0.379095749782167
 82800        124
   3.188646250734117E-002
  -0.351473123319754
 82800        124
   0.496589793393164
   0.216563325669243
 82800        124
   1.07275213536213
  -1.219058042129578E-002
 82800        124
   1.21242753490021
  -1.05686334428001
 82800        124
   0.839377096681110
  -0.843328232376364
 82800        124
   0.612658089108119
   0.675153896944226
 82800        124
   0.960639076582129
  -1.04023216981203
 82800        124
   0.523636899786353
  -1.28344681681310
 82800        124
   1.07957101259169
   0.518463215639618
 82800        124
   0.339698552722537
  -0.686455638989611
 82800        124
   0.342303778828761
  -0.550672820755682
 82800        124
   1.25466776857403
   0.217445323500491
 82800        124
   1.23205231082268
  -0.152889145522070
 82800        124
  -9.789201331049890E-002
  -0.308002959034686
 82800        124
   1.02496375311840
  -1.04896072089276
 82800        124
   0.464508743235482
   0.166694854092135
 82800        124
   0.164766045064136
  -0.866964953253920
 82800        124
   0.485421549445572
  -1.25521455321736
 82800        124
   0.392661986367035
   4.012476564871399E-002
 82800        124
   1.16932757891991
   0.248682102071849
 82800        124
   0.150212109210873
   0.209509623659555
 82800        124
   1.010590988264615E-003
   0.152331316894564
 82800        124
   0.264348766939156
  -0.336603446490554
 82800        124
   1.06675833768796
  -0.983901081707406
 82800        124
   0.704943530631540
   0.691021909630001
 82800        124
   0.694051884487191
  -0.823649553688197
 82800        124
   0.491769625977305
  -0.333924711808002
 82800        124
   0.917586049849228
  -0.942778172505301
 82800        124
   4.036038157706567E-002
  -0.398667857297596
 82800        124
   0.356246624962677
  -0.497367960837371
 82800        124
   0.788699623357147
   0.331255261709733
 82800        124
   0.471739131296562
  -0.353616724809687
 82800        124
   0.582328923764893
  -0.977966827186284
 82800        124
   1.08930379641431
  -0.155285542483688
 82800        124
   0.809372121865616
  -0.863940463308105
 82800        124
   0.897742598118028
  -0.989319478242320
 82800        124
   0.923584649833688
   0.595702130695774
 82800        124
   1.22752067151272
  -0.105933055636129
 82800        124
   0.406840999822995
  -0.415576903190532
 82800        124
   0.574113857107924
  -1.33769174683929
 82800        124
   0.617940319875073
  -0.830470566450490
 82800        124
   1.39752826772428
   1.480581000180919E-002
 82800        124
   0.335504452615468
  -0.193557051354708
 82800        124
  -4.696300272966236E-002
   3.216125192093391E-002
 82800        124
   6.608659347007717E-002
   0.271030456564692
 82800        124
   1.00514026821124
   0.109054241622156
 82800        124
   0.713127785771108
  -1.06673278919893
 82800        124
   0.715318601283480
  -0.883260385787116
 82800        124
   0.775237084438954
   0.560749338268805
 82800        124
   0.964281481872629
   0.352493316990429
 82800        124
   1.06943240596386
  -6.573433991398310E-003
 82800        124
   1.03985235040520
   0.298837943598422
 82800        124
   1.11815129261843
   0.605681683971361
 82800        124
   0.381248510985566
  -0.138626011104729
 82800        124
  -8.832123171772432E-002
  -0.137967684778663
 82800        124
   1.16899037745437
   0.480759441410423
 82800        124
   0.558100213147054
  -0.639480779252549
 82800        124
   0.810430795754825
  -0.864553678957401
 82800        124
   1.12536162035312
  -1.00419434380355
 82800        124
   0.750052036952563
  -0.911518892074197
