 64800         49
   3.3082980246720881     
   2.6344767337351724     
   22.447704194136218     
 64800         49
   3.1217562084637556     
   2.2400087277702205     
   22.642076553884099     
 64800         49
   3.1074151846000255     
   2.1975644694783592     
   22.678472971811125     
 64800         49
   3.1023297462792949     
   2.1839971919208430     
   22.688743344561161     
 64800         49
   3.0451796646351648     
   1.5844437526933550     
   23.546078309363629     
 64800         49
   3.6755633178527054     
   2.0195635179759357     
   24.353969108589730     
 64800         49
   3.2448970002519384     
   2.5209999192721382     
   22.476550792883753     
 64800         49
   3.1139244177013303     
   2.2144585902053056     
   22.666148804221187     
 64800         49
   3.1911603945279730     
   1.8269942154027894     
   23.512048076888270     
 64800         49
   2.8826446606966396     
   1.6534395723366688     
   23.032340419508692     
 64800         49
   3.2310895104324757     
   1.8335120381879262     
   23.598172706310045     
 64800         49
   3.1327108678138291     
   2.2608678684822823     
   22.634687278401913     
 64800         49
   3.4686495729636846     
   1.9162562208838649     
   24.031870528015890     
 64800         49
   3.4639604321962079     
   1.9141403695638919     
   24.024167126542793     
 64800         49
   3.0886727472689874     
   1.6024784056969226     
   23.621473923297071     
 64800         49
   3.2191158302538398     
   2.4483394409250447     
   22.535991495569018     
 64800         49
   3.3435082997870587     
   1.8646086513954423     
   23.817577891996045     
 64800         49
   3.0526838991062113     
   1.9113502105037936     
   23.028996718769619     
 64800         49
   5.0073934190960419     
   2.6754665488166243     
   26.350496716853389     
 64800         49
   3.0587843244002575     
   1.8899701511196998     
   23.080559279752535     
 64800         49
   3.1041053423162492     
   1.8403434643106349     
   23.276767458996780     
 64800         49
   3.0482691587702142     
   1.9864429660522840     
   22.889648232458875     
 64800         49
   2.8871866345706230     
   1.6415328409407317     
   23.063962743067162     
 64800         49
   3.2089446320491772     
   2.4273897274812679     
   22.545597540060736     
 64800         49
   3.3490463462194988     
   1.8663869168422278     
   23.827907465544687     
 64800         49
   3.0893826268040683     
   2.1538660887586212     
   22.707120797797337     
 64800         49
   3.1080882787729585     
   1.8381401651614788     
   23.290267093715538     
 64800         49
   3.2537622332466922     
   2.5570521529937014     
   22.436061475950918     
 64800         49
   2.9263796174012504     
   1.5977687776574696     
   23.235042876548874     
 64800         49
   3.0722698145549985     
   2.0932357525423790     
   22.767748667213997     
 64800         49
   3.0872485930774691     
   2.1412980186483952     
   22.723479462777263     
 64800         49
   3.4127003829379166     
   1.8919181123336104     
   23.938337570856699     
 64800         49
   3.0490392781405120     
   1.9699589339993364     
   22.919923796533190     
 64800         49
   3.3021397118251348     
   2.6288524513976630     
   22.440739740481877     
 64800         49
   3.0539524277962578     
   1.9057180526376809     
   23.041747137370390     
 64800         49
   3.1139523986540762     
   2.2145301719832116     
   22.666097641813622     
 64800         49
   3.1081856818604994     
   1.8384407201204664     
   23.290016733357156     
 64800         49
   3.2988714251586311     
   2.6095662581288837     
   22.466440010032066     
 64800         49
   3.0486615731030184     
   1.9479793627679194     
   22.956499000404794     
 64800         49
   3.4226669301131212     
   1.8955326146237870     
   23.956132033637470     
 64800         49
   3.0635635164639714     
   2.0604221292163607     
   22.801871398703888     
 64800         49
   3.1231187407855270     
   2.2375590889609462     
   22.650072666547192     
 64800         49
   2.9772254095753659     
   2.0387933519645074     
   22.610255042712318     
 64800         49
   3.7512951360245346     
   2.0613059386753210     
   24.464934940557317     
 64800         49
   3.0705831370448990     
   1.5886152552183566     
   23.600223257256154     
 64800         49
   3.0514055866465504     
   2.0104153799936739     
   22.856545682269878     
 64800         49
   2.9202164620083768     
   1.6220157768836527     
   23.179547544645224     
 64800         49
   3.0535922865387453     
   1.9071614442212679     
   23.038391890272891     
 64800         49
   3.2418591716217784     
   2.5193616354608461     
   22.471107929616938     
 64800         49
   3.0497034401547207     
   1.9284143153677020     
   22.992461078475863     
