   9.99999977648258D-003   1.00110980288312     
   1.04999992884696D-002   1.00103169491879     
   1.10249987522141D-002   1.00119003026251     
   1.15762481641119D-002   1.00131197797565     
   1.21550600203189D-002   1.00127171233885     
   1.27628124417364D-002   1.00136063426010     
   1.34009524552449D-002   1.00147790976220     
   1.40709994390000D-002   1.00131278264434     
   1.47745487399924D-002   1.00159481221659     
   1.55132754724867D-002   1.00172101794864     
   1.62889385063804D-002   1.00179216141758     
   1.71033846549823D-002   1.00178345749957     
   1.79585530721785D-002   1.00189733843361     
   1.88564798694569D-002   1.00196842674235     
   1.97993029637827D-002   1.00199553395366     
   2.07892671678675D-002   1.00209783258284     
   2.18287295349513D-002   1.00226119476604     
   2.29201649708240D-002   1.00241416020754     
   2.40661721264465D-002   1.00245098102216     
   2.52694795852043D-002   1.00261320230734     
   2.65329523595219D-002   1.00267215069749     
   2.78595987123082D-002   1.00276572029337     
   2.92525773194744D-002   1.00276148249328     
   3.07152047905766D-002   1.00297044472676     
   3.22509635654903D-002   1.00326271130851     
   3.38635102059190D-002   1.00337545087633     
   3.55566841014770D-002   1.00345799989784     
   3.73345166110760D-002   1.00370888343908     
   3.92012406613814D-002   1.00369269860827     
   4.11613008251896D-002   1.00394919627332     
   4.32193639037253D-002   1.00419812646308     
   4.53803300380517D-002   1.00444612722127     
   4.76493443760515D-002   1.00457359845798     
   5.00318093227563D-002   1.00476479567950     
   5.25333974031916D-002   1.00488632595317     
   5.51600647683635D-002   1.00521366531243     
   5.79180653765449D-002   1.00545361126632     
   6.08139658836235D-002   1.00562780263285     
   6.38546612779689D-002   1.00594153010607     
   6.70473912970398D-002   1.00611424038431     
   7.03997576648230D-002   1.00659512085944     
   7.39197421911421D-002   1.00676617381729     
   7.76157257759312D-002   1.00695426892829     
   8.14965083637216D-002   1.00734868687694     
   8.55713298958513D-002   1.00766090088526     
   8.98498923102849D-002   1.00778759057646     
   9.43423826414224D-002   1.00816041329029     
   9.90594972748982D-002   1.00859164259003     
  0.104012467415118        1.00890644436508     
  0.109213085826173        1.00923139596941     
  0.114673734909796        1.00975247604378     
  0.120407416187216        1.00993755334041     
  0.126427781255104        1.01046965133096     
  0.132749164289313        1.01077521181678     
  0.139386616173805        1.01117560691778     
  0.146355940336023        1.01148183561732     
  0.153673730374029        1.01187075710345     
  0.161357409564996        1.01250243084788     
  0.169425272349125        1.01278816566949     
  0.177896527887755        1.01329495162814     
  0.186791345799375        1.01375503879399     
  0.196130904182439        1.01432561547248     
  0.205937440039310        1.01466480720713     
  0.216234302221413        1.01515725364392     
  0.227046007021629        1.01562926868284     
  0.238398296546313        1.01599980416783     
  0.250318200005912        1.01653408949619     
  0.262834098070106        1.01710480729572     
  0.275975790440705        1.01757392020091     
  0.289774566803189        1.01807702885310     
  0.304263281325820        1.01861082957003     
  0.319476430883708        1.01903421541341     
  0.335450237194070        1.01957030553570     
  0.352222733058259        1.01990157786113     
  0.369833852915884        1.02042713797212     
  0.388325527926625        1.02082240790935     
  0.407741785806153        1.02129088006950     
  0.428128855653817        1.02177885476437     
  0.449535278021733        1.02218866121618     
  0.472012020487307        1.02258511930480     
  0.495612599004386        1.02295507224039     
  0.520393205321954        1.02336889817983     
  0.546412840773770        1.02365385463073     
  0.573733456757464        1.02403792395975     
  0.602420102237594        1.02433206957500     
  0.632541078623845        1.02465692747685     
  0.664168102393128        1.02499012395616     
  0.697376475842782        1.02514419242062     
  0.732245266381419        1.02537971486206     
  0.768857494784315        1.02557138195013     
  0.807300332861548        1.02576623359758     
  0.847665311009546        1.02595238265328     
  0.890048536140192        1.02602816278852     
  0.934550920506380        1.02609179741031     
  0.981278421968838        1.02617086335652     
   1.03034229627628        1.02617930975555     
   1.08185936195954        1.02614980827567     
   1.13595227847045        1.02610765905323     
   1.19274983822754        1.02605040811015     
   1.25238727326418        1.02597834102741     
   1.31500657720891        1.02587219021391     
   1.38075684336495        1.02571674262337     
   1.44979461969358        1.02555926488004     
   1.52228428154667        1.02534662432752     
   1.59839842303583        1.02511571372746     
   1.67831826797004        1.02484610256240     
   1.76223410134009        1.02457565885659     
   1.85034572237723        1.02424912464230     
   1.94286292026473        1.02399575409507     
   2.04000597363504        1.02354689587341     
   2.14200617504173        1.02324037601058     
   2.24910638165500        1.02288784088980     
   2.36156159349200        1.02250531879599     
   2.47963956055857        1.02208584064352     
   2.60362142034807        1.02168004703217     
   2.73380236721513        1.02125586150923     
   2.87049235521803        1.02075829837696     
   3.01401683610319        1.02031921792157     
   3.16471753418883        1.01987731342415     
   3.32295325999278        1.01939161982783     
   3.48910076454166        1.01891796236040     
   3.66355563639546        1.01843530037010     
   3.84673324352328        1.01793489726058     
   4.03906972227291        1.01749801925487     
   4.24102301578871        1.01698565072081     
   4.45307396435040        1.01653042546594     
   4.67572745022881        1.01603201186891     
   4.90951359978419        1.01557029303832     
   5.15498904566955        1.01510045669916     
   5.41273825214400        1.01462672749092     
   5.68337490665172        1.01414287536858     
   5.96754338097988        1.01371174342924     
   6.26592026547423        1.01328021213360     
   6.57921597996558        1.01279510211232     
   6.90817646524239        1.01238387054202     
   7.25358495909699        1.01193764458326     
   7.61626386117395        1.01150785138822     
   7.99707669106089        1.01111573368265     
   8.39693014428360        1.01069510921328     
   8.81677625110095        1.01030921714255     
   9.25761464323934        1.00994949948454     
   9.72049493396384        1.00957532548751     
   10.2065192171527        1.00921013472706     
   10.7168446913256        1.00884844754619     
   11.2526864148729        1.00850902013454     
   11.8153201990466        1.00818257677063     
   12.4060856456006        1.00785342079489     
   13.0263893363124        1.00753897425299     
   13.6777081819813        1.00723496071758     
   14.3615929388765        1.00694878343062     
   15.0796719010062        1.00663955930549     
   15.8336547770017        1.00638910715035     
   16.6253367608443        1.00614269804937     
   17.4566028061286        1.00587476790936     
   18.3294321140394        1.00561089070741     
   19.2459028457259        1.00539281757087     
   20.2081970702961        1.00515396852740     
   21.2186059602089        1.00493077761049     
   22.2795352464374        1.00472033223273     
   23.3935109463883        1.00452039977402     
   24.5631853782181        1.00431549421649     
   25.7913434758651        1.00414394667369     
   27.0809094198313        1.00396821869050     
   28.4349535995044        1.00378023556946     
   29.8566999235954        1.00361374534291     
   31.3495334960968        1.00345072409953     
   32.9170086760394        1.00331694312340     
   34.5628575402361        1.00316196361597     
   36.2909987691624        1.00301197204724     
   38.1055469771308        1.00288480001519     
   40.0108225089733        1.00275728093086     
   42.0113617265573        1.00263189519672     
   44.1119278096273        1.00251835866081     
   46.3175220966880        1.00239731873675     
   48.6333959929309        1.00228680761967     
   51.0650634735564        1.00218542454287     
   53.6183142122622        1.00208907841401     
   56.2992273661549        1.00198926429273     
   59.1141860499063        1.00190315825056     
   62.0698925336175        1.00181144981533     
   65.1733842005753        1.00172984066360     
   68.4320503028949        1.00164684720018     
   71.8536495549453        1.00156911922760     
   75.4463286064435        1.00149975306865     
   79.2186414392044        1.00143021787688     
   83.1795697337254        1.00136675964222     
   87.3385442541007        1.00129999411216     
   91.7054673021795        1.00124234388781     
   96.2907362944310        1.00118104376384 
