           0        1000
   6.92459281496202        5.18944614769092      -0.734668101492328     
  -3.36395090822824       0.771317245462520        3.22052635628041     
   8.46038185748605        5.47720570567362        1.14036447745838     
   2.07714696413133       -1.58454958227096       0.637603193283668     
   1.99018983215644        7.43063825707261        2.49122462361896     
  -3.73639232697119        1.20222154686682        7.27904068928075     
   2.05883916402944       -1.46526913542259        2.42886699642269     
   8.61987581763088       0.119048070826218        3.29877394053497     
   9.13527880607689        1.81073688975838       -3.91930785717331     
   3.20541406557805        2.45732162662538       0.655228406897632     
   2.36986271692554        6.30762791401110        3.17270392986682     
  -3.62373423498127        1.19079862292969D-002   2.16029301556459     
  0.224432521103924      -0.117977700944283        7.40451803774910D-002
  0.660580694013922       0.177934413874730       0.235596854879660     
 -0.235995155421895       0.415565621008921       0.508480435651743     
  0.292747494912127        5.11874084422968D-002  0.582319616509892     
  0.284929988267817       0.117138247137985        7.24950859565485D-002
 -0.106911682415420       0.370927251274162       0.381810746647892     
   6.43622019936422D-002  0.618643173742364       0.454070611530201     
  -1.89571223924732D-002  -6.18944876579952D-002   4.90997908989822D-002
   8.78733868172423D-002  0.395227965481599        3.88563722602217D-002
  -5.13282138540228D-002 -0.152663163234591        6.01112655443800D-002
 -0.425710140225173       -8.45785523190943D-002  -1.04791645875188D-002
 -0.217763377635049       0.264288385013975      -0.233546075038151     
   1.84314853016578D-002  -6.66333904327314D-002   4.61857050652470D-002
 -0.313860280404747       -4.62628396293726D-003   4.34900122734427D-002
   7.00121308593608D-002   7.18975424245294D-002   8.06886535626838D-002
   3.73765049277144D-002   2.98449595284551D-002  0.103706911269968     
  0.101739494226607       -1.41693539199238D-003  0.136927519968663     
  0.201699226279513       0.128880288681680       0.100526169462929     
  0.221839416535660       0.143676722244464       0.129714099183696     
  0.465799705374190       0.113285888810172       -3.97511503995684D-002
 -0.136913390984165      -0.200463434933559       0.744824539064179     
  0.165128196893027       -7.59845292167713D-002  0.204474007675176     
  0.502827754343558      -0.101704311374852       0.395967340515197     
  0.854161102826061        3.06122752324456D-002  -4.52616336773969D-002
 -0.286592262547232       0.680196176571713       0.444699841047437     
   6.95935171452701D-002 -0.214531259538855        3.74984160429829D-002
  0.503414046479722       0.169216725781232       -2.16932250051066D-002
  -9.79230628545002D-002  0.132057367913642       0.291204804571101     
  0.213554952111379        8.55507841852337D-002  -3.81983351114271D-002
   2.74300734057200D-002  0.424330723788343        7.62786203780202D-002
   8.54820750172568D-002  -9.43337371323792D-002  0.139678814618251     
  0.304294249989458        9.28314264079216D-002 -0.214966037369788     
  0.130749713312603       0.351947313222858       -9.92999372948604D-002
  -2.55176192131475D-002  -3.72509580680935D-002 -0.147424189304364     
   9.97599172902704D-002 -0.149145229779087        8.65342884755684D-002
  -8.70649239328766D-002   9.75811914357728D-002  -5.69791465109883D-002
  0.114510166848968      -0.108186545354392       0.100768127955385     
  -4.69320508414132D-002   1.17123350027525D-002   9.41312556663959D-003
   5.17809574223413D-002   3.61860988955552D-003   5.32867156300316D-002
   1.24986299549605D-002   2.55124197549822D-002  -4.69178216943116D-002
  -5.67261664781371D-003   7.85812296405595D-002  0.127394203201273     
   9.28964698798237D-002   5.08036754137642D-002   2.06636843160756D-002
  0.219285666962024       0.195467520321880       -1.22314167332399D-002
  -4.55648075364063D-002  0.312231904491472      -0.244722577203520     
  0.434059281985333       0.568943149178911       0.230447113431532     
  -8.00674579173659D-002  0.366732164983327       0.235912391990593     
   6.10871211987698D-002  0.821482356682007       0.476233507075293     
  0.165230835649621        8.62467922116348D-002   3.77967209906622D-002
  0.179145492371661       0.222970900097230       0.428414997573646     
  0.240750905649538      -0.297078507712352        1.95373588366697D-002
 -0.380702376408910       -7.92407369020183D-002 -0.322456909810116     
 -0.132596959738645      -0.303791255508148      -0.186104860797704     
 -0.156228340513879      -0.258579712603680        4.76624675207858D-003
 -0.278241468406248       -3.90292812461024D-002   5.39485308885602D-002
   9.31792559461444D-002  0.109251789160797       0.100782917620003     
   8.05106979593330D-002  0.155963845981198       0.146030286635063     
  -2.83057652781254D-002  0.183088268616798       0.396028466697685     
   1.25948361426566D-002 -0.166158400960806       -9.26727569564734D-002
  0.578173589941296       0.361876250737580       0.172059367356281     
  0.234175127204663       0.246114366279909       -6.74339904648598D-002
  0.246946359557819       0.493565112438214       0.248995817398965     
  0.225021783214620       0.341531297120857       0.164473679597543     
  -4.38833476148314D-002  0.400469184085261        8.06477202866208D-002
  -3.52334635249885D-002 -0.111432193576759      -0.140256304806129     
   2.19234944558397D-002 -0.104496606976159        4.28268859233963D-002
 -0.138609089286285        3.44767576315804D-002  -7.86777220715177D-002
   8.71667683903911D-002  -8.68822928568737D-002  0.184708690026321     
   5.80404294082929D-002   5.76109873918491D-002  0.333223490522940     
  0.170062443818334       -6.38370888227849D-003  0.349071131492725     
  0.199001318468835       -3.73824096389631D-002  -3.78189176343669D-003
  0.555403613348991       0.194521130052569       0.570167820069662     
  0.542977118115411       0.190449242403077       0.475620718892240     
  0.528288107641288       0.108383875792133        1.04917280963676     
  0.479604537745082       -9.47168340598789D-002  -2.01654473136064D-002
  -1.78972775144705D-002   2.30939356126830D-002 -0.102684483504156     
  -2.31607440590574D-003  -5.74240069396230D-002  -7.01793300226932D-002
  0.109723987934054      -0.111662854362618        1.25752548923928D-002
  0.155295572529050       0.148173938508701       0.112789239969945     
   4.23795852987171D-002  0.235349636061600       0.498444088149931     
   9.30046289675746D-002  -3.64410738765458D-002 -0.332209807036945     
  0.447841326725433       0.554773157467589       0.162696397884749     
 -0.305147968192891        2.99937756640925D-002   1.13781191489187     
 -0.103513826636251      -0.259286713339798       0.188987504382684     
  0.547302584019189       -4.70947208740894D-002   1.52958279862078D-002
 -0.256154980593783        8.16774848913060D-002  0.385916368673864     
  0.644241467115758       0.273616495322719       -5.24693965035327D-002
  0.249479771320380        3.02493091127641D-002 -0.371846934272228     
  0.156104293813474      -0.392212865873898       -9.55925449783234D-002
 -0.325976300546424      -0.181314020346794      -0.248213801063953     
 -0.235427192752993      -0.124331645107166      -0.168260843940050     
 -0.100409824899133       0.117218883842394       0.181888489263522     
  0.124518026479678       0.122401871749198       0.202157465625687     
  0.181966931644561       0.140437710415964       0.206912926391646     
  0.221958956067875       0.144458204790649       0.122293271540285     
  0.102467938468852       0.105636137164089        9.73373291180083D-002
   9.91674175726647D-002  0.101256662332830       0.101759467988869     
  0.128914744905133        9.77696049948057D-002   1.95169241814911D-002
   1.91829000261203D-002   4.27074153758634D-002   3.22753943049854D-002
   4.68451852638804D-002  -2.26371491934525D-002   2.16221028840861D-002
   2.63643223920289D-002   4.74034585259527D-002  -3.37766153152093D-002
   5.30394328716275D-002   9.62878059833788D-002   8.35747109692443D-002
  0.155267317919757       0.209553751177948       0.123167059298294     
   4.64570588663667D-002  0.160843303573401       0.234132189899344     
  0.231566129588758       0.200111545411795        3.24284355172951D-002
 -0.111366335769921       -1.85573352161956D-002  0.300155424040906     
  0.692525370691293       0.305192336609652      -0.146798298270568     
  0.270445171502140       0.610039127972276       0.118292301221938     
  -9.02677380313017D-002  0.225935130132372       0.196348193272061     
   5.22210881134674D-003 -0.138259787972273       0.471998675301529     
  0.711980017987835       -6.50631113321427D-002 -0.195070360387866     
 -0.323700885023372        1.66408000652290D-002 -0.349592952721931     
  -9.44592477271842D-002 -0.299001985591117      -0.165678106414459     
 -0.180364562470433      -0.195806365613163      -0.135530260455869     
 -0.147351545570104       -3.81966029140642D-002   9.33370979952939D-002
 -0.204218620276250       -3.10701948841294D-002  -1.46497228629672D-002
 -0.157900763435040       -3.54446759470129D-003   4.15387648649483D-002
   5.23825254266018D-002 -0.136737229828985        3.92205267664100D-002
   8.52035554792090D-002   5.28787333579182D-002  0.148588047745194     
  0.236527979671467       0.139211753346888        4.41278186243963D-002
  -1.40518316924299D-002   5.62282203375254D-002  0.492322048628986     
