  num_copies:  0  num_qc:  0
  num_obs:  20  max_num_obs:  20
  first:  1  last:  20
 OBS  1
 -1 2 -1
obdef
loc3d
       4.45058959258554       0.69813170079773       1.00000000000000        1
kind
 3
       43200            0
 3.000000000000000
 OBS  2
 1 3 -1
obdef
loc3d
       4.45058959258554       0.69813170079773       1.00000000000000        1
kind
 3
       43200            1
 3.000000000000000
 OBS  3
 2 4 -1
obdef
loc3d
       4.45058959258554       0.69813170079773       1.00000000000000        1
kind
 3
       43200            2
 3.000000000000000
 OBS  4
 3 5 -1
obdef
loc3d
       4.45058959258554       0.69813170079773       1.00000000000000        1
kind
 3
       43200            3
 3.000000000000000
 OBS  5
 4 6 -1
obdef
loc3d
       4.45058959258554       0.69813170079773       1.00000000000000        1
kind
 3
       43200            4
 3.000000000000000
 OBS  6
 5 7 -1
obdef
loc3d
       4.45058959258554       0.69813170079773       1.00000000000000        1
kind
 3
       43200            5
 3.000000000000000
 OBS  7
 6 8 -1
obdef
loc3d
       4.45058959258554       0.69813170079773       1.00000000000000        1
kind
 3
       43200            6
 3.000000000000000
 OBS  8
 7 9 -1
obdef
loc3d
       4.45058959258554       0.69813170079773       1.00000000000000        1
kind
 3
       43200            7
 3.000000000000000
 OBS  9
 8 10 -1
obdef
loc3d
       4.45058959258554       0.69813170079773       1.00000000000000        1
kind
 3
       43200            8
 3.000000000000000
 OBS  10
 9 11 -1
obdef
loc3d
       4.45058959258554       0.69813170079773       1.00000000000000        1
kind
 3
       43200            9
 3.000000000000000
 OBS  11
 10 12 -1
obdef
loc3d
       4.45058959258554       0.69813170079773       1.00000000000000        1
kind
 3
       43200           10
 3.000000000000000
 OBS  12
 11 13 -1
obdef
loc3d
       4.45058959258554       0.69813170079773       1.00000000000000        1
kind
 3
       43200           11
 3.000000000000000
 OBS  13
 12 14 -1
obdef
loc3d
       4.45058959258554       0.69813170079773       1.00000000000000        1
kind
 3
       43200           12
 3.000000000000000
 OBS  14
 13 15 -1
obdef
loc3d
       4.45058959258554       0.69813170079773       1.00000000000000        1
kind
 3
       43200           13
 3.000000000000000
 OBS  15
 14 16 -1
obdef
loc3d
       4.45058959258554       0.69813170079773       1.00000000000000        1
kind
 3
       43200           14
 3.000000000000000
 OBS  16
 15 17 -1
obdef
loc3d
       4.45058959258554       0.69813170079773       1.00000000000000        1
kind
 3
       43200           15
 3.000000000000000
 OBS  17
 16 18 -1
obdef
loc3d
       4.45058959258554       0.69813170079773       1.00000000000000        1
kind
 3
       43200           16
 3.000000000000000
 OBS  18
 17 19 -1
obdef
loc3d
       4.45058959258554       0.69813170079773       1.00000000000000        1
kind
 3
       43200           17
 3.000000000000000
 OBS  19
 18 20 -1
obdef
loc3d
       4.45058959258554       0.69813170079773       1.00000000000000        1
kind
 3
       43200           18
 3.000000000000000
 OBS  20
 19 -1 -1
obdef
loc3d
       4.45058959258554       0.69813170079773       1.00000000000000        1
kind
 3
       43200           19
 3.000000000000000
