 obs_sequence
obs_kind_definitions
           29
            1 RADIOSONDE_U_WIND_COMPONENT     
            2 RADIOSONDE_V_WIND_COMPONENT     
            3 RADIOSONDE_SURFACE_PRESSURE     
            4 RADIOSONDE_TEMPERATURE          
            5 RADIOSONDE_SPECIFIC_HUMIDITY    
            6 AIRCRAFT_U_WIND_COMPONENT       
            7 AIRCRAFT_V_WIND_COMPONENT       
            8 AIRCRAFT_TEMPERATURE            
            9 ACARS_U_WIND_COMPONENT          
           10 ACARS_V_WIND_COMPONENT          
           11 ACARS_TEMPERATURE               
           12 MARINE_SFC_U_WIND_COMPONENT     
           13 MARINE_SFC_V_WIND_COMPONENT     
           14 MARINE_SFC_TEMPERATURE          
           15 MARINE_SFC_SPECIFIC_HUMIDITY    
           16 LAND_SFC_U_WIND_COMPONENT       
           17 LAND_SFC_V_WIND_COMPONENT       
           18 LAND_SFC_TEMPERATURE            
           19 LAND_SFC_SPECIFIC_HUMIDITY      
           20 SAT_U_WIND_COMPONENT            
           21 SAT_V_WIND_COMPONENT            
           22 ATOV_TEMPERATURE                
           23 AIRS_TEMPERATURE                
           24 AIRS_SPECIFIC_HUMIDITY          
           25 METAR_U_10_METER_WIND           
           26 METAR_V_10_METER_WIND           
           27 METAR_TEMPERATURE_2_METER       
           28 METAR_SPECIFIC_HUMIDITY_2_METER 
           29 METAR_SURFACE_PRESSURE          
  num_copies:             0  num_qc:             0
  num_obs:           196  max_num_obs:           196
  first:             1  last:           196
 OBS             1
           -1            2           -1
obdef
loc3d
       4.58175108587291       0.63887777269252      10.00000000000000        3
kind
           25
 43200     147021
    2.000000000000000     
 OBS             2
            1            3           -1
obdef
loc3d
       4.58175108587291       0.63887777269252      10.00000000000000        3
kind
           26
 43200     147021
    2.000000000000000     
 OBS             3
            2            4           -1
obdef
loc3d
       4.58175108587291       0.63887777269252       2.00000000000000        3
kind
           27
 43200     147021
    1.000000000000000     
 OBS             4
            3            5           -1
obdef
loc3d
       4.58175108587291       0.63887777269252       2.00000000000000        3
kind
           28
 43200     147021
   1.0000000000000000E-006
 OBS             5
            4            6           -1
obdef
loc3d
       4.58175108587291       0.63887777269252      10.00000000000000        3
kind
           25
 45000     147021
    2.000000000000000     
 OBS             6
            5            7           -1
obdef
loc3d
       4.58175108587291       0.63887777269252      10.00000000000000        3
kind
           26
 45000     147021
    2.000000000000000     
 OBS             7
            6            8           -1
obdef
loc3d
       4.58175108587291       0.63887777269252       2.00000000000000        3
kind
           27
 45000     147021
    1.000000000000000     
 OBS             8
            7            9           -1
obdef
loc3d
       4.58175108587291       0.63887777269252       2.00000000000000        3
kind
           28
 45000     147021
   1.0000000000000000E-006
 OBS             9
            8           10           -1
obdef
loc3d
       4.58175108587291       0.63887777269252      10.00000000000000        3
kind
           25
 46800     147021
    2.000000000000000     
 OBS            10
            9           11           -1
obdef
loc3d
       4.58175108587291       0.63887777269252      10.00000000000000        3
kind
           26
 46800     147021
    2.000000000000000     
 OBS            11
           10           12           -1
obdef
loc3d
       4.58175108587291       0.63887777269252       2.00000000000000        3
kind
           27
 46800     147021
    1.000000000000000     
 OBS            12
           11           13           -1
obdef
loc3d
       4.58175108587291       0.63887777269252       2.00000000000000        3
kind
           28
 46800     147021
   1.0000000000000000E-006
 OBS            13
           12           14           -1
obdef
loc3d
       4.58175108587291       0.63887777269252      10.00000000000000        3
kind
           25
 48600     147021
    2.000000000000000     
 OBS            14
           13           15           -1
obdef
loc3d
       4.58175108587291       0.63887777269252      10.00000000000000        3
kind
           26
 48600     147021
    2.000000000000000     
 OBS            15
           14           16           -1
obdef
loc3d
       4.58175108587291       0.63887777269252       2.00000000000000        3
kind
           27
 48600     147021
    1.000000000000000     
 OBS            16
           15           17           -1
obdef
loc3d
       4.58175108587291       0.63887777269252       2.00000000000000        3
kind
           28
 48600     147021
   1.0000000000000000E-006
 OBS            17
           16           18           -1
obdef
loc3d
       4.58175108587291       0.63887777269252      10.00000000000000        3
kind
           25
 50400     147021
    2.000000000000000     
 OBS            18
           17           19           -1
obdef
loc3d
       4.58175108587291       0.63887777269252      10.00000000000000        3
kind
           26
 50400     147021
    2.000000000000000     
 OBS            19
           18           20           -1
obdef
loc3d
       4.58175108587291       0.63887777269252       2.00000000000000        3
kind
           27
 50400     147021
    1.000000000000000     
 OBS            20
           19           21           -1
obdef
loc3d
       4.58175108587291       0.63887777269252       2.00000000000000        3
kind
           28
 50400     147021
   1.0000000000000000E-006
 OBS            21
           20           22           -1
obdef
loc3d
       4.58175108587291       0.63887777269252      10.00000000000000        3
kind
           25
 52200     147021
    2.000000000000000     
 OBS            22
           21           23           -1
obdef
loc3d
       4.58175108587291       0.63887777269252      10.00000000000000        3
kind
           26
 52200     147021
    2.000000000000000     
 OBS            23
           22           24           -1
obdef
loc3d
       4.58175108587291       0.63887777269252       2.00000000000000        3
kind
           27
 52200     147021
    1.000000000000000     
 OBS            24
           23           25           -1
obdef
loc3d
       4.58175108587291       0.63887777269252       2.00000000000000        3
kind
           28
 52200     147021
   1.0000000000000000E-006
 OBS            25
           24           26           -1
obdef
loc3d
       4.58175108587291       0.63887777269252      10.00000000000000        3
kind
           25
 54000     147021
    2.000000000000000     
 OBS            26
           25           27           -1
obdef
loc3d
       4.58175108587291       0.63887777269252      10.00000000000000        3
kind
           26
 54000     147021
    2.000000000000000     
 OBS            27
           26           28           -1
obdef
loc3d
       4.58175108587291       0.63887777269252       2.00000000000000        3
kind
           27
 54000     147021
    1.000000000000000     
 OBS            28
           27           29           -1
obdef
loc3d
       4.58175108587291       0.63887777269252       2.00000000000000        3
kind
           28
 54000     147021
   1.0000000000000000E-006
 OBS            29
           28           30           -1
obdef
loc3d
       4.58175108587291       0.63887777269252      10.00000000000000        3
kind
           25
 55800     147021
    2.000000000000000     
 OBS            30
           29           31           -1
obdef
loc3d
       4.58175108587291       0.63887777269252      10.00000000000000        3
kind
           26
 55800     147021
    2.000000000000000     
 OBS            31
           30           32           -1
obdef
loc3d
       4.58175108587291       0.63887777269252       2.00000000000000        3
kind
           27
 55800     147021
    1.000000000000000     
 OBS            32
           31           33           -1
obdef
loc3d
       4.58175108587291       0.63887777269252       2.00000000000000        3
kind
           28
 55800     147021
   1.0000000000000000E-006
 OBS            33
           32           34           -1
obdef
loc3d
       4.58175108587291       0.63887777269252      10.00000000000000        3
kind
           25
 57600     147021
    2.000000000000000     
 OBS            34
           33           35           -1
obdef
loc3d
       4.58175108587291       0.63887777269252      10.00000000000000        3
kind
           26
 57600     147021
    2.000000000000000     
 OBS            35
           34           36           -1
obdef
loc3d
       4.58175108587291       0.63887777269252       2.00000000000000        3
kind
           27
 57600     147021
    1.000000000000000     
 OBS            36
           35           37           -1
obdef
loc3d
       4.58175108587291       0.63887777269252       2.00000000000000        3
kind
           28
 57600     147021
   1.0000000000000000E-006
 OBS            37
           36           38           -1
obdef
loc3d
       4.58175108587291       0.63887777269252      10.00000000000000        3
kind
           25
 59400     147021
    2.000000000000000     
 OBS            38
           37           39           -1
obdef
loc3d
       4.58175108587291       0.63887777269252      10.00000000000000        3
kind
           26
 59400     147021
    2.000000000000000     
 OBS            39
           38           40           -1
obdef
loc3d
       4.58175108587291       0.63887777269252       2.00000000000000        3
kind
           27
 59400     147021
    1.000000000000000     
 OBS            40
           39           41           -1
obdef
loc3d
       4.58175108587291       0.63887777269252       2.00000000000000        3
kind
           28
 59400     147021
   1.0000000000000000E-006
 OBS            41
           40           42           -1
obdef
loc3d
       4.58175108587291       0.63887777269252      10.00000000000000        3
kind
           25
 61200     147021
    2.000000000000000     
 OBS            42
           41           43           -1
obdef
loc3d
       4.58175108587291       0.63887777269252      10.00000000000000        3
kind
           26
 61200     147021
    2.000000000000000     
 OBS            43
           42           44           -1
obdef
loc3d
       4.58175108587291       0.63887777269252       2.00000000000000        3
kind
           27
 61200     147021
    1.000000000000000     
 OBS            44
           43           45           -1
obdef
loc3d
       4.58175108587291       0.63887777269252       2.00000000000000        3
kind
           28
 61200     147021
   1.0000000000000000E-006
 OBS            45
           44           46           -1
obdef
loc3d
       4.58175108587291       0.63887777269252      10.00000000000000        3
kind
           25
 63000     147021
    2.000000000000000     
 OBS            46
           45           47           -1
obdef
loc3d
       4.58175108587291       0.63887777269252      10.00000000000000        3
kind
           26
 63000     147021
    2.000000000000000     
 OBS            47
           46           48           -1
obdef
loc3d
       4.58175108587291       0.63887777269252       2.00000000000000        3
kind
           27
 63000     147021
    1.000000000000000     
 OBS            48
           47           49           -1
obdef
loc3d
       4.58175108587291       0.63887777269252       2.00000000000000        3
kind
           28
 63000     147021
   1.0000000000000000E-006
 OBS            49
           48           50           -1
obdef
loc3d
       4.58175108587291       0.63887777269252      10.00000000000000        3
kind
           25
 64800     147021
    2.000000000000000     
 OBS            50
           49           51           -1
obdef
loc3d
       4.58175108587291       0.63887777269252      10.00000000000000        3
kind
           26
 64800     147021
    2.000000000000000     
 OBS            51
           50           52           -1
obdef
loc3d
       4.58175108587291       0.63887777269252       2.00000000000000        3
kind
           27
 64800     147021
    1.000000000000000     
 OBS            52
           51           53           -1
obdef
loc3d
       4.58175108587291       0.63887777269252       2.00000000000000        3
kind
           28
 64800     147021
   1.0000000000000000E-006
 OBS            53
           52           54           -1
obdef
loc3d
       4.58175108587291       0.63887777269252      10.00000000000000        3
kind
           25
 66600     147021
    2.000000000000000     
 OBS            54
           53           55           -1
obdef
loc3d
       4.58175108587291       0.63887777269252      10.00000000000000        3
kind
           26
 66600     147021
    2.000000000000000     
 OBS            55
           54           56           -1
obdef
loc3d
       4.58175108587291       0.63887777269252       2.00000000000000        3
kind
           27
 66600     147021
    1.000000000000000     
 OBS            56
           55           57           -1
obdef
loc3d
       4.58175108587291       0.63887777269252       2.00000000000000        3
kind
           28
 66600     147021
   1.0000000000000000E-006
 OBS            57
           56           58           -1
obdef
loc3d
       4.58175108587291       0.63887777269252      10.00000000000000        3
kind
           25
 68400     147021
    2.000000000000000     
 OBS            58
           57           59           -1
obdef
loc3d
       4.58175108587291       0.63887777269252      10.00000000000000        3
kind
           26
 68400     147021
    2.000000000000000     
 OBS            59
           58           60           -1
obdef
loc3d
       4.58175108587291       0.63887777269252       2.00000000000000        3
kind
           27
 68400     147021
    1.000000000000000     
 OBS            60
           59           61           -1
obdef
loc3d
       4.58175108587291       0.63887777269252       2.00000000000000        3
kind
           28
 68400     147021
   1.0000000000000000E-006
 OBS            61
           60           62           -1
obdef
loc3d
       4.58175108587291       0.63887777269252      10.00000000000000        3
kind
           25
 70200     147021
    2.000000000000000     
 OBS            62
           61           63           -1
obdef
loc3d
       4.58175108587291       0.63887777269252      10.00000000000000        3
kind
           26
 70200     147021
    2.000000000000000     
 OBS            63
           62           64           -1
obdef
loc3d
       4.58175108587291       0.63887777269252       2.00000000000000        3
kind
           27
 70200     147021
    1.000000000000000     
 OBS            64
           63           65           -1
obdef
loc3d
       4.58175108587291       0.63887777269252       2.00000000000000        3
kind
           28
 70200     147021
   1.0000000000000000E-006
 OBS            65
           64           66           -1
obdef
loc3d
       4.58175108587291       0.63887777269252      10.00000000000000        3
kind
           25
 72000     147021
    2.000000000000000     
 OBS            66
           65           67           -1
obdef
loc3d
       4.58175108587291       0.63887777269252      10.00000000000000        3
kind
           26
 72000     147021
    2.000000000000000     
 OBS            67
           66           68           -1
obdef
loc3d
       4.58175108587291       0.63887777269252       2.00000000000000        3
kind
           27
 72000     147021
    1.000000000000000     
 OBS            68
           67           69           -1
obdef
loc3d
       4.58175108587291       0.63887777269252       2.00000000000000        3
kind
           28
 72000     147021
   1.0000000000000000E-006
 OBS            69
           68           70           -1
obdef
loc3d
       4.58175108587291       0.63887777269252      10.00000000000000        3
kind
           25
 73800     147021
    2.000000000000000     
 OBS            70
           69           71           -1
obdef
loc3d
       4.58175108587291       0.63887777269252      10.00000000000000        3
kind
           26
 73800     147021
    2.000000000000000     
 OBS            71
           70           72           -1
obdef
loc3d
       4.58175108587291       0.63887777269252       2.00000000000000        3
kind
           27
 73800     147021
    1.000000000000000     
 OBS            72
           71           73           -1
obdef
loc3d
       4.58175108587291       0.63887777269252       2.00000000000000        3
kind
           28
 73800     147021
   1.0000000000000000E-006
 OBS            73
           72           74           -1
obdef
loc3d
       4.58175108587291       0.63887777269252      10.00000000000000        3
kind
           25
 75600     147021
    2.000000000000000     
 OBS            74
           73           75           -1
obdef
loc3d
       4.58175108587291       0.63887777269252      10.00000000000000        3
kind
           26
 75600     147021
    2.000000000000000     
 OBS            75
           74           76           -1
obdef
loc3d
       4.58175108587291       0.63887777269252       2.00000000000000        3
kind
           27
 75600     147021
    1.000000000000000     
 OBS            76
           75           77           -1
obdef
loc3d
       4.58175108587291       0.63887777269252       2.00000000000000        3
kind
           28
 75600     147021
   1.0000000000000000E-006
 OBS            77
           76           78           -1
obdef
loc3d
       4.58175108587291       0.63887777269252      10.00000000000000        3
kind
           25
 77400     147021
    2.000000000000000     
 OBS            78
           77           79           -1
obdef
loc3d
       4.58175108587291       0.63887777269252      10.00000000000000        3
kind
           26
 77400     147021
    2.000000000000000     
 OBS            79
           78           80           -1
obdef
loc3d
       4.58175108587291       0.63887777269252       2.00000000000000        3
kind
           27
 77400     147021
    1.000000000000000     
 OBS            80
           79           81           -1
obdef
loc3d
       4.58175108587291       0.63887777269252       2.00000000000000        3
kind
           28
 77400     147021
   1.0000000000000000E-006
 OBS            81
           80           82           -1
obdef
loc3d
       4.58175108587291       0.63887777269252      10.00000000000000        3
kind
           25
 79200     147021
    2.000000000000000     
 OBS            82
           81           83           -1
obdef
loc3d
       4.58175108587291       0.63887777269252      10.00000000000000        3
kind
           26
 79200     147021
    2.000000000000000     
 OBS            83
           82           84           -1
obdef
loc3d
       4.58175108587291       0.63887777269252       2.00000000000000        3
kind
           27
 79200     147021
    1.000000000000000     
 OBS            84
           83           85           -1
obdef
loc3d
       4.58175108587291       0.63887777269252       2.00000000000000        3
kind
           28
 79200     147021
   1.0000000000000000E-006
 OBS            85
           84           86           -1
obdef
loc3d
       4.58175108587291       0.63887777269252      10.00000000000000        3
kind
           25
 81000     147021
    2.000000000000000     
 OBS            86
           85           87           -1
obdef
loc3d
       4.58175108587291       0.63887777269252      10.00000000000000        3
kind
           26
 81000     147021
    2.000000000000000     
 OBS            87
           86           88           -1
obdef
loc3d
       4.58175108587291       0.63887777269252       2.00000000000000        3
kind
           27
 81000     147021
    1.000000000000000     
 OBS            88
           87           89           -1
obdef
loc3d
       4.58175108587291       0.63887777269252       2.00000000000000        3
kind
           28
 81000     147021
   1.0000000000000000E-006
 OBS            89
           88           90           -1
obdef
loc3d
       4.58175108587291       0.63887777269252      10.00000000000000        3
kind
           25
 82800     147021
    2.000000000000000     
 OBS            90
           89           91           -1
obdef
loc3d
       4.58175108587291       0.63887777269252      10.00000000000000        3
kind
           26
 82800     147021
    2.000000000000000     
 OBS            91
           90           92           -1
obdef
loc3d
       4.58175108587291       0.63887777269252       2.00000000000000        3
kind
           27
 82800     147021
    1.000000000000000     
 OBS            92
           91           93           -1
obdef
loc3d
       4.58175108587291       0.63887777269252       2.00000000000000        3
kind
           28
 82800     147021
   1.0000000000000000E-006
 OBS            93
           92           94           -1
obdef
loc3d
       4.58175108587291       0.63887777269252      10.00000000000000        3
kind
           25
 84600     147021
    2.000000000000000     
 OBS            94
           93           95           -1
obdef
loc3d
       4.58175108587291       0.63887777269252      10.00000000000000        3
kind
           26
 84600     147021
    2.000000000000000     
 OBS            95
           94           96           -1
obdef
loc3d
       4.58175108587291       0.63887777269252       2.00000000000000        3
kind
           27
 84600     147021
    1.000000000000000     
 OBS            96
           95           97           -1
obdef
loc3d
       4.58175108587291       0.63887777269252       2.00000000000000        3
kind
           28
 84600     147021
   1.0000000000000000E-006
 OBS            97
           96           98           -1
obdef
loc3d
       4.58175108587291       0.63887777269252      10.00000000000000        3
kind
           25
     0     147022
    2.000000000000000     
 OBS            98
           97           99           -1
obdef
loc3d
       4.58175108587291       0.63887777269252      10.00000000000000        3
kind
           26
     0     147022
    2.000000000000000     
 OBS            99
           98          100           -1
obdef
loc3d
       4.58175108587291       0.63887777269252       2.00000000000000        3
kind
           27
     0     147022
    1.000000000000000     
 OBS           100
           99          101           -1
obdef
loc3d
       4.58175108587291       0.63887777269252       2.00000000000000        3
kind
           28
     0     147022
   1.0000000000000000E-006
 OBS           101
          100          102           -1
obdef
loc3d
       4.58175108587291       0.63887777269252      10.00000000000000        3
kind
           25
  1800     147022
    2.000000000000000     
 OBS           102
          101          103           -1
obdef
loc3d
       4.58175108587291       0.63887777269252      10.00000000000000        3
kind
           26
  1800     147022
    2.000000000000000     
 OBS           103
          102          104           -1
obdef
loc3d
       4.58175108587291       0.63887777269252       2.00000000000000        3
kind
           27
  1800     147022
    1.000000000000000     
 OBS           104
          103          105           -1
obdef
loc3d
       4.58175108587291       0.63887777269252       2.00000000000000        3
kind
           28
  1800     147022
   1.0000000000000000E-006
 OBS           105
          104          106           -1
obdef
loc3d
       4.58175108587291       0.63887777269252      10.00000000000000        3
kind
           25
  3600     147022
    2.000000000000000     
 OBS           106
          105          107           -1
obdef
loc3d
       4.58175108587291       0.63887777269252      10.00000000000000        3
kind
           26
  3600     147022
    2.000000000000000     
 OBS           107
          106          108           -1
obdef
loc3d
       4.58175108587291       0.63887777269252       2.00000000000000        3
kind
           27
  3600     147022
    1.000000000000000     
 OBS           108
          107          109           -1
obdef
loc3d
       4.58175108587291       0.63887777269252       2.00000000000000        3
kind
           28
  3600     147022
   1.0000000000000000E-006
 OBS           109
          108          110           -1
obdef
loc3d
       4.58175108587291       0.63887777269252      10.00000000000000        3
kind
           25
  5400     147022
    2.000000000000000     
 OBS           110
          109          111           -1
obdef
loc3d
       4.58175108587291       0.63887777269252      10.00000000000000        3
kind
           26
  5400     147022
    2.000000000000000     
 OBS           111
          110          112           -1
obdef
loc3d
       4.58175108587291       0.63887777269252       2.00000000000000        3
kind
           27
  5400     147022
    1.000000000000000     
 OBS           112
          111          113           -1
obdef
loc3d
       4.58175108587291       0.63887777269252       2.00000000000000        3
kind
           28
  5400     147022
   1.0000000000000000E-006
 OBS           113
          112          114           -1
obdef
loc3d
       4.58175108587291       0.63887777269252      10.00000000000000        3
kind
           25
  7200     147022
    2.000000000000000     
 OBS           114
          113          115           -1
obdef
loc3d
       4.58175108587291       0.63887777269252      10.00000000000000        3
kind
           26
  7200     147022
    2.000000000000000     
 OBS           115
          114          116           -1
obdef
loc3d
       4.58175108587291       0.63887777269252       2.00000000000000        3
kind
           27
  7200     147022
    1.000000000000000     
 OBS           116
          115          117           -1
obdef
loc3d
       4.58175108587291       0.63887777269252       2.00000000000000        3
kind
           28
  7200     147022
   1.0000000000000000E-006
 OBS           117
          116          118           -1
obdef
loc3d
       4.58175108587291       0.63887777269252      10.00000000000000        3
kind
           25
  9000     147022
    2.000000000000000     
 OBS           118
          117          119           -1
obdef
loc3d
       4.58175108587291       0.63887777269252      10.00000000000000        3
kind
           26
  9000     147022
    2.000000000000000     
 OBS           119
          118          120           -1
obdef
loc3d
       4.58175108587291       0.63887777269252       2.00000000000000        3
kind
           27
  9000     147022
    1.000000000000000     
 OBS           120
          119          121           -1
obdef
loc3d
       4.58175108587291       0.63887777269252       2.00000000000000        3
kind
           28
  9000     147022
   1.0000000000000000E-006
 OBS           121
          120          122           -1
obdef
loc3d
       4.58175108587291       0.63887777269252      10.00000000000000        3
kind
           25
 10800     147022
    2.000000000000000     
 OBS           122
          121          123           -1
obdef
loc3d
       4.58175108587291       0.63887777269252      10.00000000000000        3
kind
           26
 10800     147022
    2.000000000000000     
 OBS           123
          122          124           -1
obdef
loc3d
       4.58175108587291       0.63887777269252       2.00000000000000        3
kind
           27
 10800     147022
    1.000000000000000     
 OBS           124
          123          125           -1
obdef
loc3d
       4.58175108587291       0.63887777269252       2.00000000000000        3
kind
           28
 10800     147022
   1.0000000000000000E-006
 OBS           125
          124          126           -1
obdef
loc3d
       4.58175108587291       0.63887777269252      10.00000000000000        3
kind
           25
 12600     147022
    2.000000000000000     
 OBS           126
          125          127           -1
obdef
loc3d
       4.58175108587291       0.63887777269252      10.00000000000000        3
kind
           26
 12600     147022
    2.000000000000000     
 OBS           127
          126          128           -1
obdef
loc3d
       4.58175108587291       0.63887777269252       2.00000000000000        3
kind
           27
 12600     147022
    1.000000000000000     
 OBS           128
          127          129           -1
obdef
loc3d
       4.58175108587291       0.63887777269252       2.00000000000000        3
kind
           28
 12600     147022
   1.0000000000000000E-006
 OBS           129
          128          130           -1
obdef
loc3d
       4.58175108587291       0.63887777269252      10.00000000000000        3
kind
           25
 14400     147022
    2.000000000000000     
 OBS           130
          129          131           -1
obdef
loc3d
       4.58175108587291       0.63887777269252      10.00000000000000        3
kind
           26
 14400     147022
    2.000000000000000     
 OBS           131
          130          132           -1
obdef
loc3d
       4.58175108587291       0.63887777269252       2.00000000000000        3
kind
           27
 14400     147022
    1.000000000000000     
 OBS           132
          131          133           -1
obdef
loc3d
       4.58175108587291       0.63887777269252       2.00000000000000        3
kind
           28
 14400     147022
   1.0000000000000000E-006
 OBS           133
          132          134           -1
obdef
loc3d
       4.58175108587291       0.63887777269252      10.00000000000000        3
kind
           25
 16200     147022
    2.000000000000000     
 OBS           134
          133          135           -1
obdef
loc3d
       4.58175108587291       0.63887777269252      10.00000000000000        3
kind
           26
 16200     147022
    2.000000000000000     
 OBS           135
          134          136           -1
obdef
loc3d
       4.58175108587291       0.63887777269252       2.00000000000000        3
kind
           27
 16200     147022
    1.000000000000000     
 OBS           136
          135          137           -1
obdef
loc3d
       4.58175108587291       0.63887777269252       2.00000000000000        3
kind
           28
 16200     147022
   1.0000000000000000E-006
 OBS           137
          136          138           -1
obdef
loc3d
       4.58175108587291       0.63887777269252      10.00000000000000        3
kind
           25
 18000     147022
    2.000000000000000     
 OBS           138
          137          139           -1
obdef
loc3d
       4.58175108587291       0.63887777269252      10.00000000000000        3
kind
           26
 18000     147022
    2.000000000000000     
 OBS           139
          138          140           -1
obdef
loc3d
       4.58175108587291       0.63887777269252       2.00000000000000        3
kind
           27
 18000     147022
    1.000000000000000     
 OBS           140
          139          141           -1
obdef
loc3d
       4.58175108587291       0.63887777269252       2.00000000000000        3
kind
           28
 18000     147022
   1.0000000000000000E-006
 OBS           141
          140          142           -1
obdef
loc3d
       4.58175108587291       0.63887777269252      10.00000000000000        3
kind
           25
 19800     147022
    2.000000000000000     
 OBS           142
          141          143           -1
obdef
loc3d
       4.58175108587291       0.63887777269252      10.00000000000000        3
kind
           26
 19800     147022
    2.000000000000000     
 OBS           143
          142          144           -1
obdef
loc3d
       4.58175108587291       0.63887777269252       2.00000000000000        3
kind
           27
 19800     147022
    1.000000000000000     
 OBS           144
          143          145           -1
obdef
loc3d
       4.58175108587291       0.63887777269252       2.00000000000000        3
kind
           28
 19800     147022
   1.0000000000000000E-006
 OBS           145
          144          146           -1
obdef
loc3d
       4.58175108587291       0.63887777269252      10.00000000000000        3
kind
           25
 21600     147022
    2.000000000000000     
 OBS           146
          145          147           -1
obdef
loc3d
       4.58175108587291       0.63887777269252      10.00000000000000        3
kind
           26
 21600     147022
    2.000000000000000     
 OBS           147
          146          148           -1
obdef
loc3d
       4.58175108587291       0.63887777269252       2.00000000000000        3
kind
           27
 21600     147022
    1.000000000000000     
 OBS           148
          147          149           -1
obdef
loc3d
       4.58175108587291       0.63887777269252       2.00000000000000        3
kind
           28
 21600     147022
   1.0000000000000000E-006
 OBS           149
          148          150           -1
obdef
loc3d
       4.58175108587291       0.63887777269252      10.00000000000000        3
kind
           25
 23400     147022
    2.000000000000000     
 OBS           150
          149          151           -1
obdef
loc3d
       4.58175108587291       0.63887777269252      10.00000000000000        3
kind
           26
 23400     147022
    2.000000000000000     
 OBS           151
          150          152           -1
obdef
loc3d
       4.58175108587291       0.63887777269252       2.00000000000000        3
kind
           27
 23400     147022
    1.000000000000000     
 OBS           152
          151          153           -1
obdef
loc3d
       4.58175108587291       0.63887777269252       2.00000000000000        3
kind
           28
 23400     147022
   1.0000000000000000E-006
 OBS           153
          152          154           -1
obdef
loc3d
       4.58175108587291       0.63887777269252      10.00000000000000        3
kind
           25
 25200     147022
    2.000000000000000     
 OBS           154
          153          155           -1
obdef
loc3d
       4.58175108587291       0.63887777269252      10.00000000000000        3
kind
           26
 25200     147022
    2.000000000000000     
 OBS           155
          154          156           -1
obdef
loc3d
       4.58175108587291       0.63887777269252       2.00000000000000        3
kind
           27
 25200     147022
    1.000000000000000     
 OBS           156
          155          157           -1
obdef
loc3d
       4.58175108587291       0.63887777269252       2.00000000000000        3
kind
           28
 25200     147022
   1.0000000000000000E-006
 OBS           157
          156          158           -1
obdef
loc3d
       4.58175108587291       0.63887777269252      10.00000000000000        3
kind
           25
 27000     147022
    2.000000000000000     
 OBS           158
          157          159           -1
obdef
loc3d
       4.58175108587291       0.63887777269252      10.00000000000000        3
kind
           26
 27000     147022
    2.000000000000000     
 OBS           159
          158          160           -1
obdef
loc3d
       4.58175108587291       0.63887777269252       2.00000000000000        3
kind
           27
 27000     147022
    1.000000000000000     
 OBS           160
          159          161           -1
obdef
loc3d
       4.58175108587291       0.63887777269252       2.00000000000000        3
kind
           28
 27000     147022
   1.0000000000000000E-006
 OBS           161
          160          162           -1
obdef
loc3d
       4.58175108587291       0.63887777269252      10.00000000000000        3
kind
           25
 28800     147022
    2.000000000000000     
 OBS           162
          161          163           -1
obdef
loc3d
       4.58175108587291       0.63887777269252      10.00000000000000        3
kind
           26
 28800     147022
    2.000000000000000     
 OBS           163
          162          164           -1
obdef
loc3d
       4.58175108587291       0.63887777269252       2.00000000000000        3
kind
           27
 28800     147022
    1.000000000000000     
 OBS           164
          163          165           -1
obdef
loc3d
       4.58175108587291       0.63887777269252       2.00000000000000        3
kind
           28
 28800     147022
   1.0000000000000000E-006
 OBS           165
          164          166           -1
obdef
loc3d
       4.58175108587291       0.63887777269252      10.00000000000000        3
kind
           25
 30600     147022
    2.000000000000000     
 OBS           166
          165          167           -1
obdef
loc3d
       4.58175108587291       0.63887777269252      10.00000000000000        3
kind
           26
 30600     147022
    2.000000000000000     
 OBS           167
          166          168           -1
obdef
loc3d
       4.58175108587291       0.63887777269252       2.00000000000000        3
kind
           27
 30600     147022
    1.000000000000000     
 OBS           168
          167          169           -1
obdef
loc3d
       4.58175108587291       0.63887777269252       2.00000000000000        3
kind
           28
 30600     147022
   1.0000000000000000E-006
 OBS           169
          168          170           -1
obdef
loc3d
       4.58175108587291       0.63887777269252      10.00000000000000        3
kind
           25
 32400     147022
    2.000000000000000     
 OBS           170
          169          171           -1
obdef
loc3d
       4.58175108587291       0.63887777269252      10.00000000000000        3
kind
           26
 32400     147022
    2.000000000000000     
 OBS           171
          170          172           -1
obdef
loc3d
       4.58175108587291       0.63887777269252       2.00000000000000        3
kind
           27
 32400     147022
    1.000000000000000     
 OBS           172
          171          173           -1
obdef
loc3d
       4.58175108587291       0.63887777269252       2.00000000000000        3
kind
           28
 32400     147022
   1.0000000000000000E-006
 OBS           173
          172          174           -1
obdef
loc3d
       4.58175108587291       0.63887777269252      10.00000000000000        3
kind
           25
 34200     147022
    2.000000000000000     
 OBS           174
          173          175           -1
obdef
loc3d
       4.58175108587291       0.63887777269252      10.00000000000000        3
kind
           26
 34200     147022
    2.000000000000000     
 OBS           175
          174          176           -1
obdef
loc3d
       4.58175108587291       0.63887777269252       2.00000000000000        3
kind
           27
 34200     147022
    1.000000000000000     
 OBS           176
          175          177           -1
obdef
loc3d
       4.58175108587291       0.63887777269252       2.00000000000000        3
kind
           28
 34200     147022
   1.0000000000000000E-006
 OBS           177
          176          178           -1
obdef
loc3d
       4.58175108587291       0.63887777269252      10.00000000000000        3
kind
           25
 36000     147022
    2.000000000000000     
 OBS           178
          177          179           -1
obdef
loc3d
       4.58175108587291       0.63887777269252      10.00000000000000        3
kind
           26
 36000     147022
    2.000000000000000     
 OBS           179
          178          180           -1
obdef
loc3d
       4.58175108587291       0.63887777269252       2.00000000000000        3
kind
           27
 36000     147022
    1.000000000000000     
 OBS           180
          179          181           -1
obdef
loc3d
       4.58175108587291       0.63887777269252       2.00000000000000        3
kind
           28
 36000     147022
   1.0000000000000000E-006
 OBS           181
          180          182           -1
obdef
loc3d
       4.58175108587291       0.63887777269252      10.00000000000000        3
kind
           25
 37800     147022
    2.000000000000000     
 OBS           182
          181          183           -1
obdef
loc3d
       4.58175108587291       0.63887777269252      10.00000000000000        3
kind
           26
 37800     147022
    2.000000000000000     
 OBS           183
          182          184           -1
obdef
loc3d
       4.58175108587291       0.63887777269252       2.00000000000000        3
kind
           27
 37800     147022
    1.000000000000000     
 OBS           184
          183          185           -1
obdef
loc3d
       4.58175108587291       0.63887777269252       2.00000000000000        3
kind
           28
 37800     147022
   1.0000000000000000E-006
 OBS           185
          184          186           -1
obdef
loc3d
       4.58175108587291       0.63887777269252      10.00000000000000        3
kind
           25
 39600     147022
    2.000000000000000     
 OBS           186
          185          187           -1
obdef
loc3d
       4.58175108587291       0.63887777269252      10.00000000000000        3
kind
           26
 39600     147022
    2.000000000000000     
 OBS           187
          186          188           -1
obdef
loc3d
       4.58175108587291       0.63887777269252       2.00000000000000        3
kind
           27
 39600     147022
    1.000000000000000     
 OBS           188
          187          189           -1
obdef
loc3d
       4.58175108587291       0.63887777269252       2.00000000000000        3
kind
           28
 39600     147022
   1.0000000000000000E-006
 OBS           189
          188          190           -1
obdef
loc3d
       4.58175108587291       0.63887777269252      10.00000000000000        3
kind
           25
 41400     147022
    2.000000000000000     
 OBS           190
          189          191           -1
obdef
loc3d
       4.58175108587291       0.63887777269252      10.00000000000000        3
kind
           26
 41400     147022
    2.000000000000000     
 OBS           191
          190          192           -1
obdef
loc3d
       4.58175108587291       0.63887777269252       2.00000000000000        3
kind
           27
 41400     147022
    1.000000000000000     
 OBS           192
          191          193           -1
obdef
loc3d
       4.58175108587291       0.63887777269252       2.00000000000000        3
kind
           28
 41400     147022
   1.0000000000000000E-006
 OBS           193
          192          194           -1
obdef
loc3d
       4.58175108587291       0.63887777269252      10.00000000000000        3
kind
           25
 43200     147022
    2.000000000000000     
 OBS           194
          193          195           -1
obdef
loc3d
       4.58175108587291       0.63887777269252      10.00000000000000        3
kind
           26
 43200     147022
    2.000000000000000     
 OBS           195
          194          196           -1
obdef
loc3d
       4.58175108587291       0.63887777269252       2.00000000000000        3
kind
           27
 43200     147022
    1.000000000000000     
 OBS           196
          195           -1           -1
obdef
loc3d
       4.58175108587291       0.63887777269252       2.00000000000000        3
kind
           28
 43200     147022
   1.0000000000000000E-006
