 57600         41
   4796.48647670614     
   4089.78954510351     
   3348.43811883287     
   2809.20759427989     
   2521.45273978544     
   2261.63333389861     
   2048.15739034134     
   1914.13333642500     
   1733.61579117757     
   1689.93544281837     
  0.964332438515799     
  0.108618246476753     
  9.441883132128071E-002
  9.794774250217715E-002
  0.103752879476888     
  9.886744067551405E-002
  9.728033003343740E-002
  0.103822883981800     
  9.093542016624184E-002
  0.108252113735935     
   21.8481703942745     
   20.1481610783248     
   20.9302183644082     
   20.7697938399309     
   20.6169818006321     
   22.3993132701278     
   22.0327241481953     
   22.2729309428863     
   23.2970570682736     
   21.3608001247248     
   1.00000000000000     
  0.100000000000000     
  0.100000000000000     
  0.100000000000000     
  0.100000000000000     
  0.100000000000000     
  0.100000000000000     
  0.100000000000000     
  0.100000000000000     
  0.100000000000000     
  0.000000000000000E+000
  0.000000000000000E+000
  0.000000000000000E+000
  0.000000000000000E+000
  0.000000000000000E+000
  0.000000000000000E+000
  0.000000000000000E+000
  0.000000000000000E+000
  0.000000000000000E+000
  0.000000000000000E+000
