   1   541031    -0.99398495592566         0.99968272668564    
   2   540280    -0.98199395405890         0.99905442477140    
   3   538014    -0.97011938327020         0.99841475157109    
   4   537660    -0.95820868305897         0.99773018165900    
   5   536277    -0.94650430751953         0.99703905630280    
   6   534152    -0.93485008216519         0.99634896248783    
   7   533257    -0.92316561240917         0.99560434814275    
   8   531277    -0.91163684926954         0.99481796914000    
   9   531840    -0.90018252822302         0.99403997298652    
  10   529423    -0.88889220667366         0.99327335704500    
  11   530180    -0.87739542056190         0.99241145797064    
  12   525929    -0.86600690575791         0.99152877224414    
  13   525013    -0.85480233179349         0.99065332364093    
  14   524723    -0.84370976381651         0.98974855003645    
  15   524077    -0.83264098221297         0.98879454608639    
  16   522793    -0.82159826048544         0.98778950927937    
  17   522235    -0.81047775543124         0.98675743465280    
  18   520300    -0.79953841332968         0.98562367482475    
  19   518080    -0.78876910928717         0.98462332964501    
  20   518672    -0.77793948243788         0.98348066559019    
  21   518448    -0.76704567954047         0.98229768645743    
  22   517324    -0.75637962967836         0.98105486868307    
  23   515419    -0.74572152559093         0.97980426802955    
  24   512587    -0.73492644197960         0.97849182099362    
  25   512766    -0.72430940768217         0.97709830885940    
  26   513204    -0.71389117090895         0.97570641280145    
  27   511245    -0.70327732986617         0.97418966421078    
  28   511744    -0.69291501494023         0.97277642302514    
  29   511348    -0.68259533173031         0.97118755731379    
  30   507910    -0.67211353555352         0.96952138900207    
  31   507308    -0.66171406201083         0.96779261801226    
  32   508808    -0.65130155643703         0.96614108932158    
  33   506437    -0.64107019584302         0.96405647712690    
  34   507286    -0.63088202564025         0.96219574786324    
  35   503691    -0.62117922175702         0.96029950880327    
  36   504205    -0.61035152801926         0.95813057125555    
  37   502354    -0.60046763468953         0.95604770594615    
  38   501800    -0.58999867459615         0.95381252707008    
  39   502837    -0.58008102953987         0.95128711432299    
  40   501640    -0.57026700151920         0.94870507945628    
  41   499775    -0.56038403682332         0.94615869259291    
  42   498757    -0.55029985465620         0.94343138163383    
  43   499224    -0.54025442366108         0.94067785095822    
  44   497940    -0.53043023440640         0.93786171312109    
  45   498348    -0.52042800836601         0.93508709500565    
  46   497732    -0.51066501501340         0.93174675433429    
  47   498011    -0.50128950486811         0.92830494586438    
  48   495025    -0.49116464832791         0.92435592345314    
  49   494916    -0.48118362547695         0.92075414924922    
  50   493489    -0.47160759540899         0.91722680322479    
  51   495172    -0.46195387296525         0.91272346902162    
  52   494035    -0.45256096372678         0.90868514257508    
  53   493427    -0.44265359509158         0.90344919864238    
  54   492953    -0.43302180861406         0.89965917517188    
  55   491048    -0.42352233249491         0.89476209434620    
  56   490746    -0.41382553719991         0.88874265180820    
  57   490763    -0.40393408165426         0.88324875246697    
  58   490760    -0.39463347368704         0.87740626578356    
  59   489026    -0.38478771893126         0.87092475019607    
  60   489298    -0.37533790245916         0.86459681471827    
  61   488457    -0.36608069502031         0.85814304173901    
  62   489047    -0.35657519903132         0.85041401961172    
  63   489468    -0.34722151019841         0.84201033916110    
  64   488193    -0.33734670252100         0.83327159333004    
  65   488187    -0.32812221139485         0.82415935507677    
  66   486417    -0.31839303886494         0.81508676589198    
  67   486381    -0.30961521515454         0.80562460947469    
  68   488192    -0.30006126307075         0.79403810072478    
  69   487391    -0.29070783321792         0.78248744505058    
  70   486066    -0.28132304921321         0.76998649349058    
  71   485661    -0.27209967968581         0.75775921608065    
  72   484262    -0.26276515387149         0.74390702788224    
  73   484355    -0.25298096135689         0.72736296831166    
  74   483125    -0.24379436710483         0.71246610743215    
  75   484212    -0.23488077024436         0.69587912039965    
  76   483976    -0.22511896308444         0.67745136453394    
  77   484233    -0.21618461754117         0.65845981858779    
  78   483675    -0.20703983340345         0.63751275363463    
  79   484439    -0.19800781068997         0.61531927631877    
  80   482863    -0.18810645740461         0.59060413437283    
  81   482040    -0.17869135541607         0.56529140869031    
  82   483287    -0.16974735213598         0.53806547453110    
  83   481687    -0.16083019291443         0.50913364664317    
  84   484016    -0.15124025973726         0.47984720760658    
  85   483871    -0.14162836932395         0.44810116635647    
  86   482213    -0.13262356459465         0.41491109814242    
  87   480491    -0.12376729774127         0.37886052418948    
  88   481267    -0.11511558487273         0.34535523289348    
  89   480367    -0.10524872545302         0.30729447361021    
  90   481372    -0.96312999481282E-01     0.27059496763721    
  91   480456    -0.87154342040601E-01     0.23233925313957    
  92   481165    -0.77953178527688E-01     0.19399721366565    
  93   482156    -0.68663933892985E-01     0.15749113988831    
  94   480574    -0.59840410012690E-01     0.12420138202265    
  95   481069    -0.50566910099655E-01     0.92208551788558E-01
  96   481434    -0.41286030831279E-01     0.63218594742661E-01
  97   478798    -0.32008778244722E-01     0.39031849847487E-01
  98   480213    -0.23037455315202E-01     0.20749200436576E-01
  99   482101    -0.13660497413050E-01     0.75241863122603E-02
 100   480402    -0.44606757507033E-02     0.85164254689081E-03
 101   480506     0.44540520057654E-02     0.71264633319524E-03
 102   481073     0.14067056312708E-01     0.75227078915847E-02
 103   481070     0.23377770437073E-01     0.20729419941756E-01
 104   481824     0.31884390611936E-01     0.38140314118752E-01
 105   481710     0.40799045809538E-01     0.60810856493205E-01
 106   481809     0.50430342762398E-01     0.90824062098946E-01
 107   481578     0.59430394062860E-01     0.12200556683712    
 108   482697     0.67602100361020E-01     0.15247562053714    
 109   480923     0.77691224042570E-01     0.19190197575064    
 110   480658     0.87070284999211E-01     0.22937286401035    
 111   480421     0.96199180418113E-01     0.26803654858095    
 112   481161     0.10510031361825         0.30478129234090    
 113   481376     0.11454373137204         0.34304697802180    
 114   481451     0.12353196082126         0.37706576885255    
 115   482038     0.13337543639709         0.41506484288889    
 116   480805     0.14190334426254         0.44661100947583    
 117   482431     0.15166871424939         0.48114184921538    
 118   483551     0.16079899132132         0.51043742768308    
 119   483860     0.16961789614214         0.53784598196171    
 120   482793     0.17891430773511         0.56434994905265    
 121   482734     0.18854719563441         0.59174271306598    
 122   483277     0.19750954326191         0.61513857914383    
 123   482961     0.20701097159330         0.63710525415982    
 124   484261     0.21622613914701         0.65761970317653    
 125   484453     0.22517905456587         0.67666054690858    
 126   485781     0.23469888511492         0.69581156896159    
 127   484316     0.24391513910029         0.71253586142287    
 128   484870     0.25342624276365         0.72954717147341    
 129   486308     0.26237789600945         0.74404478676077    
 130   485126     0.27192303317202         0.75889752248978    
 131   487022     0.28093489966329         0.77085367906909    
 132   485005     0.29034181449330         0.78359611710965    
 133   484089     0.30007794722168         0.79456699252150    
 134   488095     0.30955292061218         0.80599408746803    
 135   486961     0.31889228618241         0.81616619162224    
 136   488305     0.32794458123017         0.82589681612142    
 137   487684     0.33791337149275         0.83467091743466    
 138   489761     0.34718343058479         0.84222044543707    
 139   489216     0.35679928212969         0.85086762813545    
 140   487885     0.36643532813715         0.85907829334508    
 141   490794     0.37580981191904         0.86582989693601    
 142   489660     0.38483770150301         0.87224701847926    
 143   491028     0.39471019365970         0.87870304108238    
 144   492158     0.40413493532073         0.88431391270516    
 145   490727     0.41424345855112         0.89035551107283    
 146   493548     0.42346556127275         0.89487088847116    
 147   492182     0.43344574484679         0.90057149053987    
 148   493200     0.44245261298519         0.90449148149644    
 149   494041     0.45264226481424         0.90939839040385    
 150   494802     0.46212239867657         0.91378152927570    
 151   493354     0.47181359134228         0.91757141072494    
 152   495244     0.48173507873097         0.92132573586749    
 153   495538     0.49155961342908         0.92528851296783    
 154   496831     0.50112530708457         0.92900949413174    
 155   497187     0.51103419979586         0.93236385320362    
 156   496755     0.52099774296530         0.93512876520922    
 157   499627     0.53088740207800         0.93843666419810    
 158   499824     0.54069418161129         0.94119857263664    
 159   500648     0.55102636982279         0.94428718167055    
 160   500230     0.56070426458843         0.94684570089228    
 161   500643     0.57083342132162         0.94925790432795    
 162   501692     0.58058370156583         0.95133137825002    
 163   501087     0.59049166375098         0.95376030744561    
 164   505236     0.60107132566901         0.95632064305272    
 165   504532     0.61101402528813         0.95811806241738    
 166   503557     0.62122997605680         0.96020581929513    
 167   506997     0.63126057200022         0.96223721035834    
 168   505830     0.64159986414390         0.96421665035462    
 169   506202     0.65195613669118         0.96595941509805    
 170   507716     0.66226461314827         0.96786274463481    
 171   509164     0.67235818848770         0.96930237001717    
 172   508949     0.68295615179428         0.97086457219369    
 173   511310     0.69337390432959         0.97250821714154    
 174   510687     0.70374962499900         0.97405258692663    
 175   512283     0.71425201103383         0.97554751807255    
 176   514624     0.72459253711087         0.97674575641106    
 177   512964     0.73543604982662         0.97826008981602    
 178   515079     0.74603075636141         0.97955031762301    
 179   516432     0.75683498726286         0.98083312717230    
 180   516752     0.76741840271507         0.98201813382248    
 181   518937     0.77823351646893         0.98316784695653    
 182   519773     0.78895978838181         0.98433520709953    
 183   518962     0.79997091885944         0.98549747734281    
 184   520164     0.81084663937104         0.98654859772119    
 185   523327     0.82192376363770         0.98758410927297    
 186   523882     0.83267672904781         0.98847264649999    
 187   524006     0.84393590306392         0.98957082487012    
 188   523217     0.85513071598996         0.99048797963629    
 189   528926     0.86639345886497         0.99137361277201    
 190   527155     0.87744693639993         0.99224492934569    
 191   528321     0.88902949704156         0.99312721638155    
 192   530316     0.90023399035708         0.99399477316523    
 193   532005     0.91174279961083         0.99476889551193    
 194   533074     0.92327218730205         0.99552130121270    
 195   535009     0.93488717279198         0.99626913687093    
 196   535283     0.94653016245455         0.99702793391844    
 197   535577     0.95831735609605         0.99772867665605    
 198   538673     0.97009759089591         0.99839653424836    
 199   539945     0.98200612987793         0.99905068533938    
 200   540890     0.99399069738690         0.99968167647304    
