       25200          208
 -0.5984559600790261
       25200          208
 -0.3566313192995614
       25200          208
 5.105488191359790E-02
       25200          208
 -0.1246726532859029
       25200          208
 -6.885035246253776E-02
       25200          208
 -0.5184965029791659
       25200          208
 -0.4813348350993482
       25200          208
 -0.4733380939123907
       25200          208
 -0.2154855856645559
       25200          208
 -0.1817348638357213
       25200          208
 0.1223828441141944
       25200          208
 -0.5351925625586109
       25200          208
 -6.201183346912547E-02
       25200          208
 0.3264602404299610
       25200          208
 -8.073450821555028E-02
       25200          208
 -6.989341319648354E-02
       25200          208
 5.841612544671546E-02
       25200          208
 -8.282742887522787E-02
       25200          208
 -9.913275447293701E-02
       25200          208
 2.938122535318756E-03
       25200          208
 -0.1780851335816893
       25200          208
 -0.2787296620055529
       25200          208
 -0.4485261168078123
       25200          208
 0.2100391833785581
       25200          208
 0.1653445420374748
       25200          208
 -0.2552860443286765
       25200          208
 -0.6810794291219600
       25200          208
 -0.2457971228791631
       25200          208
 -0.5065863113853486
       25200          208
 -0.1291273509269930
       25200          208
 -6.332771364614809E-02
       25200          208
 -0.8275006383932302
       25200          208
 -0.3343581194084668
       25200          208
 0.1912844561236054
       25200          208
 0.2289245700433371
       25200          208
 -0.6408251985932117
       25200          208
 0.1202584516356840
       25200          208
 -0.1907930556467038
       25200          208
 -0.2829973360219368
       25200          208
 -0.4091268427511173
       25200          208
 -0.2465935702139066
       25200          208
 6.263667692995548E-02
       25200          208
 -0.3030964433299750
       25200          208
 -0.9314267060088357
       25200          208
 3.776763673487791E-02
       25200          208
 -0.1025261984664401
       25200          208
 -0.5463090017671905
       25200          208
 -0.3086817492765745
       25200          208
 -0.6688384968589649
       25200          208
 -0.5658068468160415
       25200          208
 0.1672741078688061
       25200          208
 -0.5436384195020624
       25200          208
 6.345410801315569E-02
       25200          208
 -0.2541847892029377
       25200          208
 -0.1679052847170186
       25200          208
 -0.3803790128353655
       25200          208
 0.2067124594780772
       25200          208
 -0.5409334525839680
       25200          208
 -0.2538741049993675
       25200          208
 -0.5827716587807437
       25200          208
 -0.2915368238457309
       25200          208
 0.2629489758356310
       25200          208
 -0.2145384048230472
       25200          208
 0.2860016588331787
       25200          208
 -0.3075588583417342
       25200          208
 -0.4876172256329009
       25200          208
 -0.4171215994511638
       25200          208
 0.4271507876324050
       25200          208
 -0.8364188448033265
       25200          208
 -0.5629658367285240
       25200          208
 0.3304415140241424
       25200          208
 4.450897100156551E-02
       25200          208
 -0.6414196165560815
       25200          208
 -0.4081787559635307
       25200          208
 -0.2286245139806845
       25200          208
 0.2152986476959516
       25200          208
 4.773253401753073E-02
       25200          208
 -8.934198025058682E-02
       25200          208
 -0.1834104999990863
       25200          208
 3.069604241889555E-02
       25200          208
 -0.2911240181875276
       25200          208
 -0.1199965006626705
       25200          208
 -0.1963337201071594
       25200          208
 -0.3000495972423340
       25200          208
 0.1024455137849045
       25200          208
 -0.6521776156845893
       25200          208
 0.1108090479483511
       25200          208
 -0.2595077942037818
       25200          208
 0.1063245043746501
       25200          208
 -0.5386516487506945
       25200          208
 -0.3897341695364686
       25200          208
 0.1634468477370235
       25200          208
 -0.3731877522521606
       25200          208
 -3.515595357333037E-02
       25200          208
 -0.7662357113511236
       25200          208
 -0.3678128160178793
       25200          208
 -0.1673806411612324
       25200          208
 -2.681843011832940E-02
       25200          208
 -0.9630437073913043
       25200          208
 -0.7754710429162255
       25200          208
 2.554947700329227E-02
       25200          208
 0.1574920291706617
       25200          208
 0.2315551552144325
       25200          208
 -0.1704446763514201
       25200          208
 -0.2444280658896613
       25200          208
 7.992419860144398E-02
       25200          208
 -4.031898356256352E-02
       25200          208
 -0.2613304300868008
       25200          208
 -0.5289212031032766
       25200          208
 -0.7365103333909102
       25200          208
 -4.462323783868876E-02
       25200          208
 -0.2652718737269449
       25200          208
 -0.2029134549042540
       25200          208
 -0.4448357141514498
       25200          208
 -0.3579590741361458
       25200          208
 -0.2405605169151575
       25200          208
 -3.276961732684735E-02
       25200          208
 -0.1924541869466758
       25200          208
 -0.1823421255686127
       25200          208
 0.4130398912596707
       25200          208
 -0.2731717054420463
       25200          208
 6.401843677699551E-02
       25200          208
 0.1138068321549125
       25200          208
 -1.229271536766382E-02
       25200          208
 -0.3916900091505719
       25200          208
 -0.7964341851778620
       25200          208
 0.2498515839847229
       25200          208
 0.2345751046273808
       25200          208
 -0.2460992077731621
       25200          208
 -0.5177579318591374
       25200          208
 -4.768518531403228E-02
       25200          208
 -0.7538440822574601
       25200          208
 9.244356377899407E-02
       25200          208
 -9.665574097373406E-02
       25200          208
 -0.4010151829216354
       25200          208
 -0.2487854087845127
       25200          208
 0.1657032704949729
       25200          208
 -0.1842494820725892
       25200          208
 -0.3490676084149861
       25200          208
 -0.1203613865692654
       25200          208
 -0.3202593827857583
       25200          208
 5.213328329973486E-02
       25200          208
 -0.7220581200485510
       25200          208
 -0.6040291506046415
       25200          208
 3.058167337933108E-02
       25200          208
 0.4071643677576353
       25200          208
 0.1544231815791293
       25200          208
 -4.117987040712520E-02
       25200          208
 0.1450501751538922
       25200          208
 -0.1330926897555595
       25200          208
 -0.5250487296136117
       25200          208
 -0.1521460531900188
       25200          208
 -0.5174610755064923
       25200          208
 -0.2972711949404586
       25200          208
 -1.995505935357633E-02
       25200          208
 -0.5237116958104513
       25200          208
 -0.8468031866563255
       25200          208
 -0.4627320656662107
       25200          208
 -2.302687487626378E-02
       25200          208
 -0.1512309249977081
       25200          208
 1.636445255633480E-03
       25200          208
 -0.7438763035591622
       25200          208
 -0.3606096451169178
       25200          208
 0.5267758976534629
       25200          208
 -0.1510487486722251
       25200          208
 -0.5626109875124462
       25200          208
 6.749229633745087E-03
       25200          208
 -0.8885281546840706
       25200          208
 0.2354176768406864
       25200          208
 -0.8707394976479210
       25200          208
 -0.5334412598635683
       25200          208
 3.467731299173924E-02
       25200          208
 -0.2530145129067559
       25200          208
 -0.3673088741999178
       25200          208
 -0.5751998417389216
       25200          208
 -0.4067112907567202
       25200          208
 -0.2009718301423715
       25200          208
 0.2525411683108778
       25200          208
 -0.3916700990083659
       25200          208
 -0.2995804153725714
       25200          208
 4.593078454910336E-02
       25200          208
 -0.2819967062858744
       25200          208
 -7.457839829362017E-02
       25200          208
 4.419239799061445E-02
       25200          208
 1.000849633003554E-02
       25200          208
 -0.7982902946895241
       25200          208
 2.508949688966869E-02
       25200          208
 -0.2857096195615808
       25200          208
 5.489911619378638E-02
       25200          208
 -0.6574050320704223
       25200          208
 -5.593713457676138E-02
       25200          208
 0.2898635678453464
       25200          208
 -0.5375886624172167
       25200          208
 -4.302276096252202E-02
       25200          208
 -1.199509025515959E-03
       25200          208
 -0.1988961637426033
       25200          208
 0.1755755798550530
       25200          208
 -4.448459652129715E-02
       25200          208
 -0.3961727468576849
       25200          208
 -3.414675030318714E-02
       25200          208
 0.3473088255762038
       25200          208
 4.491221856720632E-02
       25200          208
 -5.083462278803213E-02
       25200          208
 -0.1380042618351920
       25200          208
 0.1129860548697964
       25200          208
 -0.1000614739851829
       25200          208
 1.931351526090311E-02
       25200          208
 -0.1631215592350644
       25200          208
 -0.9856118886762388
       25200          208
 -0.1179787871935096
       25200          208
 -0.4467726300275242
       25200          208
 -0.7041148360182341
       25200          208
 -0.4086336241234270
       25200          208
 -0.5472444283963631
       25200          208
 0.1970185381786561
       25200          208
 -0.5754078588797094
       25200          208
 -0.6159857089489038
       25200          208
 -0.1143905991036540
       25200          208
 -0.5188056595415734
       25200          208
 -0.2962452988728879
       25200          208
 -0.2493363878534716
       25200          208
 -0.2884293007368214
       25200          208
 -0.4481214973612407
       25200          208
 -0.2086040942977747
       25200          208
 3.334562969907504E-02
       25200          208
 -0.2458792189706364
       25200          208
 -0.1998834149245244
       25200          208
 -0.3285145402482771
       25200          208
 -9.587571484530083E-02
       25200          208
 0.1129777912784699
       25200          208
 -0.5949997719030944
       25200          208
 -0.6559356017893065
       25200          208
 -6.808680141318790E-02
       25200          208
 -0.5582664496816955
       25200          208
 -0.4104329712835413
       25200          208
 -0.5849701207310942
       25200          208
 -0.5431593049374679
       25200          208
 -0.5272766390386139
       25200          208
 0.2895199229378626
       25200          208
 0.1897211791455880
       25200          208
 -0.2304820317575877
       25200          208
 2.119436799758337E-02
       25200          208
 -0.3840323786332090
       25200          208
 -0.3529576276020444
       25200          208
 -7.195934388673059E-02
       25200          208
 -0.1224311908087080
       25200          208
 -8.355080085889074E-02
       25200          208
 -0.1581160362481873
       25200          208
 0.1666484281062458
       25200          208
 3.298767708997845E-02
       25200          208
 -0.4311498430001972
       25200          208
 -9.849454435591287E-02
       25200          208
 -0.3287182842027438
       25200          208
 -0.4541317741009108
       25200          208
 9.544049379473615E-02
       25200          208
 0.1232760735481106
       25200          208
 -0.5053017583027926
       25200          208
 -0.5951470873521318
       25200          208
 -0.5649551622103605
       25200          208
 9.408336828110417E-02
       25200          208
 0.1177805732937409
       25200          208
 -0.2762937112155237
       25200          208
 0.2295989092703372
       25200          208
 0.6319250480911680
       25200          208
 0.3102998691627503
       25200          208
 -0.5934393878432928
       25200          208
 -6.214096578996364E-02
       25200          208
 -0.2774433087529319
       25200          208
 0.6618473997626066
       25200          208
 -5.977542924142253E-02
       25200          208
 -0.7798555883058518
       25200          208
 3.714827017984194E-02
       25200          208
 -0.1806412222470909
       25200          208
 -0.4654968910932119
       25200          208
 -0.8861167651482920
       25200          208
 -0.1241470849160830
       25200          208
 -0.2806627310766727
       25200          208
 -0.1935077234401580
       25200          208
 -0.1713902750297522
       25200          208
 -0.5850994469420130
       25200          208
 -0.6735501615748491
       25200          208
 -0.4435168515579804
       25200          208
 -0.4441302733793269
       25200          208
 0.3730291048882984
       25200          208
 -0.1792548708058910
       25200          208
 -0.1348783317790123
       25200          208
 -6.880318193415158E-02
       25200          208
 -0.3160130490482065
       25200          208
 -0.4697861857416209
       25200          208
 -0.4808989636222872
       25200          208
 -0.3989965866772336
       25200          208
 -0.3854725807898374
       25200          208
 -0.2347376462857084
       25200          208
 -0.8707662526932340
       25200          208
 1.287897682235704E-02
       25200          208
 -0.1820122622831857
       25200          208
 -0.1729687414981317
       25200          208
 -0.1455961968514185
       25200          208
 -0.6699916442388567
       25200          208
 -3.288128885623180E-03
       25200          208
 -0.2519809619869264
       25200          208
 0.1344394265707804
       25200          208
 -7.679050367089539E-03
       25200          208
 -0.4483157844432923
       25200          208
 -0.2490973330395010
       25200          208
 -0.1565648183726864
       25200          208
 -0.2249849340499796
       25200          208
 -0.3943192682812037
       25200          208
 -0.1156396914939476
       25200          208
 -2.587168085103402E-02
       25200          208
 -0.2973511761199352
       25200          208
 -0.1256323903697608
       25200          208
 -0.1030676474387290
       25200          208
 -0.6433698062808990
       25200          208
 -0.3615632271250037
       25200          208
 -0.7572076928729012
       25200          208
 -0.7097706960046454
       25200          208
 4.519182235063588E-02
       25200          208
 3.281967547855295E-02
       25200          208
 -0.1452815141572965
       25200          208
 -0.2289325107224534
       25200          208
 -0.9551434629947555
       25200          208
 -0.3749266340506086
       25200          208
 -0.2850122204683015
       25200          208
 -0.1629065775923838
       25200          208
 -0.2753882575311836
       25200          208
 6.384288411355417E-03
       25200          208
 -8.185338101385792E-02
       25200          208
 -0.6955881533449777
       25200          208
 -1.075743537948422
       25200          208
 -0.4357501216603183
       25200          208
 -0.5118787946229333
       25200          208
 -0.2042422023404700
       25200          208
 3.735981082858067E-04
       25200          208
 -0.3274168683145707
       25200          208
 0.1126581989405352
       25200          208
 5.393069949065424E-02
       25200          208
 -0.6221758034942693
       25200          208
 9.342599107717883E-02
       25200          208
 -0.2342977304947677
       25200          208
 -0.2605841786159321
       25200          208
 -0.5761398297395734
       25200          208
 -0.1764170789803800
       25200          208
 -1.299004416016460E-02
       25200          208
 4.026966473975006E-02
       25200          208
 -8.354905810923716E-02
       25200          208
 -0.3841922027388361
       25200          208
 0.1571040451153710
       25200          208
 -0.4236324098496977
       25200          208
 -5.216333880357745E-02
       25200          208
 -0.4328883110484977
       25200          208
 -0.3763473565696610
       25200          208
 0.2708463300948443
       25200          208
 -0.4083397853364341
       25200          208
 -0.3128379720494824
       25200          208
 -0.2440560750524765
       25200          208
 -8.277874080062744E-02
       25200          208
 -3.853743397292583E-02
       25200          208
 -0.4743318326850873
       25200          208
 0.2844879493817268
       25200          208
 0.2342612150493359
       25200          208
 -3.167818920287124E-02
       25200          208
 -0.5269313095583648
       25200          208
 -0.2789664087086043
       25200          208
 -0.4018478370688157
       25200          208
 -0.3053688485051124
       25200          208
 -0.3848707450690981
       25200          208
 -0.1080161723469311
       25200          208
 5.176282595352170E-02
       25200          208
 -0.4458158859755308
       25200          208
 -0.3264897913647439
       25200          208
 -0.2013949245383433
       25200          208
 -0.2214007194401493
       25200          208
 -0.4563784174713966
       25200          208
 5.866399320855845E-02
       25200          208
 -0.7220145305790576
       25200          208
 8.271879411247138E-02
       25200          208
 -0.7634816068948262
       25200          208
 -0.7046727593975257
       25200          208
 -0.2366332965027726
       25200          208
 -0.1138181333667411
       25200          208
 -0.6756821348704003
       25200          208
 -0.2235610093439248
       25200          208
 -0.8473398541418942
       25200          208
 -0.5061255160124329
       25200          208
 -0.1612094622044937
       25200          208
 6.780435455905179E-02
       25200          208
 -0.1000706067058925
       25200          208
 4.608983218089705E-02
       25200          208
 0.2999922933549387
       25200          208
 -0.4574749654128144
       25200          208
 -0.1051010072695655
       25200          208
 -0.5660586934114475
       25200          208
 -0.1046021501832206
       25200          208
 -0.4792033739737144
       25200          208
 0.1612303152126519
       25200          208
 -0.3946874210245244
       25200          208
 6.146389996208355E-02
       25200          208
 -0.6111099827708559
       25200          208
 -0.4127424488809366
       25200          208
 -0.3955892425168759
       25200          208
 -0.6579319225409661
       25200          208
 -0.5840064934390584
       25200          208
 -0.4128350271704951
       25200          208
 0.6020434264714112
       25200          208
 -5.132307580701988E-02
       25200          208
 -0.1216242898983099
       25200          208
 -0.7104618304476380
       25200          208
 2.155583536199719E-03
       25200          208
 -0.2478656534508305
       25200          208
 0.1151267319504648
       25200          208
 8.148495359791461E-02
       25200          208
 -0.6230453854715117
       25200          208
 -0.4407972901981678
       25200          208
 -0.3772209763643456
       25200          208
 -0.5959415868125822
       25200          208
 -0.2220599617903850
       25200          208
 -0.1767330841019737
       25200          208
 -0.3827260429322219
       25200          208
 0.1842013433269284
       25200          208
 -0.1655465420251781
       25200          208
 -0.1431237948004404
       25200          208
 -0.2413242806341855
       25200          208
 -0.1615400899769797
       25200          208
 -0.5689945585988205
       25200          208
 -0.3627864961443114
       25200          208
 -6.793064806874607E-02
       25200          208
 -0.4896347379749877
       25200          208
 -0.1548568549070939
       25200          208
 -0.3373958779843299
       25200          208
 6.686437432024042E-02
       25200          208
 -0.3930681131225999
       25200          208
 0.2489057825059358
       25200          208
 -0.7025392940414887
       25200          208
 -0.3969662541668900
       25200          208
 0.2674206555438083
       25200          208
 -0.4984796924280996
       25200          208
 -0.2545940424668686
       25200          208
 -0.3645989199270370
       25200          208
 -0.4616699332223907
       25200          208
 -0.1288145630644726
       25200          208
 -0.5890398273134082
       25200          208
 1.930892162899996E-03
       25200          208
 -0.2422052085283030
       25200          208
 -0.3779567931705761
       25200          208
 -0.3450241450648014
       25200          208
 3.086236934766915E-02
       25200          208
 -0.4954138691806269
       25200          208
 -0.2548662723789599
       25200          208
 -0.2828437114483563
       25200          208
 -0.4527080937244691
       25200          208
 -0.6555707620249058
       25200          208
 6.340957843218652E-02
       25200          208
 -0.4080228822436665
       25200          208
 -0.4830765079625052
       25200          208
 -5.465017422261395E-04
       25200          208
 -0.2612478822933345
       25200          208
 -0.2256487166789115
       25200          208
 -0.5797554498442492
       25200          208
 -0.3844809690641269
       25200          208
 -0.1332455078808414
       25200          208
 5.318070173148844E-03
       25200          208
 -0.3217641881096034
       25200          208
 7.324448496239780E-02
       25200          208
 -0.2452043283160743
       25200          208
 -7.077269611725220E-02
       25200          208
 7.269106445608972E-02
       25200          208
 -0.1646070129601577
       25200          208
 -0.5916559341737588
       25200          208
 -0.3068992548195318
       25200          208
 -0.4873936962270654
       25200          208
 -0.4524086120915827
       25200          208
 -0.4330804536603771
       25200          208
 -9.461584792379057E-02
       25200          208
 -0.8331038417435994
       25200          208
 6.302452199107697E-02
       25200          208
 -0.6963907626724635
       25200          208
 0.3074217015517821
       25200          208
 -8.192069506181310E-02
       25200          208
 -0.6166041075359767
       25200          208
 -0.2187874619567455
       25200          208
 -0.4713225644281748
       25200          208
 1.487038844986353E-02
       25200          208
 -9.725732875577203E-02
       25200          208
 -0.1836902519475918
       25200          208
 -0.2004824348380728
       25200          208
 -0.6672421885278590
       25200          208
 -0.4047597599332081
       25200          208
 -0.6295326932105501
       25200          208
 -0.6394063861060471
       25200          208
 0.2713334590536479
       25200          208
 -0.3191853232258909
       25200          208
 -0.8139767433909861
       25200          208
 -0.2354710283612962
       25200          208
 -0.1314910415507079
       25200          208
 2.657196994853188E-02
       25200          208
 -7.725242414182920E-02
       25200          208
 1.664089468866704E-02
       25200          208
 -0.4585334155890141
       25200          208
 0.7600321645702479
       25200          208
 0.3693019035067539
       25200          208
 -0.5033915843488301
       25200          208
 5.866640435906071E-02
       25200          208
 -0.7057671144821255
       25200          208
 -0.9172946010099439
       25200          208
 -0.4199243271114779
       25200          208
 -0.6037926962222834
       25200          208
 -0.1129942154877623
       25200          208
 -0.2609816431639638
       25200          208
 -0.6659505662757594
       25200          208
 -0.2107602169397705
       25200          208
 -7.051309182433491E-02
       25200          208
 -0.1593256022142524
       25200          208
 -0.4751164424153020
       25200          208
 -0.1038203712165353
       25200          208
 -0.2443214284439539
       25200          208
 0.3362608706821781
       25200          208
 -0.6863482698954647
       25200          208
 -0.3059533293668586
       25200          208
 0.1179487746716588
       25200          208
 2.123936527462270E-02
       25200          208
 -0.3820147638037819
       25200          208
 -0.4469179681136191
       25200          208
 -0.4407107643063208
       25200          208
 -0.6317066575601511
       25200          208
 -7.167681070746554E-02
       25200          208
 -0.4431428685560780
       25200          208
 -0.6541898164469544
       25200          208
 0.2062202865347557
       25200          208
 -0.8926396846706575
       25200          208
 -0.7759758249507811
       25200          208
 -0.1899606339393088
       25200          208
 -0.2582925976290009
       25200          208
 -0.3840490217803739
       25200          208
 -0.2324026244855096
       25200          208
 -0.5488755204527285
       25200          208
 -0.5110327312695352
       25200          208
 -0.2897216676528120
       25200          208
 0.1326618083311070
       25200          208
 -0.1785000974268506
       25200          208
 6.819428915700429E-02
       25200          208
 -0.4220710757563108
       25200          208
 -6.634182733953228E-02
       25200          208
 -0.3357657242629170
       25200          208
 0.1608170794801115
       25200          208
 -0.4262046138219390
       25200          208
 0.4938893592913302
       25200          208
 -7.492260617878713E-02
       25200          208
 -0.3806105745541229
       25200          208
 -0.1186588919682299
       25200          208
 -7.188535105798355E-02
       25200          208
 -0.5238773852675881
       25200          208
 -0.2131575024734893
       25200          208
 0.3817366051912782
       25200          208
 -0.1735961490377357
       25200          208
 -0.5803495042683180
       25200          208
 -0.1875704172226660
       25200          208
 -0.7609935356964408
       25200          208
 -0.3771087546157251
       25200          208
 0.3533407613598237
       25200          208
 0.1541967829842746
       25200          208
 -0.1069612624661457
       25200          208
 -0.7282759636420326
       25200          208
 -0.3462984214351190
       25200          208
 0.3930191339749559
       25200          208
 0.1970393474446106
       25200          208
 0.4197572268089287
       25200          208
 7.805588205629069E-02
       25200          208
 -0.4689984686653125
       25200          208
 0.2236038776458386
       25200          208
 0.2862407017728392
       25200          208
 -0.5202945781110275
       25200          208
 0.3149380236959621
       25200          208
 -9.232122367417447E-02
       25200          208
 -7.274124336330412E-02
       25200          208
 -0.1264462938742081
       25200          208
 -0.4263143551590129
       25200          208
 -0.1041346286969606
       25200          208
 -0.1799755166258974
       25200          208
 -0.7723827529480427
       25200          208
 -6.785717135009231E-02
       25200          208
 -0.2736737861321678
       25200          208
 -0.3536785886456102
       25200          208
 -0.5774792322527011
       25200          208
 1.196540833100369E-03
       25200          208
 0.2018168110878025
       25200          208
 -0.6725103687302774
       25200          208
 -0.4750739884804140
       25200          208
 -4.887283724134597E-02
       25200          208
 -3.197314402440903E-02
       25200          208
 -0.4564195166435954
       25200          208
 -0.4722647713222807
       25200          208
 -9.718432909574456E-02
       25200          208
 -0.2167499243052411
       25200          208
 -0.2028611708630941
       25200          208
 0.1199111177513484
       25200          208
 -0.4058700035486529
       25200          208
 -7.607840424248064E-02
       25200          208
 -0.4536753407880719
       25200          208
 2.742719389388413E-02
       25200          208
 -0.4076717596882987
       25200          208
 0.2845085871279058
       25200          208
 0.1457607203671812
       25200          208
 -0.1690594800508223
       25200          208
 -0.3555510991982331
       25200          208
 -0.6561354543632053
       25200          208
 -0.4560588522070487
       25200          208
 -0.4431807369783053
       25200          208
 9.963443142399921E-03
       25200          208
 -0.3299336288840858
       25200          208
 -0.7896355436777018
       25200          208
 0.5664768167391092
       25200          208
 -0.1946383225020549
       25200          208
 -0.5223574776357710
       25200          208
 0.2772721990222655
       25200          208
 -0.3712827789541548
       25200          208
 0.1648184667822128
       25200          208
 2.588335887306168E-02
       25200          208
 0.2548470307743650
       25200          208
 5.373234734551705E-02
       25200          208
 0.2345665748455716
       25200          208
 3.039356853228207E-02
       25200          208
 0.2611413976530197
       25200          208
 -1.492476676947632E-02
       25200          208
 0.3790345306626825
       25200          208
 -0.1093114122138924
       25200          208
 -0.1054016096666595
       25200          208
 -0.2349354465820472
       25200          208
 -0.1813412330707524
       25200          208
 -0.2204635927243110
       25200          208
 -2.285525164875115E-02
       25200          208
 -0.1170328777882129
       25200          208
 -5.353522918037020E-02
       25200          208
 0.1409956971882227
       25200          208
 -0.7488904816859807
       25200          208
 -0.5062428297150423
       25200          208
 0.6393025327773130
       25200          208
 -0.2724015733227226
       25200          208
 0.2240309113083663
       25200          208
 0.1052538753785695
       25200          208
 0.1001445987119761
       25200          208
 -0.1895363719742830
       25200          208
 0.1772465575471624
       25200          208
 -0.2445290265090704
       25200          208
 0.1308893864195007
       25200          208
 1.571905117734288E-02
       25200          208
 -0.2390901814582026
       25200          208
 0.3044496174158889
       25200          208
 -0.1224685295760750
       25200          208
 -0.2854824755866532
       25200          208
 -0.3396294648435215
       25200          208
 -0.3916959057215316
       25200          208
 -0.4555713078444324
       25200          208
 -0.4190683948133891
       25200          208
 0.2178107861932860
       25200          208
 -0.1843457057064557
       25200          208
 0.5911456724131874
       25200          208
 0.4034822762755619
       25200          208
 -0.2499029118523198
       25200          208
 -0.1795248321256414
       25200          208
 0.3074131582954382
       25200          208
 -0.3788696211068787
       25200          208
 -0.5633631904344067
       25200          208
 -0.4720884910503382
       25200          208
 0.3397976190203206
       25200          208
 -0.1473400404115650
       25200          208
 -0.2908543568825367
       25200          208
 -0.1966614825070222
       25200          208
 -0.2070331854531631
       25200          208
 0.1299293809354031
       25200          208
 -0.1848116254702468
       25200          208
 -0.1233262712459967
       25200          208
 -1.363179328257468E-02
       25200          208
 0.1210257430083239
       25200          208
 -0.8478186288842797
       25200          208
 -0.3719337536405717
       25200          208
 -4.489601713028579E-02
       25200          208
 -0.4695564117512814
       25200          208
 -0.5355181732259834
       25200          208
 -0.4805565637666173
       25200          208
 0.1261759603523076
       25200          208
 -0.3912789255995729
       25200          208
 -0.5452668867386615
       25200          208
 4.101608221540907E-02
       25200          208
 -0.2260372208822066
       25200          208
 0.1469268112004798
       25200          208
 0.1886739545289695
       25200          208
 -0.8362194977305080
       25200          208
 -0.1244948602984378
       25200          208
 0.2143339170533953
       25200          208
 -0.2566707509578916
       25200          208
 -0.4137831949684996
       25200          208
 -0.4956065651851689
       25200          208
 -1.244050987462616E-02
       25200          208
 0.1806399209855703
       25200          208
 -0.4850390658531424
       25200          208
 -0.5814529133380709
       25200          208
 -0.7666439159640395
       25200          208
 0.1767329200440819
       25200          208
 -0.4013066025165842
       25200          208
 -0.2231082931306658
       25200          208
 -0.3304409662404212
       25200          208
 -0.3134892511353102
       25200          208
 -0.1095309489010117
       25200          208
 -0.1927852377174299
       25200          208
 -1.260893253396333E-02
       25200          208
 -5.645082223437250E-02
       25200          208
 -0.4438446357722901
       25200          208
 -0.3612090834496932
       25200          208
 -0.5213020726975502
       25200          208
 -5.516231743912627E-02
       25200          208
 -0.8861109965925735
       25200          208
 0.1165982014546739
       25200          208
 -0.1884857899203711
       25200          208
 -0.6378773440998766
       25200          208
 -1.928996319735856E-02
       25200          208
 -0.5968188936003147
       25200          208
 -0.6109638490021040
       25200          208
 -0.4949146052948102
       25200          208
 -0.6466597555792872
       25200          208
 -0.5908214634642489
       25200          208
 -0.2117984360375336
       25200          208
 6.635774539402374E-03
       25200          208
 5.365339693267072E-02
       25200          208
 -0.1449764313559724
       25200          208
 -0.2568647909545992
       25200          208
 -0.1423710781775913
       25200          208
 5.258163115950602E-02
       25200          208
 -0.3995447383769302
       25200          208
 -0.1384363312272988
       25200          208
 -0.6575045258913976
       25200          208
 0.2598893142359652
       25200          208
 -0.6789198819003883
       25200          208
 0.1429243560079640
       25200          208
 -0.1954636740416077
       25200          208
 -0.2594495972306849
       25200          208
 -4.474934231142166E-02
       25200          208
 -0.2900765246317012
       25200          208
 -0.2293040774546161
       25200          208
 -0.5597091061943067
       25200          208
 -0.4423801161945640
       25200          208
 -3.921011407548929E-02
       25200          208
 -0.1355613335861540
       25200          208
 -0.1974738285277381
       25200          208
 -0.2174110338411591
       25200          208
 -5.740804167649138E-02
       25200          208
 0.1548031082408493
       25200          208
 -1.852106784474666E-02
       25200          208
 -0.1812767933354883
       25200          208
 -0.5931585030213760
       25200          208
 9.166577331356043E-02
       25200          208
 -0.2257265619989617
       25200          208
 -5.958710292205904E-02
       25200          208
 -0.6249657191599423
       25200          208
 -1.104602613828463
       25200          208
 -0.9781155583655676
       25200          208
 8.499460044914695E-02
       25200          208
 -0.3196539547004940
       25200          208
 -0.1076812624259722
       25200          208
 -0.4035344281634864
       25200          208
 -0.5140484592498016
       25200          208
 -0.2684999262269565
       25200          208
 -0.4588341913244705
       25200          208
 -0.2373983241794572
       25200          208
 -5.232095882631869E-03
       25200          208
 -0.5690157823400248
       25200          208
 -0.4498599505029507
       25200          208
 0.1801160373435287
       25200          208
 -0.2893373374018203
       25200          208
 -0.5959304534064227
       25200          208
 -0.4516363771132540
       25200          208
 -0.3241971844360969
       25200          208
 -0.2778682397391752
       25200          208
 0.2778408711774545
       25200          208
 -8.025105133045948E-02
       25200          208
 -0.3491822683573708
       25200          208
 -0.5381212020514921
       25200          208
 0.1595655205688325
       25200          208
 7.586369190430245E-02
       25200          208
 -0.1891679671447003
       25200          208
 -0.4784155675275217
       25200          208
 -0.1596563794824160
       25200          208
 -0.4963826585580802
       25200          208
 -0.4484353692066915
       25200          208
 -0.2625425246020757
       25200          208
 -0.2745316070201405
       25200          208
 -0.4905662333086972
       25200          208
 0.1986755229102390
       25200          208
 0.3442408957677487
       25200          208
 0.1069015763249795
       25200          208
 -0.3647921557728426
       25200          208
 -0.1407870251192238
       25200          208
 -0.3802079436408807
       25200          208
 -0.5902396978274203
       25200          208
 -0.1194621018718852
       25200          208
 -0.2857251940640078
       25200          208
 -0.4282196357651632
       25200          208
 1.361066762160860E-02
       25200          208
 -0.7926059050252185
       25200          208
 -0.1479081734477361
       25200          208
 -0.2611265193239152
       25200          208
 -0.2730036882121765
       25200          208
 -0.3572307197410772
       25200          208
 -0.1101387345288797
       25200          208
 0.1849851835515177
       25200          208
 -0.2199871534919451
       25200          208
 -0.3672237449276688
       25200          208
 -0.2109013410909122
       25200          208
 -2.592051747229251E-02
       25200          208
 -0.6884951145569329
       25200          208
 -0.7350895717123478
       25200          208
 -0.3554170054620605
       25200          208
 -6.249306097117326E-02
       25200          208
 -0.5797647683416862
       25200          208
 -0.7750906335514560
       25200          208
 -2.844129244497753E-02
       25200          208
 -7.428779605804739E-02
       25200          208
 -0.3184101046006602
       25200          208
 0.1647435715013803
       25200          208
 -7.685146110474683E-02
       25200          208
 -0.3224749484557115
       25200          208
 -0.1468402059672241
       25200          208
 -0.4054745265057549
       25200          208
 -0.3202081974061606
       25200          208
 -0.1318840779809979
       25200          208
 -0.4707422283595234
       25200          208
 -0.3131253522964482
       25200          208
 -0.7316779481417890
       25200          208
 -0.4384483487788048
       25200          208
 7.766507554867688E-02
       25200          208
 -0.3143842330924421
       25200          208
 -0.1191222547342858
       25200          208
 0.1045221442753200
       25200          208
 -0.8876980400809800
       25200          208
 -0.6376343913877853
       25200          208
 -0.3234153017636904
       25200          208
 -0.1987180509391890
       25200          208
 -0.4359756616010932
       25200          208
 -1.161548823180741E-02
       25200          208
 0.6374462282843645
       25200          208
 -8.974584868419649E-02
       25200          208
 -0.9879501435800329
       25200          208
 -8.184944833260868E-02
       25200          208
 -0.4004926451476428
       25200          208
 -0.4408089181957554
       25200          208
 2.854245988333233E-03
       25200          208
 0.1397368577729547
       25200          208
 -0.7397231810944902
       25200          208
 -0.2888338178834829
       25200          208
 -0.2572522291451086
       25200          208
 0.4015383850686540
       25200          208
 0.4757002853635799
       25200          208
 -0.2929652831125498
       25200          208
 -0.2346008907455568
       25200          208
 5.200358597319419E-02
       25200          208
 -1.045511900263973
       25200          208
 0.3364316016898495
       25200          208
 -0.1180409045511343
       25200          208
 -0.9553398258587085
       25200          208
 -0.5396452262580398
       25200          208
 -0.4087303692694574
       25200          208
 -0.2166827164636052
       25200          208
 -0.3757957264262453
       25200          208
 -0.2420202852678382
       25200          208
 -1.052686689939242
       25200          208
 -0.2833313626584822
       25200          208
 -0.4815550802834991
       25200          208
 -0.5064074228215720
       25200          208
 -0.2225588691470281
       25200          208
 -0.1660536233605604
       25200          208
 -0.1390457531531553
       25200          208
 -7.958935441897866E-02
       25200          208
 -0.5562078557694714
       25200          208
 -8.736374893923576E-02
       25200          208
 -0.3461799915636230
       25200          208
 -0.4832105636426197
       25200          208
 -0.3216090892318797
       25200          208
 -0.2289060018505442
       25200          208
 0.1262190506061181
       25200          208
 -0.5096611996786060
       25200          208
 -0.3878696554028507
       25200          208
 -0.3657966836374954
       25200          208
 -0.9014241996897372
       25200          208
 -0.1304415697384381
       25200          208
 -0.3798163356720280
       25200          208
 -0.1876651528861291
       25200          208
 5.256474591093227E-02
       25200          208
 0.3432698393981318
       25200          208
 -8.984347905456269E-02
       25200          208
 -0.4686690895931135
       25200          208
 -0.5307875369461859
       25200          208
 -0.2297130746172928
       25200          208
 -0.4053775851618272
       25200          208
 -0.1045769375607329
       25200          208
 -0.2582414932128990
       25200          208
 -0.3298978377643774
       25200          208
 -0.2577332268090025
       25200          208
 -9.323422025000827E-02
       25200          208
 -0.1009370177062213
       25200          208
 -0.4828103511680084
       25200          208
 -0.3326711406679568
       25200          208
 -0.2068074712674629
       25200          208
 -0.2504488086003640
       25200          208
 -0.3635007313726495
       25200          208
 -0.2634440845971058
       25200          208
 -0.4830321959311243
       25200          208
 -1.188680136938632E-02
       25200          208
 -0.3198604979536026
       25200          208
 -0.6211986292586547
       25200          208
 -0.2835485731217722
       25200          208
 -0.5792787443661778
       25200          208
 -0.4731692160144837
       25200          208
 0.3731847328949108
       25200          208
 1.820327033036246E-02
       25200          208
 -0.4623112558281838
       25200          208
 -0.7236624612021950
       25200          208
 -0.7839827132663999
       25200          208
 -0.2915040449508608
       25200          208
 -2.455769879180885E-02
       25200          208
 0.2114535200574753
       25200          208
 -0.9859846413776259
       25200          208
 -0.5066935050576171
       25200          208
 0.3580866002040976
       25200          208
 0.2122618696203685
       25200          208
 -0.2676263724697591
       25200          208
 -0.1357747564670629
       25200          208
 -0.9232220346115025
       25200          208
 -0.3366315398340666
       25200          208
 0.1930264102388554
       25200          208
 -0.4812914910695948
       25200          208
 0.1714945210092739
       25200          208
 -0.5009570306350442
       25200          208
 0.4286816995465129
       25200          208
 -0.3038314211541975
       25200          208
 -0.4186147431286071
       25200          208
 -0.4492690489959433
       25200          208
 0.4120525447939887
       25200          208
 -8.080846276395795E-02
       25200          208
 -4.754919735690413E-02
       25200          208
 -4.521081159995526E-02
       25200          208
 -0.1948299031044816
       25200          208
 -0.3145028176468010
       25200          208
 -0.3444814954646852
       25200          208
 -0.4135959834381362
       25200          208
 -0.3434879636876913
       25200          208
 0.2534046546908070
       25200          208
 -0.5241127551388522
       25200          208
 -3.121371235608752E-02
       25200          208
 1.820474517733096E-02
       25200          208
 -0.6599305123395873
       25200          208
 -0.1769273252418463
       25200          208
 -0.2401758225232521
       25200          208
 -3.841331127754027E-02
       25200          208
 -0.7664354455031994
       25200          208
 -0.5256783627889090
       25200          208
 9.361573196041842E-02
       25200          208
 -0.3714965977401886
       25200          208
 0.2110102187552602
       25200          208
 -0.6201957274239822
       25200          208
 3.164208137648215E-02
       25200          208
 -0.6206629147251441
       25200          208
 -0.1844440015774940
       25200          208
 0.3801926213689240
       25200          208
 -0.1670972718203865
       25200          208
 9.515250793530769E-02
       25200          208
 -0.5295524323824797
       25200          208
 0.4999912423634965
       25200          208
 -0.4155187839199921
       25200          208
 -0.6301414071822109
       25200          208
 -0.3990503175005483
       25200          208
 -0.3618248734446867
       25200          208
 -0.3633524789663790
       25200          208
 -0.2492205047605780
       25200          208
 -0.3374408704952676
       25200          208
 -0.3124607251516003
       25200          208
 5.613854553263130E-02
       25200          208
 -0.4188640542794837
       25200          208
 -0.5549538956448209
       25200          208
 -9.413181502210108E-02
       25200          208
 -0.2294084598861106
       25200          208
 -5.487461598310289E-02
       25200          208
 -0.5571425499627407
       25200          208
 -0.7405102481698844
       25200          208
 -0.4188562224348612
       25200          208
 -2.025648661869716E-02
       25200          208
 9.006119299848772E-02
       25200          208
 -0.6316068000979631
       25200          208
 -0.5703169648493348
       25200          208
 0.1655204828602137
       25200          208
 -0.3524435823163017
       25200          208
 3.010200897490454E-02
       25200          208
 -0.2499665667003305
       25200          208
 -0.3949511123740325
       25200          208
 -0.2834367447614992
       25200          208
 -0.5785486919672111
       25200          208
 -0.5442368758835421
       25200          208
 -0.1745363534889229
       25200          208
 -0.2245223470625190
       25200          208
 -0.1771237854155513
       25200          208
 -0.5194768458291554
