   1   556665    -0.99356383390551         0.99954909180101    
   2   555271    -0.98076327758803         0.99864828240225    
   3   552929    -0.96812203149109         0.99774358110474    
   4   551444    -0.95548683577404         0.99679215904402    
   5   549844    -0.94300239997147         0.99577800181685    
   6   545383    -0.93066836139317         0.99473274884893    
   7   545071    -0.91865705237225         0.99367525238539    
   8   543992    -0.90653912954282         0.99259255403789    
   9   540771    -0.89444208192812         0.99144065126587    
  10   541448    -0.88242584550808         0.99028590571503    
  11   542104    -0.87081766841210         0.98910506833846    
  12   538752    -0.85887131278182         0.98778506919545    
  13   536859    -0.84727063233603         0.98658768963159    
  14   530015    -0.83556600928436         0.98530393406905    
  15   529519    -0.82397190729378         0.98393670528119    
  16   529393    -0.81265576194235         0.98244289447468    
  17   527618    -0.80127505515786         0.98105389364950    
  18   526860    -0.79032529103459         0.97956832041115    
  19   527113    -0.77905849984626         0.97798067508149    
  20   526710    -0.76817840523939         0.97625842541690    
  21   526137    -0.75689748106988         0.97450772327418    
  22   520903    -0.74614046793975         0.97279782295938    
  23   520893    -0.73522259842190         0.97108194349934    
  24   517705    -0.72415392285550         0.96937948450780    
  25   516863    -0.71328130780955         0.96747067108056    
  26   515698    -0.70230388917833         0.96526662530245    
  27   515231    -0.69178612751298         0.96320977799599    
  28   512995    -0.68163977829941         0.96124142130619    
  29   512787    -0.67142359126423         0.95909018703833    
  30   511142    -0.66091859712498         0.95678737974206    
  31   510195    -0.65074798647586         0.95443305412643    
  32   510806    -0.63970503562992         0.95199151775402    
  33   509048    -0.62955508950155         0.94988124224481    
  34   507589    -0.61925955190573         0.94677665545959    
  35   506091    -0.60873580108172         0.94374535576137    
  36   503660    -0.59928176595763         0.94094852994204    
  37   504717    -0.58877228099324         0.93810692204309    
  38   502972    -0.57823097210717         0.93482166691344    
  39   506039    -0.56863633636557         0.93188431495940    
  40   501071    -0.55830991368660         0.92852434954060    
  41   499937    -0.54913524487792         0.92518369063102    
  42   499697    -0.53860859536648         0.92124589371119    
  43   498396    -0.52877264224818         0.91763403813205    
  44   497610    -0.51851133334955         0.91363264260501    
  45   496560    -0.50918392265068         0.90973033550333    
  46   498225    -0.49905796958184         0.90488282972387    
  47   493947    -0.48916569832939         0.90003672590467    
  48   493948    -0.48016795608805         0.89626735904976    
  49   494852    -0.47026834593403         0.89068939108387    
  50   492802    -0.46023930646042         0.88549937554629    
  51   490488    -0.45094263230640         0.87978687796120    
  52   492030    -0.44132249368771         0.87431856874437    
  53   490016    -0.43208307275097         0.86879367535147    
  54   488487    -0.42291787731041         0.86282876007251    
  55   487503    -0.41301875903945         0.85573590148054    
  56   487890    -0.40301881511830         0.84926721288809    
  57   486810    -0.39340694039576         0.84103886019389    
  58   487913    -0.38463546378559         0.83357521164444    
  59   485207    -0.37533955676198         0.82645503513823    
  60   484444    -0.36653313055515         0.81748290155653    
  61   485156    -0.35664315672271         0.80880040952978    
  62   485198    -0.34728809550224         0.79936626173335    
  63   482611    -0.33875579748423         0.79087182657526    
  64   485779    -0.32910978003646         0.77992944060319    
  65   482580    -0.31980425351662         0.76799092756599    
  66   482814    -0.31061938645261         0.75697597171344    
  67   484280    -0.30135150384068         0.74503627576186    
  68   482331    -0.29210634762556         0.73162570622477    
  69   481715    -0.28324345064603         0.71806162296064    
  70   481370    -0.27404111321111         0.70363602835783    
  71   480542    -0.26463792529880         0.68714195844775    
  72   481018    -0.25478778017637         0.66896094422498    
  73   479228    -0.24596470534256         0.65341186594349    
  74   478073    -0.23732324149063         0.63726784196780    
  75   476738    -0.22855846821387         0.61878574799224    
  76   477354    -0.21898712311736         0.59780672533282    
  77   476848    -0.21026203933831         0.57485814590718    
  78   479036    -0.20127340579170         0.55469740883841    
  79   477919    -0.19200407084680         0.53124233280267    
  80   477341    -0.18341732932738         0.50554962730922    
  81   475690    -0.17383104339228         0.47925136389356    
  82   477830    -0.16480848044184         0.45138293939758    
  83   476788    -0.15541879055013         0.42047371391752    
  84   475710    -0.14644959681356         0.39351172113518    
  85   476404    -0.13799691403146         0.36281080242179    
  86   475664    -0.12923709571625         0.33331282575859    
  87   476169    -0.12047877657914         0.30304018160768    
  88   477675    -0.11134142780778         0.26900465255607    
  89   475970    -0.10278306446629         0.24002184694207    
  90   475096    -0.93150135031595E-01     0.20583703251736    
  91   477027    -0.84666677892009E-01     0.17690933369537    
  92   473097    -0.75479326366053E-01     0.14577765081501    
  93   474121    -0.66714392612804E-01     0.11665194551086    
  94   474567    -0.58315677039863E-01     0.91451790217217E-01
  95   474229    -0.49155315257560E-01     0.66885631061746E-01
  96   474655    -0.40306926668488E-01     0.45967952970523E-01
  97   476047    -0.31585865469236E-01     0.29098808054381E-01
  98   475953    -0.22554426305368E-01     0.15094453213688E-01
  99   472792    -0.13838684029823E-01     0.57875971852027E-02
 100   471815    -0.37944736870812E-02     0.42991545863792E-03
 101   474643     0.43150206099967E-02     0.50394384889974E-03
 102   473663     0.13634588688566E-01     0.53214158845594E-02
 103   474975     0.21495157132242E-01     0.13102818180905E-01
 104   476363     0.30261094148125E-01     0.26038851172782E-01
 105   474764     0.39490107480695E-01     0.43523321888511E-01
 106   475633     0.48617332487718E-01     0.64573719688769E-01
 107   474040     0.58136899282365E-01     0.89666424666633E-01
 108   472849     0.67041986589286E-01     0.11667963893416    
 109   473023     0.75761790438314E-01     0.14473709133299    
 110   474515     0.84032215431661E-01     0.17272368503046    
 111   477311     0.93439848086947E-01     0.20537867198671    
 112   474772     0.10294053395531         0.23805778902598    
 113   474923     0.11070941195818         0.26638647570355    
 114   477700     0.11990210849808         0.30106712689783    
 115   476166     0.12980051530081         0.33365012981758    
 116   476378     0.13767930057004         0.35988156116316    
 117   477511     0.14658502209111         0.39176245425434    
 118   475157     0.15605915406052         0.42126494498761    
 119   477094     0.16553928761623         0.45199184407345    
 120   478100     0.17408891850617         0.47812328387631    
 121   478011     0.18344848251608         0.50391154952326    
 122   477023     0.19142403130546         0.52583677399697    
 123   476525     0.20075943539717         0.55257612872160    
 124   478302     0.21059863988655         0.57656805172003    
 125   477996     0.21886763246713         0.59623171552207    
 126   478270     0.22879627552835         0.61717762628728    
 127   478845     0.23766340124126         0.63750723035930    
 128   479770     0.24612835557219         0.65400988741148    
 129   480923     0.25517668224529         0.67075354714776    
 130   483316     0.26426494343583         0.68738566223136    
 131   482704     0.27365982171593         0.70429972534813    
 132   481639     0.28282850446588         0.71853618550361    
 133   484372     0.29254776513907         0.73285832736687    
 134   483406     0.30127495716210         0.74381970012220    
 135   483935     0.31068933815811         0.75693907939295    
 136   482004     0.31975416192120         0.76946544281857    
 137   481306     0.32860963480642         0.77984618030082    
 138   484468     0.33893889995858         0.79161195538207    
 139   485204     0.34768969605491         0.80024572883464    
 140   484771     0.35680627643638         0.80975039514096    
 141   485335     0.36637393612756         0.81905380697995    
 142   485548     0.37530833180642         0.82645840256804    
 143   488230     0.38478452696195         0.83469874825725    
 144   488235     0.39441801263190         0.84277365780839    
 145   488784     0.40388994763104         0.85056837097875    
 146   490253     0.41316173236629         0.85735437512697    
 147   491139     0.42275262123304         0.86362486613420    
 148   489796     0.43231262593907         0.87002939338230    
 149   489779     0.44152801422237         0.87537483174607    
 150   491871     0.45135759272941         0.88126686700204    
 151   494180     0.46027206465753         0.88578520668003    
 152   495029     0.47103867015133         0.89178892203825    
 153   493385     0.48081120457027         0.89710586540774    
 154   494640     0.49054307445699         0.90145377476934    
 155   496187     0.49983494468191         0.90599487198162    
 156   498402     0.50986714927602         0.91047444331616    
 157   496177     0.51981626028905         0.91435234702993    
 158   497704     0.52959259249218         0.91786957694910    
 159   500432     0.53931294721724         0.92191993959787    
 160   500369     0.54843401645975         0.92540197571232    
 161   499805     0.55884614017345         0.92894777383077    
 162   501997     0.56905423743047         0.93224531620695    
 163   502184     0.57926734152125         0.93544721972171    
 164   503068     0.58931217861550         0.93850433888502    
 165   505473     0.59907082137042         0.94130527785920    
 166   505980     0.60899556127647         0.94408540993387    
 167   505221     0.61942121561275         0.94634251463545    
 168   507468     0.63047548370109         0.94981527434903    
 169   511020     0.64063105328979         0.95207818078267    
 170   511825     0.65098663895843         0.95419993271779    
 171   512188     0.66112595314741         0.95637839773459    
 172   513096     0.67174512292863         0.95893980523332    
 173   512410     0.68236187277808         0.96099036174177    
 174   513977     0.69280168620016         0.96313336018473    
 175   518483     0.70296706163397         0.96495373649080    
 176   518232     0.71390645294931         0.96702593214869    
 177   518606     0.72469241725787         0.96891987795711    
 178   519774     0.73562576840084         0.97083223244249    
 179   520886     0.74653930715870         0.97275460409152    
 180   523848     0.75717649479434         0.97439277048942    
 181   524327     0.76855200491486         0.97603844991106    
 182   523835     0.77962685278313         0.97761782857823    
 183   524111     0.79066661513112         0.97911891417453    
 184   527618     0.80202352173663         0.98058688766462    
 185   530339     0.81300635238487         0.98205378649934    
 186   534042     0.82452644952804         0.98350194737574    
 187   534324     0.83608676194653         0.98500403516496    
 188   535542     0.84736040171220         0.98629422480647    
 189   535451     0.85924586140342         0.98772292704229    
 190   536088     0.87099037240498         0.98892445285259    
 191   539095     0.88249696043007         0.99007262984877    
 192   541909     0.89450028172969         0.99124060949010    
 193   543028     0.90654991357130         0.99244351542716    
 194   544468     0.91860278881723         0.99361733972097    
 195   547433     0.93088314934455         0.99469451096484    
 196   548052     0.94317151292919         0.99573700677856    
 197   550592     0.95559595194204         0.99674069232343    
 198   552990     0.96807406295879         0.99770629138802    
 199   554494     0.98076551139889         0.99864841456529    
 200   556580     0.99356678575240         0.99955196945795    
