   1   591647    -0.99257365415625         0.99922082996030    
   2   588567    -0.97780397891830         0.99763546286272    
   3   585647    -0.96335990806578         0.99601861184038    
   4   582557    -0.94905244220070         0.99437321904702    
   5   577359    -0.93534362993725         0.99264659941441    
   6   575513    -0.92118109395495         0.99075200864622    
   7   570482    -0.90759944002621         0.98888143616418    
   8   569182    -0.89459164955089         0.98699220185897    
   9   564382    -0.88172444125201         0.98506973510033    
  10   564253    -0.86827354093810         0.98295330639267    
  11   558409    -0.85560451224850         0.98086449497745    
  12   556310    -0.84289542525566         0.97880492782488    
  13   555330    -0.83047176071319         0.97660962075607    
  14   550821    -0.81825599996147         0.97420284352931    
  15   548644    -0.80542422066108         0.97162327340479    
  16   546960    -0.79366879206023         0.96938291100541    
  17   546531    -0.78187989222648         0.96673358095466    
  18   542523    -0.77039963524662         0.96442924394336    
  19   539955    -0.75862431425874         0.96189004327382    
  20   535928    -0.74685863482228         0.95901148055560    
  21   533800    -0.73533551809664         0.95636639884192    
  22   532112    -0.72417874017814         0.95346731290747    
  23   529289    -0.71268117204367         0.95054140191457    
  24   526513    -0.70162592467223         0.94740381337954    
  25   526226    -0.69032898367585         0.94452342935108    
  26   524401    -0.67963278927346         0.94099838407581    
  27   522292    -0.66867663840195         0.93770081475132    
  28   520500    -0.65852931622492         0.93417349100540    
  29   517028    -0.64770700226765         0.93058171010630    
  30   515456    -0.63670072813698         0.92662774953506    
  31   513070    -0.62658315241175         0.92330385854595    
  32   512784    -0.61605570905556         0.91955992446217    
  33   512750    -0.60559907041131         0.91541141331420    
  34   510341    -0.59485607246133         0.91066976084544    
  35   508006    -0.58555917339489         0.90672953607532    
  36   507874    -0.57518264473130         0.90243699583312    
  37   505403    -0.56481046254902         0.89809618577002    
  38   502602    -0.55457982007333         0.89287244404335    
  39   501266    -0.54526588527111         0.88724118669530    
  40   500131    -0.53502896015911         0.88239094781806    
  41   500440    -0.52484602297243         0.87664501463466    
  42   497776    -0.51579055034903         0.87151790213511    
  43   497055    -0.50594444166640         0.86562551454189    
  44   495148    -0.49596554476070         0.85970553213109    
  45   495820    -0.48668049595576         0.85392460457180    
  46   493111    -0.47719244216530         0.84757948501696    
  47   490716    -0.46761878753563         0.84102992418408    
  48   490238    -0.45747951088917         0.83322717704771    
  49   488718    -0.44782529812891         0.82568059381584    
  50   488638    -0.43862027522241         0.81812402780636    
  51   486835    -0.43003798191113         0.81121915382828    
  52   486715    -0.42100721734066         0.80347854707084    
  53   485535    -0.41106398943743         0.79504239188280    
  54   483229    -0.40227107490138         0.78621700977026    
  55   479300    -0.39265087065804         0.77579229096582    
  56   481340    -0.38417597736721         0.76726369403268    
  57   481268    -0.37471207981060         0.75728551753152    
  58   479782    -0.36526489739369         0.74561558463244    
  59   478296    -0.35640901838674         0.73587746927806    
  60   477730    -0.34737438936549         0.72459881898192    
  61   475235    -0.33821513119673         0.71203388594586    
  62   474471    -0.32971754924285         0.70104148802516    
  63   475764    -0.32002583146416         0.68626539293571    
  64   475072    -0.31195733459964         0.67429084796871    
  65   472799    -0.30333027121879         0.66141076018292    
  66   473410    -0.29488480790430         0.64832558459386    
  67   473787    -0.28554051106341         0.63087264817104    
  68   472353    -0.27633972975823         0.61326355368815    
  69   470812    -0.26840978685816         0.60038441667072    
  70   469710    -0.25964900666989         0.58219936196231    
  71   468434    -0.25127836187718         0.56674503703561    
  72   470604    -0.24161578735199         0.54424232865193    
  73   469981    -0.23247276879076         0.52572041182366    
  74   469005    -0.22470956396804         0.50837640945422    
  75   468690    -0.21621597673102         0.48786616854057    
  76   466278    -0.20752494284037         0.46731333752455    
  77   468084    -0.19904191741355         0.44398950470329    
  78   466590    -0.19042858712986         0.42213974425074    
  79   465052    -0.18143267981416         0.39939915382439    
  80   464691    -0.17301554427583         0.37420115564337    
  81   465819    -0.16450145313967         0.35155781998736    
  82   465229    -0.15625612808527         0.32851977082203    
  83   466024    -0.14794946406022         0.30361919165654    
  84   464251    -0.13957717684361         0.27890709107929    
  85   461650    -0.13029475741300         0.25141841931813    
  86   463589    -0.12159311729360         0.22689106912135    
  87   464259    -0.11399548158658         0.20518037164704    
  88   462565    -0.10511462605933         0.18022311391072    
  89   463030    -0.96469507855956E-01     0.15671542581141    
  90   463068    -0.87819412631067E-01     0.13179307053381    
  91   464510    -0.79618349853686E-01     0.11132626830963    
  92   463162    -0.71133140021428E-01     0.90854621756679E-01
  93   462047    -0.63062406870532E-01     0.72659147806143E-01
  94   462072    -0.55162285911743E-01     0.56779492489789E-01
  95   462261    -0.46298159615174E-01     0.40315487622113E-01
  96   461499    -0.37892755774645E-01     0.27439183745195E-01
  97   460524    -0.29606969392753E-01     0.16887218940027E-01
  98   463686    -0.20596782372998E-01     0.84083166898326E-02
  99   461820    -0.12548593152812E-01     0.32498203588929E-02
 100   462523    -0.48127103828112E-02     0.52365125935483E-03
 101   461479     0.39059859455712E-02     0.26542263321509E-03
 102   461483     0.12833916772137E-01     0.31513301291744E-02
 103   460520     0.20455585904505E-01     0.79318832596368E-02
 104   461328     0.29235253847958E-01     0.16341770705387E-01
 105   460680     0.37311506528233E-01     0.26176114930837E-01
 106   461466     0.45701498116605E-01     0.38796645331059E-01
 107   461373     0.54224163082852E-01     0.53687373278434E-01
 108   462616     0.63338098254692E-01     0.72137633342046E-01
 109   463910     0.71452054208001E-01     0.90524807776533E-01
 110   463459     0.79762889506684E-01     0.11062262402812    
 111   463054     0.88572852761751E-01     0.13334311028638    
 112   461865     0.96050814945958E-01     0.15288007865224    
 113   461839     0.10495709001051         0.17813803725267    
 114   465333     0.11351688616595         0.20167037809664    
 115   464163     0.12281167067314         0.22981338212895    
 116   463194     0.13036056104903         0.25097523139452    
 117   464569     0.13884989562343         0.27591126603319    
 118   464467     0.14733489141509         0.30187282717746    
 119   463804     0.15530870643679         0.32428499385518    
 120   464150     0.16426156036062         0.34880447465702    
 121   465644     0.17244718114416         0.37356293209636    
 122   466751     0.18107859965013         0.39701784884286    
 123   466243     0.18988620694325         0.41919081763308    
 124   467470     0.19900305772366         0.44299659292628    
 125   468605     0.20683725359657         0.46324123152752    
 126   467454     0.21642528558692         0.48772955893568    
 127   468339     0.22479465368835         0.50687944884232    
 128   469587     0.23310971819058         0.52653744958662    
 129   469600     0.24207641032047         0.54590373831760    
 130   470426     0.25102067519038         0.56423605007117    
 131   470039     0.25937007168914         0.58104402058620    
 132   471219     0.26790672334642         0.59887498782169    
 133   472487     0.27643724950731         0.61519506190303    
 134   473552     0.28536792031031         0.63146284454231    
 135   473229     0.29448198740116         0.64573566143030    
 136   474428     0.30311643538381         0.65986031419040    
 137   476343     0.31218499445891         0.67430012068153    
 138   476520     0.32133411725402         0.68922117995366    
 139   477370     0.32968535343918         0.69996139615013    
 140   475765     0.33918041487997         0.71353497994980    
 141   479064     0.34770041688356         0.72470931381189    
 142   479324     0.35692336754758         0.73709689716547    
 143   479344     0.36600317808742         0.74811820506993    
 144   481016     0.37470171244851         0.75665695018300    
 145   483217     0.38441290843844         0.76793725692974    
 146   483408     0.39346680036885         0.77726954053962    
 147   482959     0.40316152562775         0.78682995744589    
 148   484950     0.41149943212898         0.79450789349287    
 149   486805     0.42083916984402         0.80281420506630    
 150   486810     0.43037635944934         0.81169105762400    
 151   487976     0.43905351931947         0.81892515026349    
 152   489189     0.44898569777505         0.82709253900516    
 153   491757     0.45735685034937         0.83334153490156    
 154   492360     0.46654113371757         0.83969428743895    
 155   491747     0.47661216348857         0.84712912017684    
 156   492445     0.48704596681495         0.85314239813170    
 157   493145     0.49676476649890         0.86120623994380    
 158   495316     0.50659328058205         0.86672550646455    
 159   497962     0.51619751793585         0.87223450391911    
 160   498745     0.52593387340949         0.87747211161438    
 161   501722     0.53495480073173         0.88265659922983    
 162   503276     0.54547656293051         0.88789023432227    
 163   504218     0.55568337332923         0.89308056333085    
 164   505800     0.56512315045443         0.89810520460498    
 165   506982     0.57565440177460         0.90263672786431    
 166   506446     0.58534531617381         0.90605996284701    
 167   508254     0.59560615961258         0.91080744303087    
 168   509589     0.60600175427874         0.91518476942536    
 169   513509     0.61613319890112         0.91904286995379    
 170   515270     0.62678280449228         0.92296575942325    
 171   517691     0.63750723396241         0.92715958229852    
 172   519056     0.64809108365081         0.93038176580524    
 173   520525     0.65904200797025         0.93419339049621    
 174   521209     0.66919414940231         0.93743945690566    
 175   522840     0.67987852310385         0.94059371501929    
 176   526006     0.69115252681146         0.94375496399952    
 177   528963     0.70265983155914         0.94721394807476    
 178   528419     0.71373049769875         0.95023574549642    
 179   530437     0.72455181075988         0.95312338596511    
 180   534077     0.73606481076912         0.95565965030321    
 181   536259     0.74731455634831         0.95853351057205    
 182   537901     0.75871715463969         0.96128199755769    
 183   541549     0.77034021073852         0.96407034989122    
 184   544810     0.78236480942198         0.96666678818700    
 185   546642     0.79438936893596         0.96916120771637    
 186   547794     0.80622895811497         0.97141348888654    
 187   549764     0.81827296425273         0.97368616272246    
 188   555077     0.83102081722804         0.97629706796720    
 189   557275     0.84325105311682         0.97846298934495    
 190   558900     0.85586677936078         0.98055819133116    
 191   562255     0.86858025069537         0.98269376596357    
 192   566509     0.88141407636822         0.98482799882212    
 193   567564     0.89468037859728         0.98682133641632    
 194   569280     0.90799601552262         0.98877457836107    
 195   572298     0.92156079094280         0.99065390340643    
 196   576647     0.93521013422458         0.99249108007623    
 197   582813     0.94919341750286         0.99431677582229    
 198   584712     0.96335154761359         0.99600528074094    
 199   588145     0.97784443043923         0.99766333693285    
 200   591210     0.99257056902782         0.99922829633766    
