   1   581830    -0.99285014376049         0.99932118903704    
   2   579040    -0.97868961313554         0.99795070436907    
   3   575901    -0.96477789961960         0.99652812405340    
   4   573020    -0.95100619779317         0.99505498868699    
   5   570553    -0.93745753492922         0.99354454974144    
   6   566125    -0.92413211770402         0.99197376850312    
   7   564375    -0.91091131779940         0.99031254369763    
   8   562420    -0.89806813086023         0.98866585810565    
   9   558615    -0.88502291111102         0.98693294212590    
  10   557115    -0.87233948743487         0.98519174323628    
  11   553268    -0.85989892623959         0.98337508670757    
  12   551904    -0.84757192265054         0.98143996906086    
  13   547789    -0.83513579581006         0.97955388353184    
  14   546755    -0.82314223681180         0.97756527199509    
  15   544411    -0.81099727808675         0.97542023855394    
  16   541841    -0.79936796023896         0.97335808303524    
  17   539842    -0.78747584894776         0.97109751528443    
  18   537581    -0.77570800966254         0.96884840152350    
  19   535601    -0.76429367881680         0.96670535034090    
  20   533331    -0.75265744330134         0.96417992178606    
  21   530820    -0.74148433277938         0.96180824226159    
  22   530017    -0.73007560499528         0.95904866619441    
  23   527074    -0.71913770071942         0.95664003938465    
  24   525126    -0.70808861889667         0.95390613669823    
  25   523943    -0.69712789720924         0.95112762373411    
  26   522220    -0.68596844329645         0.94811334066891    
  27   521065    -0.67536463548773         0.94508461703086    
  28   518680    -0.66455333563425         0.94195431860925    
  29   516810    -0.65388087209966         0.93884727118993    
  30   516106    -0.64366475566713         0.93580085399502    
  31   513163    -0.63282464295457         0.93231084819054    
  32   512168    -0.62249346097378         0.92873386547019    
  33   510560    -0.61226265764054         0.92524022981103    
  34   510117    -0.60210487333418         0.92146015569303    
  35   508482    -0.59168437096343         0.91747668160318    
  36   505236    -0.58152167132453         0.91353052614560    
  37   504337    -0.57150345830781         0.90939268576277    
  38   502839    -0.56130829011504         0.90510527510766    
  39   502858    -0.55180477944504         0.90057297557700    
  40   500431    -0.54139772933291         0.89583509729056    
  41   499333    -0.53151331619986         0.89073762672556    
  42   497837    -0.52178654269509         0.88566412019246    
  43   497751    -0.51190507548150         0.88052103179010    
  44   495877    -0.50228969495088         0.87528698539281    
  45   494586    -0.49279152571125         0.86978682869631    
  46   493225    -0.48288932841867         0.86383289587607    
  47   493282    -0.47313956868041         0.85728637537965    
  48   491135    -0.46399640959278         0.85140690623285    
  49   490375    -0.45455132769683         0.84486527786500    
  50   488759    -0.44512984935730         0.83767804282743    
  51   487678    -0.43548694981506         0.83078219747936    
  52   486649    -0.42609177795201         0.82334763928464    
  53   485764    -0.41689767933391         0.81490501467553    
  54   484746    -0.40723674328424         0.80673513300808    
  55   484629    -0.39832458453619         0.79881685657572    
  56   483624    -0.38895482856438         0.79003280334135    
  57   482997    -0.37994269501789         0.78072435410256    
  58   482439    -0.37049462377906         0.77002298678832    
  59   481827    -0.36151387074136         0.76040490628793    
  60   481014    -0.35269880307091         0.75007060171205    
  61   478971    -0.34354440464222         0.73865697939201    
  62   478776    -0.33491363630898         0.72796480016744    
  63   477629    -0.32521285285841         0.71528317706075    
  64   477537    -0.31620921005502         0.70148753193914    
  65   474575    -0.30773522154578         0.68993998371157    
  66   476393    -0.29899480113432         0.67642615588208    
  67   475456    -0.28938709312182         0.66068421876471    
  68   474570    -0.28082964014594         0.64514729810713    
  69   474625    -0.27174708628481         0.62978471628319    
  70   472500    -0.26355516799810         0.61355706706067    
  71   473878    -0.25371165630272         0.59458397790104    
  72   473083    -0.24575842318027         0.57800328413883    
  73   471732    -0.23647645651229         0.55933303524983    
  74   472065    -0.22841033921341         0.53971533038651    
  75   470230    -0.21895653570657         0.51846917438011    
  76   470408    -0.21071413400189         0.49910795425926    
  77   470946    -0.20154813697023         0.47497913353425    
  78   469373    -0.19287747770841         0.45274763218307    
  79   468133    -0.18465461492541         0.43061140538936    
  80   467625    -0.17576592138315         0.40619646343779    
  81   469223    -0.16730695159941         0.38153993441082    
  82   468461    -0.15816608197078         0.35469621436591    
  83   468324    -0.14981617072819         0.33025523476685    
  84   467588    -0.14132172248377         0.30481216022413    
  85   466650    -0.13236869604949         0.27751287947527    
  86   467590    -0.12422247595700         0.25250104857959    
  87   467171    -0.11512715610394         0.22396151910473    
  88   467048    -0.10688905497777         0.19886800851497    
  89   465496    -0.98171317871739E-01     0.17381061313516    
  90   466296    -0.90013474757430E-01     0.14976967560116    
  91   466402    -0.80680647784910E-01     0.12389901182519    
  92   465347    -0.73090910849317E-01     0.10425145977757    
  93   465402    -0.63896636027597E-01     0.81707071487237E-01
  94   465434    -0.55412791083094E-01     0.62653113667763E-01
  95   465119    -0.47233187981829E-01     0.46363124321486E-01
  96   464946    -0.38337442915541E-01     0.31105444134537E-01
  97   464958    -0.29985479306002E-01     0.19262995690838E-01
  98   465348    -0.21502899032519E-01     0.10125426201044E-01
  99   465140    -0.12930718859328E-01     0.38350663091563E-02
 100   464411    -0.42244542710810E-02     0.42510032693104E-03
 101   466172     0.45926909256469E-02     0.40506850224813E-03
 102   465162     0.12758227528275E-01     0.33175554931017E-02
 103   466104     0.21899319513356E-01     0.99404368744311E-02
 104   465024     0.29608056916988E-01     0.18263734893068E-01
 105   465061     0.37813794768099E-01     0.29468146825304E-01
 106   465350     0.46722340724665E-01     0.44527124735294E-01
 107   465627     0.55750442425243E-01     0.62361303005733E-01
 108   466011     0.63730652870903E-01     0.80051970214578E-01
 109   466489     0.72376514463446E-01     0.10041797662322    
 110   465261     0.81181225447641E-01     0.12404791115417    
 111   467074     0.89940934784746E-01     0.14822090103722    
 112   467031     0.98373482309791E-01     0.17281440075739    
 113   466641     0.10657951423697         0.19758500559605    
 114   466656     0.11574609876302         0.22521043056811    
 115   466611     0.12369489668997         0.24955899386316    
 116   468021     0.13269558391968         0.27706531263799    
 117   467483     0.14124813600906         0.30307412423716    
 118   467362     0.14958503804362         0.32844157153410    
 119   467540     0.15799371579767         0.35298340088445    
 120   469362     0.16700971722231         0.37932926522903    
 121   468838     0.17545661609858         0.40423776021879    
 122   469119     0.18461481364769         0.42949701848463    
 123   469977     0.19320216619097         0.45218351298140    
 124   470135     0.20153099052182         0.47492502779332    
 125   470910     0.21043319003816         0.49554576975561    
 126   471851     0.21935560993933         0.51852320117998    
 127   471282     0.22808131175370         0.53964233687101    
 128   471544     0.23676547880739         0.55855151669911    
 129   473241     0.24555291703777         0.57777433965297    
 130   473017     0.25437708600248         0.59549772700198    
 131   473201     0.26326299705363         0.61244981058643    
 132   474293     0.27192350248692         0.62933338226012    
 133   474515     0.28074304688112         0.64548586258374    
 134   475339     0.29001083488825         0.66087938777823    
 135   477090     0.29863332091163         0.67450756353020    
 136   476122     0.30745811851020         0.68887517648105    
 137   478040     0.31628441216017         0.70177714660997    
 138   478317     0.32518916389011         0.71438003549059    
 139   479687     0.33497652745329         0.72806370546399    
 140   479895     0.34335112783667         0.73896375566832    
 141   481114     0.35285688320021         0.75045284353620    
 142   482543     0.36204636654880         0.76043272289415    
 143   481742     0.37127225759850         0.77119321637388    
 144   482214     0.37986090556483         0.78046019910610    
 145   483568     0.38968532715279         0.79034775955575    
 146   484178     0.39862454931342         0.79881762505844    
 147   486168     0.40798398339596         0.80778837678533    
 148   485620     0.41698483275010         0.81571890582949    
 149   487757     0.42647407775685         0.82352875101352    
 150   488501     0.43551013947718         0.83040795922537    
 151   488665     0.44547928326807         0.83834217865687    
 152   490558     0.45462708422974         0.84479460828417    
 153   490071     0.46429432138963         0.85185267731893    
 154   492187     0.47417398064372         0.85838811938507    
 155   494851     0.48362673076369         0.86441013778923    
 156   494918     0.49291134335296         0.86941853271594    
 157   495840     0.50255691766570         0.87584959871292    
 158   497540     0.51244616935962         0.88112290688088    
 159   497521     0.52188260156425         0.88586752982085    
 160   499308     0.53196706036990         0.89124788492476    
 161   500205     0.54165168759799         0.89594744579363    
 162   502997     0.55204186674614         0.90092209371432    
 163   503188     0.56173102668766         0.90491506431109    
 164   505172     0.57219447566255         0.90953561111234    
 165   506973     0.58227137390751         0.91382257548889    
 166   506952     0.59236622252176         0.91768401431689    
 167   508847     0.60265925055563         0.92142764075305    
 168   509656     0.61267145985974         0.92517700559538    
 169   512170     0.62297479928976         0.92873405016260    
 170   513024     0.63338597681282         0.93224803343564    
 171   515493     0.64383510497963         0.93544188798190    
 172   516567     0.65460229882432         0.93874575837852    
 173   517659     0.66486947694406         0.94155397568264    
 174   520526     0.67607784512356         0.94492003174714    
 175   521433     0.68685712621674         0.94778436584540    
 176   523948     0.69777833421161         0.95073637094827    
 177   525800     0.70851545982683         0.95353188055390    
 178   527300     0.71965297809083         0.95610735523059    
 179   528927     0.73049430025626         0.95883957016074    
 180   531107     0.74183707023416         0.96117583445248    
 181   532641     0.75337406635386         0.96377790571332    
 182   534867     0.76468611179720         0.96616543780291    
 183   536207     0.77620470907049         0.96840850756277    
 184   539570     0.78792071527968         0.97077497161007    
 185   541076     0.79954601951793         0.97289924802716    
 186   543650     0.81129177373901         0.97500945020583    
 187   546354     0.82329879110780         0.97716757171229    
 188   547840     0.83561409610274         0.97921677268565    
 189   551518     0.84752649024134         0.98110090630282    
 190   552851     0.86016205842851         0.98307792991792    
 191   555162     0.87252137520138         0.98497238588132    
 192   558302     0.88524182186260         0.98675361544295    
 193   560602     0.89808322694760         0.98852249655020    
 194   564352     0.91100365104669         0.99022138322957    
 195   567544     0.92421596917960         0.99190303802653    
 196   568424     0.93755358379692         0.99348998151729    
 197   572082     0.95104494413873         0.99503999577203    
 198   575760     0.96473587740162         0.99652579261658    
 199   578222     0.97869986844368         0.99795392758298    
 200   581957     0.99284967536575         0.99932210187598    
