   1   509800    -0.99476876826366         0.99992254430780    
   2   509364    -0.98431548745676         0.99978262719187    
   3   509085    -0.97387786385562         0.99963849844115    
   4   509241    -0.96345114965064         0.99949025006360    
   5   508335    -0.95303297117925         0.99933713226980    
   6   508151    -0.94264207722404         0.99918028925658    
   7   508058    -0.93225542685973         0.99901740871019    
   8   507489    -0.92189698106669         0.99884766474312    
   9   507228    -0.91153938733150         0.99867368171863    
  10   507960    -0.90118070642116         0.99849293862972    
  11   506223    -0.89088853432902         0.99830475674604    
  12   506390    -0.88053295671888         0.99811398969468    
  13   506500    -0.87025427203751         0.99791326987599    
  14   506407    -0.85994746710375         0.99770404055900    
  15   505439    -0.84969976249759         0.99748789471273    
  16   505457    -0.83939909187760         0.99727058387904    
  17   505201    -0.82916611378960         0.99703061724080    
  18   505309    -0.81891911229731         0.99679445710137    
  19   505004    -0.80869044614113         0.99654326667901    
  20   504022    -0.79844937349009         0.99628304422548    
  21   504389    -0.78829180502173         0.99601659042652    
  22   504544    -0.77808647114775         0.99574151460599    
  23   504016    -0.76790453972345         0.99545756593952    
  24   503416    -0.75771669164760         0.99513546623531    
  25   503401    -0.74745980284065         0.99482138251042    
  26   503009    -0.73749261131965         0.99453510839977    
  27   503253    -0.72721514754756         0.99416082004718    
  28   503109    -0.71708733656063         0.99384320865830    
  29   501560    -0.70707133115509         0.99344971666869    
  30   502606    -0.69680161496042         0.99307420568547    
  31   501297    -0.68685438340755         0.99266140834724    
  32   502656    -0.67671087579873         0.99226650786929    
  33   501804    -0.66664489752220         0.99184891872648    
  34   501837    -0.65657530574338         0.99139122969646    
  35   500781    -0.64649545627937         0.99090637791691    
  36   501235    -0.63638522105000         0.99039543078662    
  37   500902    -0.62642425897562         0.98990803302735    
  38   500996    -0.61634343712554         0.98938269303295    
  39   500783    -0.60635074122582         0.98879487057763    
  40   500627    -0.59625049619596         0.98825701082794    
  41   499652    -0.58636429778843         0.98760006924802    
  42   500813    -0.57622679994488         0.98695576397163    
  43   499189    -0.56627576283153         0.98627746429266    
  44   499168    -0.55630172309520         0.98555107953762    
  45   499951    -0.54627304512510         0.98480321821106    
  46   499800    -0.53639491499240         0.98401059536733    
  47   498979    -0.52643202718039         0.98319709437323    
  48   499060    -0.51637270644769         0.98232349746638    
  49   500105    -0.50648265641338         0.98135664586885    
  50   498015    -0.49653084601181         0.98041483035189    
  51   498336    -0.48660133738151         0.97932612807953    
  52   499410    -0.47649432578707         0.97827134924010    
  53   497573    -0.46681873240269         0.97706252953539    
  54   497899    -0.45672447455714         0.97579087036272    
  55   498769    -0.44695700824220         0.97459077700466    
  56   497913    -0.43693148753748         0.97310232488975    
  57   496936    -0.42716496528950         0.97162301944234    
  58   498067    -0.41723147829420         0.96996969945532    
  59   497471    -0.40735410598552         0.96829646025686    
  60   498268    -0.39731790556890         0.96647312821269    
  61   496645    -0.38756550452760         0.96451998633191    
  62   497784    -0.37750967619972         0.96239113267048    
  63   497846    -0.36778877602432         0.96008301356667    
  64   496967    -0.35793758686469         0.95759649983774    
  65   495655    -0.34811086828266         0.95512108942906    
  66   496681    -0.33818236787080         0.95204627835637    
  67   497113    -0.32833623484682         0.94913119618695    
  68   497351    -0.31853432766321         0.94566340152794    
  69   495884    -0.30855877597365         0.94184067814452    
  70   496985    -0.29878233005728         0.93796968546857    
  71   496800    -0.28890835990816         0.93353856153875    
  72   495799    -0.27925139119017         0.92892416905119    
  73   496948    -0.26924507939448         0.92331507187013    
  74   495912    -0.25951640191347         0.91758000888116    
  75   496049    -0.24956275846963         0.91136742824554    
  76   496559    -0.24001363850995         0.90419020583201    
  77   495068    -0.22995353762870         0.89584608618919    
  78   495565    -0.22015624596711         0.88761144499698    
  79   496369    -0.21046400013053         0.87736330485556    
  80   495628    -0.20072587282610         0.86620783300413    
  81   495368    -0.19073396919472         0.85329961296880    
  82   495912    -0.18098917128351         0.83941934313036    
  83   495180    -0.17125433359538         0.82386049836010    
  84   496419    -0.16130461378210         0.80529952371122    
  85   495301    -0.15162907895956         0.78388019614724    
  86   495345    -0.14174853936116         0.75982388343599    
  87   495629    -0.13207297007701         0.73226112005322    
  88   494581    -0.12231830202925         0.70085948728040    
  89   494523    -0.11244972358896         0.66324924380237    
  90   495961    -0.10268519914205         0.62209177115534    
  91   495556    -0.92762771352443E-01     0.57235886467255    
  92   495800    -0.83122825051886E-01     0.51728232817168    
  93   495084    -0.73381121147759E-01     0.45495413704991    
  94   495290    -0.63511247915251E-01     0.38392682139657    
  95   495653    -0.53610769848571E-01     0.30691046369111    
  96   494659    -0.43949231063720E-01     0.22929086431740    
  97   495465    -0.34369377195802E-01     0.15371658823226    
  98   495784    -0.24435388468419E-01     0.83878083718948E-01
  99   495388    -0.14606272338042E-01     0.31721486947958E-01
 100   494523    -0.47539894821064E-02     0.33927413031519E-02
 101   494414     0.47482965900173E-02     0.35065528532715E-02
 102   494591     0.14644762504942E-01     0.32077709968750E-01
 103   495727     0.24563929893025E-01     0.85294906485776E-01
 104   495451     0.34226166539545E-01     0.15281588571482    
 105   495523     0.44004570743725E-01     0.22945781468108    
 106   495050     0.53646589471321E-01     0.30778630817631    
 107   494594     0.63563617583275E-01     0.38433551304621    
 108   495988     0.73348293593391E-01     0.45254416802387    
 109   494528     0.83104949350445E-01     0.51647372247134    
 110   495850     0.93029216783111E-01     0.57194238195882    
 111   494521     0.10259395329605         0.61973023131853    
 112   496912     0.11249962133352         0.66274746183858    
 113   494121     0.12235308856536         0.69905883114656    
 114   496094     0.13205698045839         0.73121581329802    
 115   495326     0.14187830769312         0.75798297105377    
 116   495088     0.15160561609548         0.78237803663632    
 117   495170     0.16120990350236         0.80292556784590    
 118   495671     0.17124684959300         0.82180011407528    
 119   495570     0.18105178348519         0.83812889862068    
 120   495728     0.19074080204635         0.85187377898875    
 121   495787     0.20058335399463         0.86482281009285    
 122   495604     0.21035261039883         0.87593247596462    
 123   495743     0.22036188000447         0.88630795598839    
 124   496435     0.22996610129041         0.89446636561640    
 125   495801     0.23974217743690         0.90270756063191    
 126   496578     0.24966849542351         0.91001935767958    
 127   496632     0.25949757146741         0.91668955720528    
 128   495820     0.26924636998749         0.92219261965564    
 129   495775     0.27903089891692         0.92783108727493    
 130   496712     0.28900941287689         0.93256079252786    
 131   496244     0.29874405263371         0.93714849084379    
 132   496362     0.30854278925677         0.94102768627352    
 133   497095     0.31830968057420         0.94502119630261    
 134   496267     0.32844890359849         0.94817185526355    
 135   496106     0.33807764405415         0.95138671549280    
 136   497431     0.34792708263813         0.95444400181268    
 137   497583     0.35780261728415         0.95704487035899    
 138   498047     0.36783617168911         0.95961860052699    
 139   496631     0.37749455684309         0.96178005994252    
 140   497457     0.38745257682084         0.96419435786029    
 141   497153     0.39746409861099         0.96596182397655    
 142   497478     0.40708624017164         0.96787458633344    
 143   497768     0.41708540971088         0.96968881578987    
 144   497825     0.42699392399184         0.97121575259895    
 145   497696     0.43702997609982         0.97294677533988    
 146   497481     0.44669435652022         0.97419853431656    
 147   499299     0.45661578386291         0.97560402427366    
 148   497951     0.46660116341346         0.97687370443774    
 149   498554     0.47660532394003         0.97808268302408    
 150   498573     0.48641768539398         0.97924071069902    
 151   499496     0.49643662892918         0.98023371635948    
 152   499084     0.50643179561634         0.98129373469056    
 153   499313     0.51627258103735         0.98219733141172    
 154   498376     0.52628309073082         0.98311479612670    
 155   499840     0.53619840652281         0.98398037754760    
 156   499821     0.54614290563947         0.98476448396383    
 157   499683     0.55623922320147         0.98557338818922    
 158   500202     0.56625131586308         0.98627478558715    
 159   499661     0.57619100726247         0.98696628481526    
 160   500694     0.58618157174621         0.98762124853955    
 161   499956     0.59619706465889         0.98827360062902    
 162   499489     0.60626229352947         0.98883504342955    
 163   501944     0.61615822086788         0.98943319836103    
 164   500892     0.62631335192180         0.98996383724976    
 165   501678     0.63637952588663         0.99048121242664    
 166   501045     0.64640709682225         0.99097297837894    
 167   501193     0.65642613011052         0.99143742728451    
 168   502068     0.66652322633247         0.99187935970628    
 169   502340     0.67666162078027         0.99235469596603    
 170   501844     0.68671112966867         0.99273582855682    
 171   502122     0.69677248025424         0.99316326045585    
 172   502421     0.70695070028188         0.99350879428969    
 173   503550     0.71703955114655         0.99389252593715    
 174   503138     0.72721164756776         0.99423724938922    
 175   502857     0.73731685069740         0.99456279606603    
 176   503470     0.74755132460287         0.99489586176184    
 177   503775     0.75760127183179         0.99521177180163    
 178   503667     0.76782288301306         0.99550052135908    
 179   504605     0.77804333134012         0.99578612273219    
 180   504000     0.78820601625115         0.99605833005815    
 181   505550     0.79846052548327         0.99632686226247    
 182   504536     0.80866381418095         0.99658326358636    
 183   504899     0.81885432340040         0.99682788404253    
 184   505048     0.82911066338471         0.99705955144086    
 185   505644     0.83939571494184         0.99728917128175    
 186   506163     0.84964264627670         0.99750762938492    
 187   506597     0.85998084610242         0.99772029078997    
 188   506077     0.87022172374674         0.99792328290363    
 189   506933     0.88054210693732         0.99812575703171    
 190   506694     0.89083511844801         0.99831106238111    
 191   506933     0.90120107883747         0.99849629789384    
 192   507983     0.91151833259640         0.99867629098222    
 193   507290     0.92189567920081         0.99885136221102    
 194   508205     0.93227160390469         0.99901595113667    
 195   508505     0.94263877389819         0.99917925585345    
 196   508365     0.95304731429110         0.99933638993412    
 197   508861     0.96344910565013         0.99948975735560    
 198   509176     0.97387575835141         0.99963820348799    
 199   509386     0.98431588422019         0.99978228241163    
 200   509838     0.99476792325594         0.99992226876095    
