   1   515714    -0.99462751354075         0.99988000900631    
   2   515119    -0.98389455902745         0.99965326424171    
   3   514607    -0.97319460207098         0.99942142638871    
   4   514238    -0.96251117242599         0.99917914542265    
   5   514057    -0.95184131755388         0.99893450942111    
   6   513443    -0.94120398989051         0.99867585023725    
   7   512773    -0.93056400991061         0.99841396435804    
   8   512392    -0.92002445483771         0.99814566262429    
   9   511044    -0.90942329873333         0.99786100327707    
  10   512086    -0.89887747836207         0.99756878457910    
  11   511354    -0.88831782347852         0.99726972251602    
  12   509595    -0.87786920701954         0.99696551743216    
  13   511313    -0.86735731624156         0.99662544892814    
  14   510110    -0.85693004589218         0.99631409440886    
  15   508949    -0.84639667280453         0.99594578740596    
  16   508218    -0.83598300762014         0.99559114751719    
  17   508945    -0.82567571342095         0.99523932943805    
  18   508502    -0.81523747015856         0.99485277797986    
  19   507616    -0.80487674875851         0.99443387289029    
  20   507518    -0.79453310761589         0.99401654144369    
  21   506780    -0.78411388359585         0.99360430925972    
  22   506258    -0.77393198124264         0.99315932922686    
  23   506360    -0.76362834590780         0.99269500698710    
  24   506130    -0.75326414433443         0.99218178551532    
  25   505193    -0.74308093623235         0.99169516392150    
  26   505093    -0.73279607980637         0.99118089285473    
  27   505291    -0.72258857934687         0.99063893066627    
  28   504493    -0.71237640641331         0.99006116287982    
  29   503740    -0.70230695457831         0.98947680136591    
  30   503520    -0.69194610190010         0.98888051975711    
  31   503972    -0.68187087890678         0.98825245241509    
  32   502380    -0.67172570685958         0.98755290924627    
  33   503000    -0.66158046333211         0.98689764952689    
  34   502288    -0.65150685863961         0.98612516721056    
  35   502013    -0.64134076392983         0.98542678280856    
  36   503166    -0.63133131806899         0.98457830997937    
  37   501227    -0.62115031627664         0.98379306125312    
  38   501295    -0.61119640807261         0.98288577283976    
  39   500853    -0.60111393678455         0.98201476789183    
  40   500473    -0.59115709849548         0.98105560772273    
  41   499566    -0.58112357828728         0.98003676413756    
  42   500375    -0.57101730474619         0.97904251145327    
  43   499843    -0.56104275730412         0.97794281892431    
  44   500324    -0.55100243014191         0.97674902636019    
  45   499648    -0.54122263331665         0.97559562136896    
  46   498603    -0.53114435959003         0.97420439350593    
  47   499323    -0.52130664992856         0.97296348379814    
  48   497321    -0.51121420634022         0.97154415718509    
  49   499020    -0.50139900337622         0.97001376290215    
  50   497857    -0.49134619685382         0.96832494667018    
  51   496870    -0.48154904776738         0.96677587468842    
  52   499113    -0.47183548541449         0.96511728879394    
  53   497885    -0.46165785884157         0.96308702361021    
  54   496675    -0.45205250852928         0.96120975728712    
  55   496906    -0.44206459256694         0.95898973850765    
  56   495987    -0.43229065479913         0.95691206425843    
  57   497080    -0.42236034377361         0.95439295894024    
  58   496128    -0.41255331056288         0.95196775626528    
  59   497575    -0.40268578236907         0.94916335878207    
  60   495624    -0.39295794142869         0.94616717669483    
  61   495272    -0.38301293928038         0.94322798263007    
  62   495474    -0.37315245938103         0.93976016341429    
  63   496022    -0.36364320486271         0.93653275374858    
  64   494807    -0.35379363911668         0.93275835795382    
  65   494329    -0.34396176781864         0.92855800207950    
  66   496104    -0.33440177450873         0.92397857845728    
  67   494324    -0.32420808414271         0.91915523873462    
  68   494750    -0.31456835060606         0.91380086163262    
  69   495222    -0.30497933605030         0.90872094646678    
  70   495054    -0.29507356250157         0.90219504449144    
  71   493237    -0.28517967870599         0.89536556160145    
  72   493416    -0.27586007588424         0.88871228508349    
  73   493716    -0.26617958029793         0.88089953956116    
  74   494360    -0.25640112306782         0.87218172403672    
  75   493516    -0.24656882450469         0.86245475105954    
  76   494804    -0.23688775285367         0.85206656347968    
  77   492461    -0.22706119375150         0.84116033485338    
  78   493325    -0.21732945045422         0.82809368866607    
  79   493710    -0.20767673145147         0.81405872698217    
  80   493348    -0.19815258640501         0.79845739887118    
  81   493283    -0.18833738949703         0.78155460771148    
  82   493072    -0.17858917812225         0.76193960183334    
  83   492465    -0.16904555333322         0.74081902215425    
  84   493526    -0.15940052002226         0.71745833607239    
  85   491752    -0.14963099590492         0.68981120831020    
  86   494455    -0.13991311969813         0.66030265689144    
  87   491380    -0.13057342162895         0.62789255902721    
  88   492157    -0.12052025027542         0.58911006459102    
  89   492795    -0.11097936133883         0.54834617482061    
  90   493519    -0.10123748494955         0.50204975584599    
  91   492119    -0.91735042268223E-01     0.45218476032695    
  92   493281    -0.82083689818324E-01     0.39797212797904    
  93   492494    -0.72266300204522E-01     0.33771014706612    
  94   491950    -0.62594028902759E-01     0.27712178607534    
  95   491818    -0.53102436439266E-01     0.21630406934315    
  96   491689    -0.43472904689758E-01     0.15585446792976    
  97   492986    -0.33758447909117E-01     0.10027198266505    
  98   492203    -0.24184025575797E-01     0.54257787702978E-01
  99   493207    -0.14488062072569E-01     0.20027106085268E-01
 100   492169    -0.48126616126913E-02     0.22706619055483E-02
 101   491765     0.48765472610116E-02     0.23055525598021E-02
 102   491873     0.14684779768193E-01     0.20471355546330E-01
 103   492978     0.24149286260626E-01     0.54010641010668E-01
 104   492392     0.33829820226883E-01     0.10030667626276    
 105   493336     0.43290714377886E-01     0.15472798854949    
 106   492198     0.53021946891683E-01     0.21467776450528    
 107   491458     0.62858108084925E-01     0.27880580790871    
 108   492698     0.72268365286128E-01     0.33871780990308    
 109   493250     0.82102210971940E-01     0.39801232739722    
 110   492113     0.91430432357104E-01     0.45065789386079    
 111   491302     0.10144195038116         0.50336140560139    
 112   492772     0.11123868761117         0.55056142750953    
 113   491670     0.12052112456543         0.58992251305353    
 114   494180     0.13041640919841         0.62689427167276    
 115   493079     0.13986237684919         0.65991686051084    
 116   492449     0.14975741636874         0.69071847729326    
 117   492854     0.15941576070798         0.71750750264014    
 118   492253     0.16920994332644         0.74196964068199    
 119   493098     0.17880493162203         0.76288403740518    
 120   492416     0.18836247596530         0.78210561696614    
 121   493261     0.19822583330265         0.79916045487872    
 122   493633     0.20752442283105         0.81476382364372    
 123   494371     0.21731193096512         0.82787238405201    
 124   493884     0.22728280607165         0.84102194071509    
 125   494380     0.23673990908135         0.85237268092288    
 126   493113     0.24676413109956         0.86321609329315    
 127   493547     0.25626887164537         0.87245713667724    
 128   494621     0.26610599259483         0.88118876621279    
 129   493722     0.27588561948767         0.88943492096037    
 130   493873     0.28560192838653         0.89620547507037    
 131   494511     0.29528534341001         0.90258255277613    
 132   494364     0.30464494169239         0.90837220286948    
 133   494308     0.31485962587846         0.91477483997188    
 134   495768     0.32434279298673         0.91949009345463    
 135   494169     0.33445138673094         0.92432998820464    
 136   495609     0.34392117527792         0.92884536041820    
 137   494009     0.35384309299228         0.93284480250049    
 138   495946     0.36370790088961         0.93671134528901    
 139   496652     0.37315022451189         0.94021387643471    
 140   495498     0.38329127010479         0.94351525288003    
 141   496401     0.39277001424096         0.94646625502588    
 142   496371     0.40292583408922         0.94951423098321    
 143   495360     0.41247727717043         0.95208905783338    
 144   496986     0.42255116070791         0.95467450155410    
 145   496015     0.43220276570277         0.95699254008659    
 146   497391     0.44235787930991         0.95937142545057    
 147   497357     0.45198462374323         0.96136794997929    
 148   496962     0.46186159360929         0.96338565456985    
 149   497618     0.47164285252844         0.96507087200350    
 150   497307     0.48167642153869         0.96694785766313    
 151   499254     0.49167819248300         0.96872091802128    
 152   498312     0.50144057787405         0.97013106751092    
 153   498618     0.51131386417394         0.97166604400259    
 154   499713     0.52145389872857         0.97304516824287    
 155   498075     0.53134856644976         0.97443785548165    
 156   499708     0.54103370788956         0.97560504582047    
 157   499875     0.55123366100676         0.97682785856801    
 158   498645     0.56114854501599         0.97801904464836    
 159   499613     0.57117318637859         0.97907472717686    
 160   500874     0.58131732905401         0.98011220144072    
 161   500602     0.59128103942297         0.98117685664665    
 162   501558     0.60115778000370         0.98204176630072    
 163   501158     0.61129881496675         0.98296696663961    
 164   500650     0.62122839589347         0.98378345215423    
 165   502266     0.63137590448126         0.98460166368206    
 166   502031     0.64147323217957         0.98541243963373    
 167   502421     0.65156738849436         0.98613488494945    
 168   502935     0.66172102242741         0.98692473886195    
 169   503047     0.67184102084042         0.98756720537560    
 170   503291     0.68201081830513         0.98827365980037    
 171   502962     0.69210019000354         0.98884169949106    
 172   504424     0.70218985145368         0.98950769690941    
 173   504647     0.71248389165857         0.99007369112059    
 174   504153     0.72260227316728         0.99064243672440    
 175   505165     0.73294434691455         0.99116301741772    
 176   505225     0.74314506810519         0.99171427522786    
 177   505761     0.75339425587010         0.99217175588709    
 178   506583     0.76362215540393         0.99267395859379    
 179   506315     0.77395249108995         0.99312938728787    
 180   506307     0.78429425437086         0.99358428450447    
 181   507936     0.79453195315338         0.99402554576880    
 182   507523     0.80495762309886         0.99442898937063    
 183   507895     0.81524460720214         0.99481566364770    
 184   509412     0.82568470827429         0.99521844582679    
 185   507948     0.83610525889713         0.99558499505734    
 186   509582     0.84647671620629         0.99593672376534    
 187   510289     0.85694721612007         0.99629602518289    
 188   509015     0.86740339226967         0.99662863735819    
 189   511252     0.87788254856010         0.99693887637352    
 190   510289     0.88839455434752         0.99725984590324    
 191   511142     0.89889332405486         0.99756474132028    
 192   512378     0.90946005158928         0.99785351596866    
 193   512168     0.91999249188814         0.99813240944749    
 194   512859     0.93059160773571         0.99840880562721    
 195   513500     0.94124092965955         0.99867438348790    
 196   513503     0.95184986041530         0.99892989469575    
 197   514311     0.96251455248019         0.99917845946532    
 198   514852     0.97319572162579         0.99941951956258    
 199   514720     0.98390288282870         0.99965297361008    
 200   515684     0.99462675785017         0.99987967564379    
