   1   511262    -0.99473512060186         0.99991267991037    
   2   510608    -0.98421751253281         0.99975261295193    
   3   510509    -0.97371692329485         0.99958790351018    
   4   509793    -0.96323321203323         0.99941853560338    
   5   509973    -0.95276430715864         0.99924368732002    
   6   509508    -0.94230932977902         0.99906107091440    
   7   509131    -0.93187440957577         0.99887761839427    
   8   509278    -0.92143499333360         0.99868200398862    
   9   507735    -0.91104717820010         0.99848100334945    
  10   508928    -0.90065457713777         0.99827898443045    
  11   507342    -0.89025043465387         0.99806030652476    
  12   507417    -0.87994115527928         0.99784314788754    
  13   507170    -0.86956694168316         0.99760865716840    
  14   507275    -0.85925868941899         0.99737636929760    
  15   506664    -0.84889189570779         0.99712540429765    
  16   506700    -0.83860207495195         0.99687559218445    
  17   505749    -0.82835840270852         0.99660518384592    
  18   505334    -0.81804031420838         0.99633658881402    
  19   505616    -0.80781656026021         0.99604283436775    
  20   505156    -0.79751749190167         0.99575769011206    
  21   504707    -0.78734066914584         0.99544888058012    
  22   505017    -0.77710112241876         0.99513167354405    
  23   504223    -0.76683142149649         0.99479823655229    
  24   503826    -0.75673198374430         0.99444853577194    
  25   504864    -0.74649989484086         0.99409585908619    
  26   503832    -0.73636983302484         0.99372762460336    
  27   502695    -0.72611371331452         0.99333827401467    
  28   503993    -0.71594107504871         0.99292225719798    
  29   502258    -0.70599775147351         0.99252184437892    
  30   502406    -0.69569375562272         0.99209349540627    
  31   503100    -0.68561787165407         0.99162025448134    
  32   502213    -0.67560572320973         0.99117626253191    
  33   501171    -0.66539123407979         0.99065907383749    
  34   502189    -0.65538613726496         0.99013260429569    
  35   501482    -0.64523691202604         0.98964536043689    
  36   501320    -0.63521359184232         0.98904526533284    
  37   501030    -0.62517852827972         0.98844385686785    
  38   500620    -0.61509711680657         0.98786904865814    
  39   500821    -0.60524846332650         0.98721558431088    
  40   500534    -0.59510231608592         0.98655776543719    
  41   500991    -0.58493486148257         0.98581253487553    
  42   499685    -0.57506684691117         0.98506570168008    
  43   499593    -0.56506046039639         0.98429374646376    
  44   499651    -0.55517846448755         0.98352797661488    
  45   499227    -0.54509077407742         0.98264518025991    
  46   500006    -0.53505640247196         0.98171388574688    
  47   498771    -0.52508737983819         0.98073720082714    
  48   498788    -0.51538937761555         0.97983992476691    
  49   499307    -0.50520440068364         0.97872090546640    
  50   497898    -0.49530219438732         0.97755929588366    
  51   498437    -0.48544364551061         0.97640157102858    
  52   498139    -0.47542402378522         0.97521611612731    
  53   498928    -0.46569888378356         0.97373749778622    
  54   497887    -0.45563300935691         0.97241007281812    
  55   497503    -0.44566523464217         0.97089683418008    
  56   498765    -0.43594558330166         0.96925557906503    
  57   497265    -0.42593258614543         0.96764138024513    
  58   497143    -0.41611638580936         0.96571512131216    
  59   498121    -0.40612685630182         0.96378962514376    
  60   496730    -0.39643046079154         0.96168513613646    
  61   496323    -0.38641790223236         0.95954743353979    
  62   497104    -0.37661216335639         0.95707405871529    
  63   495902    -0.36675316328476         0.95460624508312    
  64   497104    -0.35673790205947         0.95156225247545    
  65   496388    -0.34727151667795         0.94878135127802    
  66   496010    -0.33733754339302         0.94541885940592    
  67   497263    -0.32738711592068         0.94203774114521    
  68   496408    -0.31763798263929         0.93813977858822    
  69   495827    -0.30770328519054         0.93397432696356    
  70   496933    -0.29794462069304         0.92949820605250    
  71   494890    -0.28807642532600         0.92466869509411    
  72   495005    -0.27833453272108         0.91924333239553    
  73   496508    -0.26847448325138         0.91338027105724    
  74   496203    -0.25878534149655         0.90660016901789    
  75   495038    -0.24896483602101         0.89964173240048    
  76   495821    -0.23911322512190         0.89150589382675    
  77   495885    -0.22936405157964         0.88277926456656    
  78   494692    -0.21949653654276         0.87300002636670    
  79   495525    -0.20983210377773         0.86175750638380    
  80   494402    -0.19989343921621         0.84953675646483    
  81   495377    -0.19026685269261         0.83583815094469    
  82   494738    -0.18028119466708         0.82004977141407    
  83   495115    -0.17067400460923         0.80300497890080    
  84   495258    -0.16097932330649         0.78248346936509    
  85   495532    -0.15112903179127         0.76036744462785    
  86   494902    -0.14139648634156         0.73453089521226    
  87   494527    -0.13164365933829         0.70472126720290    
  88   493909    -0.12175280841665         0.67198873878012    
  89   495101    -0.11222775065498         0.63358572841359    
  90   494918    -0.10226757751652         0.58875284781791    
  91   494098    -0.92720207740553E-01     0.54058914844505    
  92   494838    -0.82757623577485E-01     0.48319533331859    
  93   495404    -0.73136039350143E-01     0.42134170280357    
  94   493934    -0.63345145435632E-01     0.35302274392073    
  95   494189    -0.53386185688507E-01     0.27921320279116    
  96   494483    -0.43880473883980E-01     0.20755379641557    
  97   494662    -0.34114863356460E-01     0.13631750656983    
  98   493955    -0.24276486324513E-01     0.73686939797330E-01
  99   494622    -0.14656826289238E-01     0.28110127894400E-01
 100   494923    -0.50700623519281E-02     0.34376913960752E-02
 101   494676     0.49485547913363E-02     0.33520092943731E-02
 102   494400     0.14675714391013E-01     0.28450018419281E-01
 103   494562     0.24533752779094E-01     0.75660351862104E-01
 104   493990     0.34180722775662E-01     0.13685061027850    
 105   495271     0.43995753126284E-01     0.20785561234118    
 106   494635     0.53689428778789E-01     0.28135104539545    
 107   494564     0.63415514994279E-01     0.35295033604660    
 108   495164     0.73032547176514E-01     0.42069457229688    
 109   493415     0.82939330308453E-01     0.48406352168589    
 110   494715     0.92732604903494E-01     0.53897650360815    
 111   493942     0.10212654237223         0.58727134747037    
 112   494262     0.11211184777779         0.63271515682460    
 113   495485     0.12203653931434         0.67096648930189    
 114   495347     0.13155997944061         0.70340772463412    
 115   494793     0.14164351614261         0.73376007468319    
 116   495054     0.15111493849726         0.75907245247494    
 117   495233     0.16092882465898         0.78179563583474    
 118   495192     0.17066672636632         0.80140874193435    
 119   495075     0.18046600434902         0.81952809717199    
 120   494237     0.19044001335112         0.83490246407527    
 121   494598     0.19994362567939         0.84834290569090    
 122   496419     0.20979541509498         0.86094360107724    
 123   494933     0.21959296701240         0.87169473920823    
 124   495553     0.22930616496614         0.88186302533753    
 125   494695     0.23914161868248         0.89069013264312    
 126   496378     0.24890198558142         0.89862776666629    
 127   494878     0.25887980961401         0.90599029503056    
 128   495903     0.26848056446884         0.91241405561730    
 129   494887     0.27846315128522         0.91829205386095    
 130   495943     0.28799953935566         0.92379849450750    
 131   495783     0.29795289344712         0.92889834855849    
 132   495947     0.30768417919036         0.93350549957659    
 133   497680     0.31754185859428         0.93747944296043    
 134   495119     0.32748504555440         0.94144773831951    
 135   496720     0.33723813287694         0.94485361209816    
 136   496740     0.34712729721170         0.94824654068339    
 137   497105     0.35679928869297         0.95126238323315    
 138   495374     0.36684870701711         0.95403595100160    
 139   497971     0.37645897599898         0.95664400182289    
 140   496724     0.38652570509073         0.95914337006329    
 141   497535     0.39629080640485         0.96135229924838    
 142   496781     0.40623866639538         0.96348814308798    
 143   497419     0.41601585269813         0.96549205355926    
 144   497240     0.42581255421508         0.96729941521615    
 145   497535     0.43595464725713         0.96906329310762    
 146   498177     0.44560021293108         0.97065819922624    
 147   497427     0.45559177288262         0.97212333779504    
 148   498734     0.46541476676523         0.97367413799577    
 149   498892     0.47562149101909         0.97508670046663    
 150   498298     0.48537701699133         0.97620071474486    
 151   498758     0.49524223459822         0.97742378958009    
 152   498422     0.50518375372051         0.97862248161204    
 153   498759     0.51508647211949         0.97970924234228    
 154   499038     0.52519539070313         0.98071778263022    
 155   499894     0.53505776740833         0.98172039933793    
 156   498493     0.54499149476035         0.98257219393435    
 157   499870     0.55496426971128         0.98348934857259    
 158   499414     0.56495327173643         0.98433433093021    
 159   500162     0.57507227391427         0.98506539781712    
 160   501508     0.58504312340457         0.98580770847134    
 161   500277     0.59505026130562         0.98655227016538    
 162   500948     0.60505001363245         0.98724336007516    
 163   500160     0.61503211536972         0.98786190514827    
 164   500934     0.62510756059281         0.98850392476079    
 165   501635     0.63516981727114         0.98908110040622    
 166   501600     0.64517519823373         0.98964798974541    
 167   501772     0.65530979867434         0.99019820270456    
 168   501666     0.66537044220303         0.99069196964944    
 169   502360     0.67547835097873         0.99123106959688    
 170   502735     0.68555418683794         0.99166972702086    
 171   502648     0.69578371236691         0.99213988718264    
 172   503040     0.70577235111827         0.99257435970329    
 173   502997     0.71596590490794         0.99298901781555    
 174   503029     0.72614564099570         0.99337766270749    
 175   504090     0.73623289731886         0.99378203420691    
 176   503739     0.74640054986091         0.99413737457759    
 177   504193     0.75672500658593         0.99450812447603    
 178   504992     0.76680939186532         0.99483514642719    
 179   504423     0.77706454498894         0.99516397752681    
 180   504730     0.78728101470189         0.99548340330372    
 181   505220     0.79752580231018         0.99578478529980    
 182   505889     0.80775909676235         0.99608473937791    
 183   505340     0.81804156693441         0.99635919223544    
 184   506382     0.82828475789220         0.99663848804518    
 185   505867     0.83859574524590         0.99688939316245    
 186   507002     0.84887918191897         0.99714935894357    
 187   507025     0.85924660950319         0.99738884877567    
 188   507284     0.86953564276158         0.99762843007800    
 189   507563     0.87990580388492         0.99784903732901    
 190   508401     0.89024646383178         0.99807048020644    
 191   507491     0.90064790931514         0.99828310419729    
 192   509051     0.91103859285909         0.99848662370806    
 193   508565     0.92143579725695         0.99868530730604    
 194   509430     0.93186474825126         0.99887900458764    
 195   509323     0.94230609562977         0.99906441876038    
 196   510124     0.95275732543638         0.99924283034489    
 197   509945     0.96323003934846         0.99941843611974    
 198   510546     0.97371890198666         0.99958795015897    
 199   510797     0.98421894884424         0.99975234601110    
 200   511068     0.99473633156981         0.99991261923904    
