   1   528708    -0.99430634197987         0.99978148981376    
   2   527836    -0.98295162000288         0.99935543448604    
   3   526807    -0.97164154646308         0.99891658583945    
   4   525620    -0.96037636792860         0.99846367605554    
   5   525195    -0.94915520558661         0.99800022124965    
   6   524352    -0.93799416520564         0.99751110058465    
   7   522851    -0.92691257072531         0.99702177384990    
   8   522722    -0.91580106204792         0.99650377469683    
   9   522262    -0.90472830876656         0.99598139258273    
  10   521050    -0.89381260923444         0.99543935375106    
  11   518208    -0.88275092431576         0.99487123874995    
  12   520052    -0.87193725556815         0.99430668493449    
  13   518679    -0.86101702560656         0.99366660627720    
  14   517712    -0.85022115475504         0.99306223721288    
  15   517016    -0.83935985743161         0.99239447701865    
  16   516247    -0.82868478594646         0.99176697506467    
  17   515216    -0.81789957464081         0.99109276003938    
  18   515132    -0.80730455667561         0.99035955072014    
  19   513610    -0.79653315295223         0.98958986295437    
  20   513133    -0.78586976807908         0.98882104898754    
  21   512284    -0.77539079951587         0.98802881184707    
  22   511455    -0.76490603357738         0.98722226990249    
  23   511534    -0.75437163697116         0.98634517341952    
  24   510630    -0.74383382729712         0.98545381445099    
  25   509650    -0.73347622624743         0.98460271284547    
  26   508391    -0.72291201017156         0.98351495606787    
  27   508589    -0.71255201939589         0.98259102878617    
  28   508266    -0.70221864632429         0.98156961499630    
  29   507726    -0.69202170979920         0.98037870183668    
  30   506626    -0.68175804287465         0.97929510476445    
  31   506399    -0.67136431720491         0.97811374990617    
  32   505175    -0.66091764503654         0.97687643659400    
  33   504917    -0.65108897331843         0.97563679619742    
  34   503904    -0.64076256746659         0.97426832740929    
  35   503056    -0.63064954207517         0.97295888675709    
  36   503105    -0.62024736934758         0.97132415535823    
  37   503485    -0.61058439652751         0.97001712498802    
  38   501663    -0.60012377252240         0.96834860720555    
  39   502476    -0.59007502448117         0.96656456909489    
  40   500667    -0.58013473994770         0.96501886129431    
  41   500416    -0.57011442431354         0.96311545439489    
  42   499934    -0.56021038798635         0.96136049294159    
  43   498254    -0.55003010595790         0.95918765103440    
  44   499761    -0.54030706479916         0.95721506434485    
  45   498300    -0.53026151080558         0.95500796844222    
  46   498208    -0.52035109429504         0.95279059090559    
  47   497866    -0.51038853515839         0.95043266891918    
  48   497114    -0.50070013248617         0.94770919661397    
  49   497950    -0.49095202177635         0.94510060976552    
  50   497556    -0.48107291822328         0.94241784487264    
  51   495414    -0.47126426597782         0.93936056972373    
  52   495875    -0.46129505601005         0.93613300542344    
  53   495241    -0.45165197912562         0.93290874170144    
  54   494684    -0.44191505929844         0.92951551732186    
  55   493765    -0.43233094696365         0.92582841600829    
  56   493853    -0.42232347523838         0.92181563556813    
  57   493505    -0.41262047549036         0.91796172503230    
  58   493084    -0.40284601359672         0.91295794425875    
  59   493134    -0.39342121087812         0.90896656605697    
  60   494087    -0.38354810113665         0.90336489561511    
  61   491058    -0.37423035268043         0.89824870069398    
  62   492742    -0.36431973848436         0.89273044750879    
  63   492696    -0.35450201209232         0.88675091734827    
  64   491383    -0.34524789549932         0.88030606184763    
  65   491557    -0.33558670633291         0.87353048835989    
  66   491159    -0.32604273512830         0.86626162373622    
  67   490558    -0.31613624232163         0.85812895825486    
  68   490309    -0.30678341625757         0.84970024716781    
  69   489326    -0.29746552451290         0.84141908969765    
  70   489729    -0.28760535238699         0.83096621353146    
  71   489563    -0.27797220472454         0.82015949644935    
  72   489697    -0.26855046365306         0.80902374801490    
  73   488722    -0.25915122003276         0.79755515064215    
  74   488461    -0.24971727500201         0.78380463977046    
  75   489023    -0.24025107103374         0.76963462331877    
  76   488665    -0.23050093680040         0.75398568405714    
  77   488516    -0.22131195489954         0.73818444655135    
  78   488275    -0.21207924931299         0.72059702516851    
  79   488265    -0.20227801156795         0.69898591951420    
  80   488069    -0.19304679406627         0.67919287919830    
  81   487755    -0.18331634360047         0.65472186002797    
  82   488514    -0.17407865640251         0.63174930636667    
  83   487292    -0.16422569373969         0.60351373598342    
  84   486986    -0.15499456613157         0.57386633678920    
  85   486643    -0.14551545217424         0.54229715386342    
  86   487971    -0.13627076872706         0.50944028203828    
  87   487071    -0.12707322113344         0.47346943713838    
  88   487083    -0.11771808386951         0.43466400993846    
  89   487075    -0.10775237805711         0.39184508836552    
  90   485955    -0.98610572924102E-01     0.35110923702426    
  91   486964    -0.89249443745026E-01     0.30629026185446    
  92   486784    -0.79913674498641E-01     0.26068519826713    
  93   485807    -0.70154459822040E-01     0.21397632540156    
  94   486695    -0.61153540949916E-01     0.17149921614142    
  95   486198    -0.51490511455509E-01     0.12729641446638    
  96   486431    -0.42113493050161E-01     0.89810428545838E-01
  97   486331    -0.32898304666665E-01     0.56598179733238E-01
  98   487448    -0.23570958896532E-01     0.29910129306845E-01
  99   486335    -0.14266129203678E-01     0.11282953162232E-01
 100   484999    -0.47265532209215E-02     0.12953315239348E-02
 101   486395     0.45504524422807E-02     0.10629380872959E-02
 102   487091     0.14457597111610E-01     0.11158344863007E-01
 103   485673     0.23111897184934E-01     0.28242003108943E-01
 104   486167     0.33055582429277E-01     0.56188201771450E-01
 105   486983     0.42369053171878E-01     0.89704258113067E-01
 106   486908     0.51311487533126E-01     0.12635952521038    
 107   486361     0.61301733717625E-01     0.17110324668561    
 108   485511     0.70259041673835E-01     0.21359784199117    
 109   487423     0.79593967116836E-01     0.25939572363947    
 110   487067     0.89264377697746E-01     0.30627047153913    
 111   486064     0.98506853139270E-01     0.35051436523833    
 112   487011     0.10799788479080         0.39359700950473    
 113   486851     0.11733670702894         0.43381182624105    
 114   486191     0.12696638065519         0.47282707658962    
 115   487288     0.13645164111251         0.51159365883411    
 116   485945     0.14544667307708         0.54298090790922    
 117   488257     0.15521507045068         0.57654327307881    
 118   487428     0.16443325081648         0.60522985063996    
 119   488050     0.17381330120630         0.63188438615620    
 120   488364     0.18360313429010         0.65756316852204    
 121   488049     0.19309677936805         0.68149265241673    
 122   488153     0.20225611942098         0.70130183983125    
 123   487841     0.21185465117410         0.72149119743781    
 124   488681     0.22116571109850         0.73977946647198    
 125   489183     0.23095847577034         0.75651276686259    
 126   489420     0.24033450039411         0.77140008872203    
 127   488531     0.24980494578068         0.78544874404331    
 128   489121     0.25943860706705         0.79873302211050    
 129   489576     0.26848834086858         0.81058354469416    
 130   489947     0.27811208514196         0.82194552616455    
 131   489980     0.28784666291846         0.83296408980934    
 132   489985     0.29754844300343         0.84282682436359    
 133   490401     0.30705450381164         0.85147373802854    
 134   490515     0.31654678061825         0.85980894207606    
 135   491758     0.32607406433797         0.86745188897007    
 136   491421     0.33583188314667         0.87466126440119    
 137   491524     0.34534619212722         0.88172433971915    
 138   491894     0.35514750191762         0.88820737251785    
 139   491867     0.36442586195984         0.89374788388879    
 140   492279     0.37418737321286         0.89976982720107    
 141   492942     0.38374587254972         0.90485960485925    
 142   492763     0.39353535466127         0.90973591278858    
 143   493019     0.40348498537474         0.91440515724331    
 144   493793     0.41289324699861         0.91856624531353    
 145   494680     0.42253429612127         0.92251774916210    
 146   495046     0.43255061935433         0.92662442912567    
 147   494998     0.44207534702114         0.93011311066342    
 148   494780     0.45205870138032         0.93365391627248    
 149   495260     0.46156031132776         0.93695805097444    
 150   496644     0.47175853874938         0.94000286241225    
 151   496700     0.48126184782557         0.94283298888520    
 152   496449     0.49099849859508         0.94557528189673    
 153   497334     0.50103874106008         0.94825454146438    
 154   497950     0.51101361694382         0.95057159339032    
 155   498050     0.52067629006998         0.95293663722408    
 156   498230     0.53056017513850         0.95530624296128    
 157   500077     0.54071873921472         0.95731793778742    
 158   498809     0.55065016773471         0.95956353502135    
 159   499422     0.56036428671948         0.96130515215373    
 160   501158     0.57044159393232         0.96331499920708    
 161   500358     0.58052046154142         0.96496113074225    
 162   500810     0.59056344831433         0.96667271019877    
 163   501593     0.60064968706825         0.96845320012705    
 164   502666     0.61067107197081         0.96992746462248    
 165   503895     0.62088004947517         0.97147175066396    
 166   503693     0.63085130009972         0.97279827135050    
 167   504547     0.64118910393533         0.97422584510371    
 168   504780     0.65114255608096         0.97549797253376    
 169   505087     0.66152238937978         0.97675101631163    
 170   505338     0.67177059293592         0.97802676236228    
 171   506382     0.68183668322635         0.97910662351542    
 172   507938     0.69237865479621         0.98023318297669    
 173   506575     0.70258918926621         0.98136021870068    
 174   509074     0.71286816258296         0.98246264897017    
 175   508108     0.72338989282718         0.98340439052794    
 176   509417     0.73366271174521         0.98434751952406    
 177   508952     0.74418269202735         0.98530665956359    
 178   511318     0.75454665486398         0.98613205524270    
 179   512152     0.76516799569499         0.98704369300970    
 180   512434     0.77566170590003         0.98786063019248    
 181   512335     0.78613359943550         0.98869017930853    
 182   514586     0.79689135874100         0.98945390049207    
 183   513054     0.80739607621761         0.99021348818825    
 184   515176     0.81807869143308         0.99092422497659    
 185   515997     0.82876816071832         0.99163808315059    
 186   516411     0.83962988111883         0.99231624390322    
 187   516970     0.85030712266117         0.99298129921577    
 188   518054     0.86115277980007         0.99360528051198    
 189   519430     0.87202975900925         0.99420093162821    
 190   519357     0.88289404837164         0.99481191388312    
 191   520491     0.89383785442936         0.99537254992770    
 192   521493     0.90482219827481         0.99594538458880    
 193   521788     0.91586480605567         0.99648106776327    
 194   522622     0.92693154029008         0.99699511740004    
 195   524296     0.93800918424433         0.99749682642218    
 196   524832     0.94920640020177         0.99798914363481    
 197   525421     0.96039921483301         0.99846045505642    
 198   526722     0.97165132351759         0.99891403692071    
 199   527601     0.98295232611130         0.99935577033135    
 200   528471     0.99430954611146         0.99978142141754    
