   1   552932    -0.99366914105123         0.99958472022222    
   2   551533    -0.98108019169525         0.99875617580304    
   3   549052    -0.96859399488361         0.99790302980024    
   4   547466    -0.95624356771207         0.99701571373087    
   5   545362    -0.94398184381652         0.99610103137352    
   6   543915    -0.93179705535383         0.99515502328224    
   7   543483    -0.91968963450832         0.99418448984686    
   8   541010    -0.90774362076136         0.99317841664794    
   9   539335    -0.89583378352846         0.99212824101026    
  10   537221    -0.88406912651065         0.99105378384256    
  11   535526    -0.87240255666491         0.98996917405524    
  12   534225    -0.86064792234411         0.98880739274877    
  13   532986    -0.84927370394806         0.98762214591630    
  14   531578    -0.83774167992301         0.98642623564133    
  15   529576    -0.82643019027284         0.98518409082912    
  16   528700    -0.81484907085771         0.98381170502903    
  17   526510    -0.80380200279797         0.98249169205563    
  18   526456    -0.79258295703599         0.98106374296266    
  19   523684    -0.78156221859223         0.97969123040803    
  20   523673    -0.77047782856748         0.97818361395141    
  21   522304    -0.75954731881826         0.97663233372795    
  22   520098    -0.74855310971179         0.97505996790139    
  23   519001    -0.73755497765331         0.97338380381993    
  24   518550    -0.72717660624724         0.97159780174967    
  25   516828    -0.71629646530584         0.96999254029165    
  26   515460    -0.70561117864784         0.96803379463010    
  27   513628    -0.69479156089600         0.96615347141302    
  28   512184    -0.68436232053260         0.96419724764510    
  29   513743    -0.67403956506401         0.96215693410963    
  30   510054    -0.66342067448634         0.96002986104123    
  31   510418    -0.65311485906570         0.95786140585542    
  32   508818    -0.64274617120881         0.95570680217790    
  33   508336    -0.63223726344032         0.95315933094488    
  34   505716    -0.62212984080063         0.95079471523751    
  35   505959    -0.61196612259328         0.94821374125743    
  36   505205    -0.60170722778572         0.94535279759852    
  37   504610    -0.59161888334446         0.94288900035377    
  38   502175    -0.58131056374738         0.93977671205540    
  39   502189    -0.57162973732992         0.93690898921406    
  40   501494    -0.56151282162987         0.93362340367548    
  41   500517    -0.55136297914420         0.93038152345333    
  42   499159    -0.54183768788931         0.92741658025104    
  43   498538    -0.53192094266543         0.92360494658625    
  44   497956    -0.52169314871516         0.91947426052770    
  45   496411    -0.51197528093828         0.91598027324589    
  46   496580    -0.50233542045542         0.91166703800301    
  47   495831    -0.49240659106037         0.90767325847688    
  48   494223    -0.48278840097584         0.90323374866076    
  49   493445    -0.47296495213985         0.89876362215504    
  50   494224    -0.46348914810011         0.89386521966757    
  51   492346    -0.45383061893518         0.88846866721254    
  52   491007    -0.44441531440314         0.88329173998620    
  53   490950    -0.43447287246510         0.87765429474945    
  54   489776    -0.42535712805848         0.87211052967427    
  55   489814    -0.41571713811398         0.86560047478234    
  56   488863    -0.40602035001241         0.85901190710888    
  57   487845    -0.39648107143741         0.85229311170430    
  58   488620    -0.38740884042070         0.84519921664891    
  59   487000    -0.37772059662755         0.83743267471583    
  60   487310    -0.36798414750615         0.82893788288316    
  61   486585    -0.35894958358253         0.82104708756040    
  62   485701    -0.35015958003607         0.81315195268380    
  63   485680    -0.34035198340436         0.80263784150198    
  64   485499    -0.33115620102601         0.79287846145520    
  65   484258    -0.32182063258019         0.78229783280943    
  66   482906    -0.31244494302120         0.77019378367757    
  67   483956    -0.30339964437222         0.75967804671860    
  68   483571    -0.29358847688861         0.74665683474692    
  69   481798    -0.28468314574215         0.73328972046850    
  70   482336    -0.27574242031809         0.71964542387200    
  71   481301    -0.26629687438451         0.70496365516578    
  72   481614    -0.25747933104385         0.68927361585404    
  73   480732    -0.24791982507155         0.67194437565266    
  74   480970    -0.23917375793130         0.65509654913880    
  75   480252    -0.22969035669472         0.63551569850014    
  76   480353    -0.22075453719972         0.61582512036187    
  77   478803    -0.21146002009868         0.59461263628707    
  78   479791    -0.20232869068390         0.57135203872662    
  79   479281    -0.19314058791739         0.54863286852720    
  80   478787    -0.18419202787862         0.52377492013812    
  81   477773    -0.17579630547250         0.50016113016437    
  82   477400    -0.16656390728252         0.47267112550510    
  83   478114    -0.15725821805484         0.44407676750130    
  84   478801    -0.14804560965134         0.41277287795715    
  85   477275    -0.13921634837604         0.38342868903239    
  86   477145    -0.13005820730729         0.35116867648514    
  87   477608    -0.12130874055874         0.32019313677750    
  88   477796    -0.11210698703903         0.28668669667952    
  89   476803    -0.10304963101019         0.25250176866025    
  90   476405    -0.94731121504546E-01     0.22216688409783    
  91   476189    -0.85237283094065E-01     0.18753512085686    
  92   476842    -0.76051309087717E-01     0.15493739731426    
  93   476036    -0.66882716718367E-01     0.12459104528691    
  94   476617    -0.58436690334734E-01     0.97759980613579E-01
  95   476359    -0.49465137374333E-01     0.71781875167938E-01
  96   476139    -0.40345316060418E-01     0.49327217513889E-01
  97   475058    -0.31672944313127E-01     0.31170457577859E-01
  98   477056    -0.22335711929155E-01     0.15651880476766E-01
  99   475947    -0.13372983057397E-01     0.57589944668637E-02
 100   476016    -0.45461273848757E-02     0.70878005346702E-03
 101   476852     0.46231360644512E-02     0.60130029009910E-03
 102   475858     0.13416843740076E-01     0.54257830467411E-02
 103   476897     0.22487779335105E-01     0.15356969002958E-01
 104   475887     0.31369423844848E-01     0.29556893448958E-01
 105   475246     0.40267410485159E-01     0.48134580110359E-01
 106   475800     0.49135115532125E-01     0.70098862065261E-01
 107   476185     0.58080567785380E-01     0.95389111809129E-01
 108   477172     0.66744397185050E-01     0.12243092243473    
 109   476455     0.76242926547719E-01     0.15436792668265    
 110   475711     0.85177465947494E-01     0.18587286703926    
 111   477400     0.94020446991357E-01     0.21810982668683    
 112   477498     0.10319179615885         0.25175724989031    
 113   476928     0.11188509507253         0.28313160411301    
 114   476932     0.12107741064751         0.31760239009435    
 115   477114     0.13000939781116         0.34943244245697    
 116   478577     0.13914528007327         0.38107374384678    
 117   477692     0.14824159853897         0.41326497127073    
 118   478553     0.15681397563457         0.44064473000953    
 119   478421     0.16618083726377         0.47028273574653    
 120   479053     0.17484375968677         0.49661749720744    
 121   479198     0.18410339192939         0.52324098317385    
 122   478801     0.19333873455982         0.54884577658148    
 123   479739     0.20269729992106         0.57262097769923    
 124   479399     0.21159070801773         0.59554828788010    
 125   479752     0.22028200625379         0.61373784922523    
 126   480086     0.23011311439388         0.63651303249892    
 127   480879     0.23907196563600         0.65509778083420    
 128   481899     0.24810343948504         0.67202155413738    
 129   480299     0.25734057038240         0.68893907106728    
 130   482308     0.26617566434815         0.70425935785289    
 131   481354     0.27530090997847         0.71901624856121    
 132   482878     0.28496803809064         0.73488792457285    
 133   484777     0.29396024682156         0.74781987066311    
 134   483003     0.30342342582940         0.76039823565590    
 135   483878     0.31252553120878         0.77204957330668    
 136   484988     0.32161412472966         0.78234283433874    
 137   486621     0.33125671514541         0.79353139234393    
 138   484942     0.34053898632202         0.80411379841441    
 139   485841     0.34989062491116         0.81346635432654    
 140   486013     0.35906764234899         0.82169053488254    
 141   487196     0.36861729570498         0.83084000144602    
 142   486947     0.37783456217433         0.83834977762111    
 143   488782     0.38726030890568         0.84602749997208    
 144   489020     0.39677922994395         0.85319550344744    
 145   489693     0.40631447324038         0.86042638520200    
 146   489279     0.41588555326076         0.86704842564337    
 147   490501     0.42549631310688         0.87289064473338    
 148   491559     0.43485163741667         0.87888004216978    
 149   492382     0.44465794877651         0.88449623451968    
 150   492461     0.45433394285272         0.88970753877301    
 151   494018     0.46387862370590         0.89454849930353    
 152   492695     0.47325938360306         0.89960680587631    
 153   494473     0.48308249549214         0.90397180361233    
 154   495624     0.49295847776273         0.90854088984023    
 155   495570     0.50282088159326         0.91288544430896    
 156   496578     0.51244137907074         0.91684298702888    
 157   497893     0.52226332025718         0.92035831473695    
 158   498762     0.53214024151923         0.92413793882122    
 159   499819     0.54187339757703         0.92756853084818    
 160   500354     0.55209705702746         0.93110726459495    
 161   501413     0.56194449244660         0.93397332178397    
 162   502726     0.57176771203575         0.93715636259045    
 163   502487     0.58227430105485         0.94025418448982    
 164   504307     0.59208408378074         0.94293942056886    
 165   504656     0.60236824972735         0.94582661049677    
 166   505639     0.61244508310611         0.94827897470700    
 167   506755     0.62270828887921         0.95079090683689    
 168   507901     0.63288734661111         0.95316827498538    
 169   508941     0.64344936743776         0.95551374268880    
 170   510420     0.65359538554875         0.95780721111080    
 171   510706     0.66400804712470         0.95989228762735    
 172   510991     0.67436015063395         0.96198890027685    
 173   513280     0.68511008471418         0.96404573982750    
 174   513645     0.69539585509858         0.96593963953155    
 175   514676     0.70620078143614         0.96792004836485    
 176   515763     0.71676968747448         0.96954331105062    
 177   518967     0.72745757137354         0.97139277656636    
 178   518673     0.73824159969640         0.97305975815523    
 179   519710     0.74904774745127         0.97471312770833    
 180   521387     0.75989584107387         0.97626898904759    
 181   523071     0.77094049194006         0.97788912604429    
 182   523643     0.78192187884571         0.97935587621107    
 183   525297     0.79312666895582         0.98079314556395    
 184   526850     0.80415326557574         0.98220992610114    
 185   528051     0.81534534109103         0.98356994492599    
 186   529507     0.82670615071618         0.98486428439576    
 187   530149     0.83804627291271         0.98615324117272    
 188   531612     0.84945721261926         0.98741280877140    
 189   533749     0.86097148490463         0.98859995226659    
 190   535921     0.87259624641572         0.98978817559350    
 191   536528     0.88421403065222         0.99090128434228    
 192   538817     0.89606217590857         0.99201960183814    
 193   540383     0.90785476750637         0.99307741038738    
 194   541496     0.91984843052088         0.99410003137594    
 195   544066     0.93187139351622         0.99510905229948    
 196   544829     0.94402769528426         0.99606845474104    
 197   546925     0.95626727992643         0.99699539395189    
 198   548962     0.96862229169415         0.99789556559998    
 199   551085     0.98109731882669         0.99875447965642    
 200   552562     0.99367275320645         0.99958507360497    
