   1   532584    -0.99419772297155         0.99974883359838    
   2   531926    -0.98264273237332         0.99925377285860    
   3   531147    -0.97110284057718         0.99873974775466    
   4   530561    -0.95965454382531         0.99822015837811    
   5   528803    -0.94823637216955         0.99767009923872    
   6   527492    -0.93687728655459         0.99711148874292    
   7   526675    -0.92564493882185         0.99654351723571    
   8   526462    -0.91430410317323         0.99592846081254    
   9   524715    -0.90313024896467         0.99533373770449    
  10   523667    -0.89204813949288         0.99468595851056    
  11   522844    -0.88089240366922         0.99402621749447    
  12   522023    -0.86991945610992         0.99336342830235    
  13   520619    -0.85887206337298         0.99265797540980    
  14   520635    -0.84792872970024         0.99192012024112    
  15   519072    -0.83704460727391         0.99116154017795    
  16   519095    -0.82617200623076         0.99039354310225    
  17   517252    -0.81534610065339         0.98961671606940    
  18   516335    -0.80461125571712         0.98875887738515    
  19   517486    -0.79377054994592         0.98785111045796    
  20   513933    -0.78312623269581         0.98703356065746    
  21   515475    -0.77246613946802         0.98608130705655    
  22   513072    -0.76177386637940         0.98513090835481    
  23   512269    -0.75122660246385         0.98414274965258    
  24   511864    -0.74083156081953         0.98307704240276    
  25   510543    -0.73015772292516         0.98194435989023    
  26   509668    -0.71969198502948         0.98086591724137    
  27   510306    -0.70945025650333         0.97972108779921    
  28   509166    -0.69882210404675         0.97845143789233    
  29   508367    -0.68860720646588         0.97723292522708    
  30   507517    -0.67811731669917         0.97592445552499    
  31   506981    -0.66799002224517         0.97452019919930    
  32   506885    -0.65765280701515         0.97313968082301    
  33   504949    -0.64746299286013         0.97167658440170    
  34   503809    -0.63736145867912         0.97022704798529    
  35   504822    -0.62703890558709         0.96851390477879    
  36   503696    -0.61693009461238         0.96684702173259    
  37   502274    -0.60670651651542         0.96514333484946    
  38   502837    -0.59691481883278         0.96327057712223    
  39   502109    -0.58649471930706         0.96133041051987    
  40   500880    -0.57658689326532         0.95941847949780    
  41   499592    -0.56655588628441         0.95727577156861    
  42   500078    -0.55659731237233         0.95501620215107    
  43   499566    -0.54669467557265         0.95300511919625    
  44   498499    -0.53686663680255         0.95043351728872    
  45   499183    -0.52676923039155         0.94800605813513    
  46   496625    -0.51691360444142         0.94534478661997    
  47   497014    -0.50743796873966         0.94262717652792    
  48   497655    -0.49703727255497         0.93957947623308    
  49   495973    -0.48746323896586         0.93674257804322    
  50   496017    -0.47765426096315         0.93337973809890    
  51   495962    -0.46793114050465         0.93001764417993    
  52   494750    -0.45810121631430         0.92653496571909    
  53   494390    -0.44843208685514         0.92306286821364    
  54   494266    -0.43878060793072         0.91878422598184    
  55   492964    -0.42896403215750         0.91455511192005    
  56   493072    -0.41922259042545         0.91028464517762    
  57   492579    -0.40964829855254         0.90547557373004    
  58   492939    -0.40004630731420         0.90054431654078    
  59   492060    -0.39047850977830         0.89546577253020    
  60   491787    -0.38053815613746         0.88938987063660    
  61   490639    -0.37132484067147         0.88403235594305    
  62   490328    -0.36140257692699         0.87769133572321    
  63   490385    -0.35199879186425         0.87096445100114    
  64   490795    -0.34235152777256         0.86336642741651    
  65   490062    -0.33293574651018         0.85594567819113    
  66   489670    -0.32330174439620         0.84783696889805    
  67   490700    -0.31400937461681         0.83921885315349    
  68   489563    -0.30428918766806         0.83029132278923    
  69   488504    -0.29497754127986         0.81942644555185    
  70   488625    -0.28531235617883         0.80926574954158    
  71   488643    -0.27598506987742         0.79772374063539    
  72   487907    -0.26664863964442         0.78531838809649    
  73   487439    -0.25663920272524         0.77132163876172    
  74   486857    -0.24765150084616         0.75729790931278    
  75   487029    -0.23820095560625         0.74242344043379    
  76   486238    -0.22887009416798         0.72618018807770    
  77   487635    -0.21959148508367         0.70781770040700    
  78   486123    -0.20992857449259         0.68810144262355    
  79   485658    -0.20060074971608         0.66924052877231    
  80   486685    -0.19091308323387         0.64428590865626    
  81   485425    -0.18193358384579         0.62152592305048    
  82   485797    -0.17270590552702         0.59657431504241    
  83   485412    -0.16309711445629         0.56762441183089    
  84   485339    -0.15358093136764         0.53745025619006    
  85   486101    -0.14435943553081         0.50572628210719    
  86   485784    -0.13519240180661         0.47207259449938    
  87   485421    -0.12580284135404         0.43713743856525    
  88   483984    -0.11621283258506         0.39770476876339    
  89   484985    -0.10742517784518         0.35947905107168    
  90   485043    -0.97897883789307E-01     0.31750881350563    
  91   484830    -0.88138388191328E-01     0.27400257640089    
  92   484670    -0.79325349642448E-01     0.23380509691542    
  93   484315    -0.69808748919702E-01     0.19152969588626    
  94   484561    -0.60695373987705E-01     0.15211887985323    
  95   485227    -0.51103427464667E-01     0.11224677082718    
  96   484383    -0.41931583748723E-01     0.78850949099042E-01
  97   484559    -0.32152642793774E-01     0.47830358244159E-01
  98   483781    -0.23405194306392E-01     0.26063507829444E-01
  99   484992    -0.14031092201002E-01     0.96228154630117E-02
 100   483788    -0.47816348042792E-02     0.11787942695495E-02
 101   484326     0.47160992721866E-02     0.98387210393263E-03
 102   485195     0.13684713033003E-01     0.87498144994320E-02
 103   484470     0.23396353852268E-01     0.25236581540318E-01
 104   484681     0.32415221699636E-01     0.47824563971794E-01
 105   483975     0.42202974802958E-01     0.78704063828795E-01
 106   483458     0.51222638734245E-01     0.11186938995683    
 107   485822     0.60028922123315E-01     0.14779502497071    
 108   484543     0.69754388342293E-01     0.18991402471717    
 109   484232     0.79238105202745E-01     0.23299623092229    
 110   484583     0.88157913143401E-01     0.27344925084194    
 111   484600     0.97847552899318E-01     0.31728882817944    
 112   485334     0.10726757665320         0.35895796719972    
 113   485411     0.11610455414161         0.39671697330018    
 114   485629     0.12569655472546         0.43602834141191    
 115   484457     0.13520058232863         0.47247823645058    
 116   487743     0.14450491162843         0.50666967893999    
 117   485126     0.15372763174419         0.53882901643089    
 118   486088     0.16284783397435         0.56708341632869    
 119   485304     0.17250963920993         0.59677416702509    
 120   485265     0.18159125223692         0.62146665522954    
 121   485812     0.19148121237384         0.64654730580040    
 122   486131     0.20050777507121         0.66870448221164    
 123   486609     0.21016049095021         0.69056974379027    
 124   486816     0.21936470100051         0.70957525873561    
 125   487209     0.22882339510900         0.72706555132606    
 126   487319     0.23828978445745         0.74360923454207    
 127   488492     0.24744443243891         0.75919450598219    
 128   487486     0.25709390376227         0.77352031227870    
 129   488249     0.26662188210116         0.78663811526685    
 130   488310     0.27590229905560         0.79883204492584    
 131   488094     0.28556624730579         0.81069822929635    
 132   488000     0.29480708462016         0.82154065352963    
 133   489595     0.30456967512758         0.83128929587337    
 134   488893     0.31395612492558         0.84069399897527    
 135   490084     0.32329276496356         0.84913517590621    
 136   490015     0.33326347598545         0.85765985860512    
 137   489863     0.34268624904613         0.86526709895877    
 138   491453     0.35219220290182         0.87194754476904    
 139   491198     0.36180194357856         0.87874655921246    
 140   491178     0.37113344471811         0.88514996530674    
 141   491986     0.38120718832171         0.89100401585273    
 142   491789     0.39044404602793         0.89637442686970    
 143   492962     0.40043413556831         0.90172069369269    
 144   492660     0.40972510432694         0.90652840014772    
 145   494140     0.41970989764208         0.91124248487664    
 146   492772     0.42925378522222         0.91553312173042    
 147   494436     0.43892249257114         0.91980018598246    
 148   494312     0.44873662614939         0.92360087782221    
 149   495337     0.45842148877597         0.92733259021448    
 150   495766     0.46807455927703         0.93058033447760    
 151   496293     0.47819857551531         0.93424497532700    
 152   495890     0.48768295938013         0.93708720459600    
 153   497382     0.49767508446009         0.94013817378087    
 154   496852     0.50734274736237         0.94305940862646    
 155   498115     0.51729279855467         0.94576779400343    
 156   497788     0.52735409813122         0.94838349632973    
 157   498518     0.53700290204236         0.95070171764279    
 158   499498     0.54708299037619         0.95327070162280    
 159   500537     0.55694856391684         0.95530509045926    
 160   500541     0.56699000342907         0.95737557282101    
 161   499741     0.57703620101968         0.95956575729418    
 162   501563     0.58725397801415         0.96157879219502    
 163   502294     0.59707194105657         0.96331477744154    
 164   503245     0.60719871348338         0.96505014736914    
 165   504025     0.61728749811494         0.96687589262660    
 166   503717     0.62743646917052         0.96847558681034    
 167   504426     0.63764899689771         0.96996729190580    
 168   505416     0.64785349639382         0.97151832446219    
 169   505976     0.65813763883871         0.97313513221931    
 170   506492     0.66841854056796         0.97438178307043    
 171   507447     0.67872144987979         0.97571999086751    
 172   507305     0.68882354810291         0.97702233529187    
 173   509340     0.69918626965175         0.97831014968332    
 174   509269     0.70978398808797         0.97948645087937    
 175   510242     0.72002560915511         0.98063921333220    
 176   510422     0.73068655005760         0.98178711111852    
 177   511800     0.74105471615123         0.98281808174659    
 178   512059     0.75154226846515         0.98390296978061    
 179   512829     0.76216216930036         0.98491436996300    
 180   514110     0.77274905080086         0.98583903899874    
 181   515069     0.78344612402845         0.98678771349705    
 182   514950     0.79406018902422         0.98767122178995    
 183   516660     0.80472504452426         0.98854420444656    
 184   516589     0.81561052353014         0.98944067885649    
 185   517588     0.82630835084622         0.99020718856075    
 186   518807     0.83715592001192         0.99101075084374    
 187   521027     0.84805971689746         0.99178652745481    
 188   520817     0.85905331460087         0.99253977450209    
 189   521190     0.87001219356389         0.99324481462635    
 190   523318     0.88107176268588         0.99395569222272    
 191   522743     0.89213063385275         0.99461164529979    
 192   524021     0.90325356407534         0.99525616244461    
 193   525663     0.91439379676487         0.99588727193165    
 194   526810     0.92564951588122         0.99649952364516    
 195   527802     0.93694703294269         0.99708628761842    
 196   528232     0.94828700908031         0.99765648902285    
 197   529200     0.95966422338794         0.99820517207034    
 198   530127     0.97109789853578         0.99873386812579    
 199   532627     0.98262934278611         0.99925154198096    
 200   532751     0.99419818175889         0.99974743776011    
