   1   521956    -0.99447463443406         0.99983366623140    
   2   521236    -0.98343771900447         0.99951352555144    
   3   519974    -0.97246970846643         0.99917807904392    
   4   521362    -0.96148994249118         0.99883645854011    
   5   519646    -0.95048628136770         0.99848214894076    
   6   516684    -0.93969767427837         0.99813036362413    
   7   518165    -0.92879871466352         0.99774373617231    
   8   517571    -0.91796284482383         0.99737370241596    
   9   517005    -0.90719083738494         0.99696319629837    
  10   516576    -0.89644344685067         0.99655681116692    
  11   514497    -0.88561760469727         0.99611422525556    
  12   517009    -0.87491168246505         0.99569704221991    
  13   513505    -0.86431728744369         0.99522455285456    
  14   512743    -0.85355254723212         0.99475000198315    
  15   513733    -0.84304295287152         0.99429063953939    
  16   512347    -0.83253523774241         0.99377568483378    
  17   510364    -0.82189397899793         0.99323859462858    
  18   511832    -0.81117186531766         0.99270411374510    
  19   512094    -0.80082298467281         0.99214820598786    
  20   509339    -0.79029296218653         0.99153662725175    
  21   509223    -0.77987794451532         0.99091979117422    
  22   510531    -0.76951352653632         0.99036124747381    
  23   509627    -0.75914367821334         0.98972003122979    
  24   507968    -0.74849015704982         0.98892018113621    
  25   506132    -0.73834378148739         0.98823429999664    
  26   507731    -0.72827998703053         0.98758839833033    
  27   507729    -0.71767321366027         0.98677049462005    
  28   506665    -0.70712932891626         0.98594761130906    
  29   504876    -0.69713287840009         0.98519968528777    
  30   504227    -0.68689440847467         0.98426555707547    
  31   504851    -0.67665493696970         0.98340626403261    
  32   505215    -0.66665950023949         0.98244457988706    
  33   504138    -0.65628929972404         0.98146896190681    
  34   503764    -0.64609877138886         0.98038867752832    
  35   501781    -0.63590372940018         0.97942979809755    
  36   501611    -0.62578263529155         0.97828334569119    
  37   502122    -0.61549554975348         0.97710683624787    
  38   500610    -0.60590370270880         0.97598421438535    
  39   502028    -0.59600962724744         0.97470731931088    
  40   502292    -0.58595372512721         0.97330936086428    
  41   499830    -0.57552778609528         0.97175141452789    
  42   499188    -0.56561077290992         0.97055671444872    
  43   500883    -0.55558798964008         0.96883834678229    
  44   499516    -0.54558655773009         0.96730355409185    
  45   497956    -0.53575537365909         0.96560771269030    
  46   497991    -0.52574198683008         0.96386776140564    
  47   499132    -0.51576958600733         0.96197703834648    
  48   498267    -0.50596897940158         0.95986771546181    
  49   497759    -0.49646030955422         0.95802505323479    
  50   497551    -0.48609462119251         0.95540774692313    
  51   497136    -0.47644843923097         0.95337987384947    
  52   497217    -0.46666560192457         0.95131316038108    
  53   497885    -0.45669121870457         0.94839299174944    
  54   495048    -0.44711065312542         0.94571246255752    
  55   495937    -0.43702564712687         0.94262946489083    
  56   494967    -0.42724952832220         0.93941647920472    
  57   492551    -0.41773448173656         0.93652836378093    
  58   495320    -0.40787292268900         0.93293302899503    
  59   495472    -0.39807964557422         0.92910717576869    
  60   495710    -0.38849284638607         0.92529625357158    
  61   494326    -0.37853181772333         0.92076362876978    
  62   493436    -0.36864516382131         0.91649929997177    
  63   493765    -0.35910431483564         0.91173148966938    
  64   493341    -0.34916117945349         0.90627079555981    
  65   491324    -0.33966703411351         0.90107496290984    
  66   492784    -0.32990074607531         0.89492212880079    
  67   492632    -0.32043707303548         0.88871842047267    
  68   494122    -0.31098509319239         0.88143698057456    
  69   493431    -0.30137229092556         0.87487655052524    
  70   491612    -0.29135416171217         0.86599140616773    
  71   490928    -0.28182596697092         0.85765825501356    
  72   491666    -0.27198896387454         0.84854180451466    
  73   492582    -0.26236625748551         0.83762256320425    
  74   490737    -0.25322476745103         0.82769858335729    
  75   491354    -0.24337688428693         0.81500316969498    
  76   492630    -0.23355154545729         0.80143102288867    
  77   491293    -0.22411997308110         0.78762485218114    
  78   489394    -0.21486422429530         0.77136513124250    
  79   489798    -0.20504039524756         0.75450166013662    
  80   491601    -0.19513059625264         0.73548946832824    
  81   491505    -0.18632352067593         0.71585167363623    
  82   490431    -0.17640458476107         0.69181514334144    
  83   490852    -0.16631576073229         0.66601142067417    
  84   489708    -0.15731439628623         0.64048850972306    
  85   490046    -0.14796809935196         0.61059149737763    
  86   490520    -0.13807156370861         0.57722658543421    
  87   488912    -0.12872887264103         0.54162929255531    
  88   489058    -0.11937283576991         0.50413735654395    
  89   491031    -0.10933076308644         0.45925388696411    
  90   489318    -0.99592215101843E-01     0.41281201145991    
  91   490301    -0.90732964553521E-01     0.36832188727248    
  92   489953    -0.80375680903218E-01     0.31393955630377    
  93   489020    -0.71303592959978E-01     0.26453127073998    
  94   487962    -0.62029453209631E-01     0.21472731419663    
  95   488719    -0.52583723346454E-01     0.16381895288933    
  96   490654    -0.42675211953286E-01     0.11455252471166    
  97   488770    -0.33221154715665E-01     0.72450329512650E-01
  98   488631    -0.23622860666799E-01     0.38190333208101E-01
  99   488966    -0.14387534715440E-01     0.14635981082564E-01
 100   488945    -0.49437236473273E-02     0.17818017693699E-02
 101   488193     0.48597372881950E-02     0.15831280184339E-02
 102   490412     0.14414228705433E-01     0.14192073266231E-01
 103   487359     0.23361101450393E-01     0.36842512693429E-01
 104   490074     0.33007571250590E-01     0.71081675433533E-01
 105   489888     0.42819746772015E-01     0.11424007205278    
 106   489413     0.52473708712933E-01     0.16196194031896    
 107   490233     0.62238491688205E-01     0.21412505839004    
 108   490899     0.71442702208196E-01     0.26536182114265    
 109   488454     0.80716709595509E-01     0.31543863801453    
 110   490286     0.90569776044454E-01     0.36890160741901    
 111   489857     0.99584132605820E-01     0.41211219827243    
 112   489081     0.10959659589578         0.46132267924411    
 113   490213     0.11893481890824         0.50242230255062    
 114   488737     0.12853885861027         0.54302145971699    
 115   491297     0.13810787142069         0.57828058541788    
 116   490256     0.14735860153996         0.60969418008456    
 117   491212     0.15714523661542         0.64213859604584    
 118   492015     0.16641693734936         0.66839642289854    
 119   491546     0.17611502781702         0.69329889624008    
 120   490220     0.18659293382770         0.71864237394291    
 121   490040     0.19524110286009         0.73766891067091    
 122   489346     0.20475555906831         0.75557161467596    
 123   490058     0.21424532291302         0.77337378889107    
 124   491995     0.22476069194699         0.78962944118793    
 125   491876     0.23440786515686         0.80422672991688    
 126   489164     0.24378930319735         0.81747323532895    
 127   490823     0.25298096899619         0.82929388709776    
 128   490252     0.26226813707239         0.83914576139915    
 129   492743     0.27247986216546         0.84923900702506    
 130   491733     0.28163275668998         0.85871672965357    
 131   492765     0.29157692859196         0.86766791928613    
 132   492140     0.30104710951813         0.87598437458946    
 133   493586     0.31102153431203         0.88392111417046    
 134   493358     0.32079805136903         0.89021773283729    
 135   492252     0.33016675789595         0.89595228974203    
 136   495017     0.33974942575581         0.90188520020258    
 137   493826     0.34940825473039         0.90736739793092    
 138   493323     0.35924794602506         0.91258100650251    
 139   494617     0.36907824870899         0.91776217868306    
 140   494590     0.37880766611436         0.92212765410499    
 141   494852     0.38871312425165         0.92653974252984    
 142   494625     0.39805960275949         0.92982000583484    
 143   494541     0.40805963123674         0.93399981158673    
 144   494384     0.41788953417705         0.93714563734115    
 145   496968     0.42714334355706         0.94017475116358    
 146   494671     0.43762890110246         0.94344011494901    
 147   494201     0.44738607531732         0.94639011292938    
 148   497698     0.45704819660284         0.94899309436770    
 149   494782     0.46674544940505         0.95155388185779    
 150   496554     0.47645279757409         0.95391678141917    
 151   498918     0.48648489517961         0.95599573673751    
 152   497547     0.49641616094052         0.95846505338534    
 153   498250     0.50663447857470         0.96045233969326    
 154   498902     0.51610970251285         0.96210642242740    
 155   497580     0.52611449186752         0.96416859542282    
 156   498824     0.53607264653000         0.96586457817601    
 157   500283     0.54563589248994         0.96745462385020    
 158   498886     0.55554958035552         0.96888028288198    
 159   500842     0.56626358049178         0.97067660638411    
 160   502581     0.57595171461427         0.97190652790924    
 161   501131     0.58591231754850         0.97344860927497    
 162   500061     0.59576714993825         0.97476840834432    
 163   499866     0.60615727377159         0.97596950089724    
 164   502388     0.61627435286039         0.97724108205202    
 165   502388     0.62641353136943         0.97835146155857    
 166   500713     0.63638988016217         0.97941209755324    
 167   504037     0.64646346294068         0.98046023977167    
 168   502326     0.65656962089879         0.98147389464064    
 169   504739     0.66672816494503         0.98245233195025    
 170   505533     0.67683685915247         0.98330414591099    
 171   506355     0.68720498268863         0.98423039340088    
 172   506893     0.69763913190485         0.98505408079061    
 173   505643     0.70763993929075         0.98591411636717    
 174   506412     0.71771556694281         0.98665902503132    
 175   504997     0.72843161451570         0.98747456792506    
 176   508703     0.73842557617301         0.98819201952596    
 177   507528     0.74889777736508         0.98888267804370    
 178   507961     0.75944847863700         0.98963471168402    
 179   508853     0.76968670892302         0.99019703134620    
 180   508858     0.77995258525842         0.99082967598552    
 181   509864     0.79044021373149         0.99147959300482    
 182   509687     0.80082388795218         0.99201227527863    
 183   511353     0.81163346389543         0.99263036798681    
 184   512297     0.82200224523177         0.99318736058979    
 185   513859     0.83271591153174         0.99370576748374    
 186   511683     0.84315241806556         0.99417776611401    
 187   511089     0.85364191733068         0.99468504096113    
 188   516340     0.86425042173238         0.99517513381339    
 189   514938     0.87513605214023         0.99565960824365    
 190   515205     0.88581281367337         0.99608682555463    
 191   515569     0.89640203581038         0.99651357015429    
 192   515795     0.90720705460383         0.99692741597049    
 193   515942     0.91806745628714         0.99734944466426    
 194   520260     0.92879634982631         0.99774192082485    
 195   517145     0.93967411752650         0.99810055802253    
 196   518672     0.95059137983226         0.99847838072461    
 197   520385     0.96149979441197         0.99883865168835    
 198   520672     0.97246060257781         0.99917848550180    
 199   520897     0.98345368356487         0.99951043769455    
 200   521791     0.99447546926949         0.99983318134124    
