   1   573682    -0.99309040310612         0.99939801827260    
   2   571452    -0.97937469128936         0.99818847232616    
   3   568787    -0.96587388969378         0.99693331065357    
   4   565586    -0.95249946619003         0.99563820205435    
   5   563847    -0.93924327420484         0.99427040888939    
   6   559727    -0.92630843475382         0.99291330083720    
   7   558118    -0.91340812198918         0.99144898155048    
   8   556672    -0.90069876467589         0.98996712090901    
   9   552400    -0.88820291730819         0.98849634786151    
  10   552140    -0.87575971664562         0.98681816913556    
  11   549606    -0.86330217403407         0.98522148820160    
  12   547845    -0.85118873663105         0.98358272909721    
  13   544325    -0.83897967581159         0.98188857484029    
  14   542221    -0.82724064532363         0.98006706889824    
  15   539420    -0.81538297539072         0.97828005107426    
  16   538877    -0.80334136135333         0.97633300536784    
  17   536274    -0.79184221448902         0.97439262386544    
  18   534573    -0.78015969170914         0.97235492628201    
  19   531322    -0.76896670193581         0.97032814497532    
  20   530214    -0.75773030224319         0.96817950719683    
  21   529873    -0.74644848520939         0.96585184573056    
  22   527745    -0.73528364905804         0.96375407088585    
  23   524889    -0.72431778219470         0.96148725209338    
  24   524430    -0.71307629391937         0.95897950332748    
  25   521179    -0.70235513743883         0.95642852645741    
  26   520951    -0.69155464876151         0.95394699546942    
  27   519086    -0.68078531026928         0.95113866498573    
  28   517646    -0.66987680986020         0.94841887413114    
  29   515528    -0.65946172395243         0.94534218241650    
  30   513701    -0.64842220349982         0.94255396811377    
  31   514293    -0.63786131680445         0.93980972214572    
  32   509401    -0.62790660058271         0.93645658624352    
  33   510140    -0.61774269149561         0.93323039835443    
  34   509025    -0.60736126114361         0.92952367260514    
  35   507341    -0.59705425647390         0.92614760829110    
  36   506322    -0.58711941723172         0.92249420964400    
  37   505672    -0.57714160084535         0.91909176732280    
  38   503194    -0.56695302984800         0.91470214726508    
  39   502265    -0.55700304786554         0.91058113982650    
  40   501189    -0.54656729513298         0.90655155897109    
  41   498734    -0.53690118403200         0.90215686862040    
  42   497240    -0.52726237101953         0.89733006430215    
  43   496656    -0.51743850578043         0.89263846616615    
  44   496375    -0.50783072212159         0.88800357391811    
  45   494563    -0.49780072437379         0.88237766809956    
  46   493635    -0.48807418734790         0.87686880828675    
  47   494042    -0.47850220244848         0.87131909322654    
  48   492117    -0.46854933638319         0.86507692313049    
  49   489977    -0.45919300785736         0.85901888471584    
  50   490271    -0.45005521552603         0.85357584971923    
  51   488746    -0.44022468725678         0.84550547723338    
  52   488629    -0.43070981881157         0.83920798412965    
  53   487242    -0.42175463935794         0.83286895671702    
  54   486926    -0.41219030249231         0.82506841231126    
  55   485975    -0.40316611620091         0.81730909886244    
  56   485280    -0.39373656426385         0.80896436381137    
  57   485066    -0.38413402792777         0.80039792937954    
  58   482840    -0.37543904091549         0.79101043229916    
  59   483128    -0.36539511856223         0.78098486662973    
  60   481514    -0.35672062881790         0.77127602162882    
  61   482743    -0.34782698916392         0.76142006849667    
  62   480442    -0.33852077948691         0.74978205525493    
  63   479173    -0.32938166270825         0.73845865322624    
  64   479954    -0.32009593773197         0.72525640429889    
  65   479661    -0.31161911470114         0.71424555302882    
  66   478236    -0.30218928850519         0.69996911629640    
  67   477716    -0.29331510767116         0.68665639425609    
  68   476425    -0.28416793593339         0.67114686083560    
  69   475119    -0.27538106880388         0.65654438991079    
  70   476720    -0.26634776509921         0.64034110689975    
  71   474744    -0.25746021151201         0.62394210213668    
  72   475220    -0.24894471395247         0.60661573456916    
  73   475034    -0.23992433538526         0.58727836103819    
  74   473040    -0.23080522997755         0.56843699527546    
  75   472940    -0.22197560287641         0.54695829913340    
  76   474390    -0.21298958227540         0.52636283171524    
  77   474162    -0.20385561586969         0.50378094535978    
  78   472783    -0.19541226968624         0.48188894223637    
  79   471945    -0.18710615304658         0.45788835832315    
  80   471611    -0.17781990904378         0.43375290377556    
  81   471575    -0.16917066619180         0.40921621391717    
  82   469865    -0.16050962325151         0.38181885966436    
  83   472369    -0.15150989496880         0.35576848550609    
  84   470155    -0.14261961874289         0.32748573326546    
  85   469827    -0.13435470421539         0.30167954651763    
  86   469897    -0.12536798663871         0.27220839834990    
  87   469558    -0.11685731714002         0.24632150481106    
  88   469140    -0.10838427201150         0.21909452369407    
  89   467597    -0.10011955493754         0.19258765423486    
  90   469113    -0.91088073199454E-01     0.16401883451098    
  91   468538    -0.82359026492248E-01     0.13897294918693    
  92   468405    -0.73979320096099E-01     0.11514159749815    
  93   468237    -0.65192180028116E-01     0.91557128112922E-01
  94   468780    -0.56081854451854E-01     0.69697993627500E-01
  95   468311    -0.47420792038979E-01     0.50469498233956E-01
  96   467670    -0.39140355173066E-01     0.35007555708209E-01
  97   467996    -0.30129436453745E-01     0.21302933842064E-01
  98   467662    -0.21735606652130E-01     0.11166489818349E-01
  99   467817    -0.12473054726098E-01     0.37831102712380E-02
 100   468410    -0.39178690360861E-02     0.42957078594356E-03
 101   468748     0.45672324997395E-02     0.42471714685313E-03
 102   468358     0.12900090173538E-01     0.37319029912618E-02
 103   467065     0.21537862432780E-01     0.10584053253882E-01
 104   468871     0.30385523859355E-01     0.21041295015920E-01
 105   469101     0.38930959732244E-01     0.34024515757891E-01
 106   468739     0.47356161421105E-01     0.49437242417331E-01
 107   469121     0.56225348043927E-01     0.68567272589111E-01
 108   467650     0.64652514314480E-01     0.89227533550385E-01
 109   469464     0.73513543708058E-01     0.11239546100836    
 110   468035     0.82216918791103E-01     0.13717597708069    
 111   469911     0.90750956676091E-01     0.16147935088768    
 112   468633     0.99127463318193E-01     0.18829868762475    
 113   467917     0.10756996518594         0.21443705030898    
 114   469313     0.11709069435445         0.24474118784166    
 115   471511     0.12552015079918         0.27217230822667    
 116   469755     0.13403408273964         0.29830574713425    
 117   470904     0.14279578891615         0.32619153196423    
 118   471885     0.15156137461709         0.35505600105991    
 119   470831     0.16033295190101         0.38107782356642    
 120   471728     0.16931928429838         0.40747449163358    
 121   471660     0.17825840820056         0.43253417838019    
 122   472445     0.18696913946355         0.45819477870779    
 123   472797     0.19576631363669         0.48317210757418    
 124   472279     0.20432867987057         0.50448863880975    
 125   472445     0.21342922073364         0.52722254376378    
 126   472991     0.22226249699308         0.54720578849341    
 127   474090     0.23091322463481         0.56793352104452    
 128   475457     0.24005752937435         0.58841911139631    
 129   474795     0.24864119869045         0.60705104654892    
 130   474989     0.25744681959139         0.62326704234323    
 131   474292     0.26623457086256         0.63920052747558    
 132   475787     0.27504207204405         0.65581378795132    
 133   477331     0.28438023120007         0.67201146315092    
 134   479299     0.29330385917273         0.68643701095834    
 135   478921     0.30231170205504         0.70032746113263    
 136   478717     0.31146460102546         0.71351841723375    
 137   480213     0.32030964147406         0.72587710648706    
 138   479728     0.32985308289998         0.73843391378203    
 139   479968     0.33847716347148         0.74993505017252    
 140   481630     0.34754529483462         0.76075649878762    
 141   482190     0.35630077679753         0.77120194401318    
 142   483459     0.36600430840028         0.78118341599305    
 143   483006     0.37511675965296         0.79081815985940    
 144   484634     0.38469312941166         0.80025885327757    
 145   486053     0.39355526289659         0.80875778760355    
 146   485516     0.40348106136443         0.81724314316463    
 147   487114     0.41313528260116         0.82608233890409    
 148   488783     0.42165026036623         0.83295436484056    
 149   489263     0.43135397714191         0.84002197507878    
 150   488717     0.44071766414746         0.84677505540514    
 151   490456     0.44964857010502         0.85362510458335    
 152   492868     0.45969771875274         0.86014284093879    
 153   491339     0.46951388353792         0.86647385723131    
 154   492237     0.47894010177474         0.87200916541519    
 155   493290     0.48865348673984         0.87771590232001    
 156   497006     0.49830410207523         0.88331979630190    
 157   496391     0.50762346849459         0.88802068040973    
 158   498030     0.51805188407240         0.89267759686286    
 159   498852     0.52742930291741         0.89751965261460    
 160   500426     0.53770397417751         0.90217790177866    
 161   499832     0.54735835775067         0.90661690899644    
 162   501306     0.55702320657369         0.91073610055833    
 163   502710     0.56683975966024         0.91473173444720    
 164   504264     0.57748861735902         0.91865857880025    
 165   506410     0.58784590466046         0.92283106519597    
 166   506271     0.59769835494591         0.92611411634147    
 167   508714     0.60793164486123         0.92970351948128    
 168   510066     0.61847187459381         0.93301299029984    
 169   511401     0.62841570799488         0.93631762959780    
 170   511488     0.63887796034629         0.93927034334573    
 171   514079     0.64940283210101         0.94248707571672    
 172   515125     0.65980505763901         0.94527584514399    
 173   517267     0.67070449550353         0.94821285216789    
 174   520064     0.68104278312366         0.95084768717603    
 175   519006     0.69191098600327         0.95343998430970    
 176   522192     0.70269600386860         0.95595123836627    
 177   523068     0.71386057078954         0.95858154082966    
 178   525356     0.72454990237214         0.96098360504204    
 179   526466     0.73590343972295         0.96329583773440    
 180   528031     0.74662152544990         0.96547771422703    
 181   530361     0.75811863636803         0.96772012329635    
 182   533068     0.76944997441264         0.96990245203331    
 183   532720     0.78089139335850         0.97207876605069    
 184   535965     0.79242156672996         0.97410771878074    
 185   538342     0.80364804973049         0.97585524855362    
 186   539949     0.81563649866530         0.97795852042891    
 187   541898     0.82749936452362         0.97970461843695    
 188   544051     0.83950283080479         0.98157897286210    
 189   545241     0.85122677408178         0.98321313635466    
 190   547665     0.86365592355834         0.98506697591210    
 191   550347     0.87587621675112         0.98666589096294    
 192   553174     0.88814331082639         0.98828256844151    
 193   555728     0.90091425605959         0.98983776912446    
 194   557657     0.91352215868231         0.99136086461540    
 195   560023     0.92632288664359         0.99279835068055    
 196   563410     0.93937767979685         0.99424236627491    
 197   564280     0.95251446923167         0.99561245550582    
 198   568993     0.96584357394754         0.99691214309983    
 199   569937     0.97937740242547         0.99818779070659    
 200   574176     0.99308333833611         0.99939807059790    
