   1   633279    -0.99125914652250         0.99877620744331    
   2   626601    -0.97412719262498         0.99626037040260    
   3   621914    -0.95740343183285         0.99368110738028    
   4   617245    -0.94122073296115         0.99104171230556    
   5   610211    -0.92536272170492         0.98825755116173    
   6   605809    -0.91012519547523         0.98542741552047    
   7   602022    -0.89512516031168         0.98260469988992    
   8   594893    -0.88048387889470         0.97949691723977    
   9   588452    -0.86618486838790         0.97647762474483    
  10   584474    -0.85182267321048         0.97327284329383    
  11   581750    -0.83793159383654         0.97018866228677    
  12   580940    -0.82453646577958         0.96685755803692    
  13   574665    -0.81128535687273         0.96334974488356    
  14   569555    -0.79836885987464         0.95988965560425    
  15   566736    -0.78545278725816         0.95621971463044    
  16   563740    -0.77287923969751         0.95271469109595    
  17   561038    -0.76004700375526         0.94856703289541    
  18   555457    -0.74811725073784         0.94516196890010    
  19   553516    -0.73630155892393         0.94148751781086    
  20   549438    -0.72433679299616         0.93733175765709    
  21   546208    -0.71200423953791         0.93275458572773    
  22   542511    -0.70004742857302         0.92824903430556    
  23   539557    -0.68863813482891         0.92441964712193    
  24   535220    -0.67745247258783         0.91970278401325    
  25   532382    -0.66627185495360         0.91543078251904    
  26   530633    -0.65499581273658         0.91077383617248    
  27   526872    -0.64454348213259         0.90605389240802    
  28   523836    -0.63328135499087         0.90069654483491    
  29   522571    -0.62316903389406         0.89595491261365    
  30   519474    -0.61225695822159         0.89114348513505    
  31   518041    -0.60192078212506         0.88552563144891    
  32   516846    -0.59133880949131         0.87956389149666    
  33   515061    -0.58080893138278         0.87370170181975    
  34   510025    -0.57169668133496         0.86885357233387    
  35   506459    -0.56131193916283         0.86289774792493    
  36   508952    -0.55061297712233         0.85584371704065    
  37   506369    -0.54123577578596         0.84959036963256    
  38   503716    -0.53110609188253         0.84340904063602    
  39   500697    -0.52087980270448         0.83596289291252    
  40   498636    -0.51170765814542         0.82971170762780    
  41   497448    -0.50166846679894         0.82175744085402    
  42   496275    -0.49234883861105         0.81540700935752    
  43   492110    -0.48332285690905         0.80774506044502    
  44   492082    -0.47323372990856         0.79930915751691    
  45   489775    -0.46395472848297         0.79159861488289    
  46   489053    -0.45471074998466         0.78295117236049    
  47   485571    -0.44573326300998         0.77573002123268    
  48   484468    -0.43630223735811         0.76564106472631    
  49   482427    -0.42656761699304         0.75546677708705    
  50   483381    -0.41758926152281         0.74721307046634    
  51   480389    -0.40984624475637         0.73919782586778    
  52   480281    -0.40075856986294         0.72847788681060    
  53   476584    -0.39171745273345         0.71711260954228    
  54   475805    -0.38286095806409         0.70710656680237    
  55   474766    -0.37353384114654         0.69471311206015    
  56   472568    -0.36551580160132         0.68512126749975    
  57   472899    -0.35544055740499         0.66937860403931    
  58   472180    -0.34746632149106         0.66039799248614    
  59   470420    -0.33847988169902         0.64640573070245    
  60   468796    -0.33033073022157         0.63493889828750    
  61   469049    -0.32114926427886         0.61938173459707    
  62   468967    -0.31280531840310         0.60638579856700    
  63   466651    -0.30470853391832         0.59374044676283    
  64   464701    -0.29615770499563         0.57786774431157    
  65   463250    -0.28698600604425         0.56115344560806    
  66   462588    -0.27922877591304         0.54613400431589    
  67   462930    -0.27068287836241         0.52905024113387    
  68   462124    -0.26194630944123         0.51231773828764    
  69   462132    -0.25348650106996         0.49498996283696    
  70   458349    -0.24491340328371         0.47730069746716    
  71   458334    -0.23743419132415         0.46323450822794    
  72   458160    -0.22932900728373         0.44314925294789    
  73   457944    -0.22162183719241         0.42553446060339    
  74   457012    -0.21274909940909         0.40426255425534    
  75   456444    -0.20486272976506         0.38649078399174    
  76   456091    -0.19631051375622         0.36532524076110    
  77   455655    -0.18906752547829         0.34854960942663    
  78   453256    -0.18014549898619         0.32645301981949    
  79   452719    -0.17216446029469         0.30670039678029    
  80   453851    -0.16356623353942         0.28534518300372    
  81   453106    -0.15603705613458         0.26569214261194    
  82   452930    -0.14736742335476         0.24358608734915    
  83   452280    -0.14005432142734         0.22569411500661    
  84   452709    -0.13149534104213         0.20394349649310    
  85   452127    -0.12388632257661         0.18494066326243    
  86   452663    -0.11582680967677         0.16506948777680    
  87   449917    -0.10857331107568         0.14877415006310    
  88   449531    -0.99912678475366E-01     0.12753762131154    
  89   451404    -0.92029544781450E-01     0.11044410047884    
  90   450459    -0.83567571452957E-01     0.93017633567466E-01
  91   448819    -0.75581947319195E-01     0.77897979534659E-01
  92   449319    -0.67890817994595E-01     0.63902522949163E-01
  93   448438    -0.60652637813092E-01     0.52053818210419E-01
  94   450840    -0.52047158148053E-01     0.38726255912392E-01
  95   448847    -0.43813755102665E-01     0.27488314881832E-01
  96   449031    -0.35906381474198E-01     0.18704602921360E-01
  97   450275    -0.27751713383925E-01     0.11262100383302E-01
  98   449194    -0.20180953251360E-01     0.61379322412716E-02
  99   449135    -0.12032029402854E-01     0.22495262302987E-02
 100   448376    -0.47661957623276E-02     0.36765548132970E-03
 101   450218     0.37831005296831E-02     0.19816943204844E-03
 102   448445     0.11956967207018E-01     0.20296999777056E-02
 103   447012     0.19637818593956E-01     0.54047378451474E-02
 104   448423     0.27219327720406E-01     0.10425941230234E-01
 105   450962     0.35496523147840E-01     0.17440953716275E-01
 106   448119     0.44393091058636E-01     0.28122106118051E-01
 107   448742     0.52201792383266E-01     0.37897538906734E-01
 108   449411     0.59209981609721E-01     0.48829689639568E-01
 109   450268     0.66822101667980E-01     0.60670505050691E-01
 110   450283     0.74724290718507E-01     0.74728660062746E-01
 111   450750     0.83089859799063E-01     0.92000646793786E-01
 112   449420     0.91408905963220E-01     0.10862209595049    
 113   450015     0.98872017145180E-01     0.12402126513138    
 114   451507     0.10690958631324         0.14361503926423    
 115   453200     0.11531075936736         0.16422102871193    
 116   453631     0.12371904064753         0.18410423559238    
 117   452446     0.13199589777642         0.20357366847706    
 118   450527     0.13972709605369         0.22222279459958    
 119   451359     0.14683829767692         0.24067156895229    
 120   452012     0.15578536117627         0.26280537109167    
 121   454400     0.16425017481191         0.28635478620123    
 122   454560     0.17102098478699         0.30359168465881    
 123   455319     0.17977797394585         0.32410263593080    
 124   455376     0.18775506637550         0.34593253666328    
 125   455904     0.19562915185794         0.36483727747419    
 126   457360     0.20402687832613         0.38405597328889    
 127   457615     0.21197491627569         0.40266773355779    
 128   458568     0.22006814971085         0.42035444027472    
 129   458139     0.22857326458074         0.44234931899092    
 130   459801     0.23726320843415         0.46153051958943    
 131   461742     0.24555619107588         0.47796328950020    
 132   461337     0.25414292375935         0.49716655406714    
 133   463252     0.26218735434262         0.51381847786916    
 134   463271     0.27064206676247         0.53105213476226    
 135   463931     0.27927473203522         0.54783206201247    
 136   464975     0.28739423346111         0.56238394638910    
 137   464565     0.29592107312211         0.57682647878390    
 138   467350     0.30358463620508         0.58977494054114    
 139   466516     0.31245499771843         0.60602299173973    
 140   469060     0.32163441291779         0.62123895684308    
 141   468216     0.33102800903579         0.63511035491462    
 142   472898     0.33806799292372         0.64633839808733    
 143   473185     0.34636602365950         0.65704555199018    
 144   473587     0.35565039085128         0.67177064882380    
 145   472851     0.36528276875762         0.68454916807967    
 146   474924     0.37352236255584         0.69485653989723    
 147   476153     0.38250648421476         0.70530364164291    
 148   477232     0.39149435417040         0.71740632017118    
 149   478484     0.40012332591946         0.72743096088005    
 150   481855     0.40878795647342         0.73726356518663    
 151   482845     0.41806629262298         0.74671057808110    
 152   482488     0.42661008098362         0.75602955457166    
 153   485687     0.43576187159818         0.76502228373732    
 154   487289     0.44601144523359         0.77572267156361    
 155   488227     0.45451795254206         0.78375413509076    
 156   491333     0.46363326796277         0.79159532157452    
 157   490746     0.47397513099305         0.79959582291457    
 158   494938     0.48305222604797         0.80739570765820    
 159   496891     0.49253632323355         0.81543747232768    
 160   496868     0.50194129855230         0.82308291991509    
 161   498943     0.51229318108257         0.83028772544697    
 162   501047     0.52186726787725         0.83724774533908    
 163   502779     0.53181225776401         0.84422194711666    
 164   506168     0.54143184518522         0.85022304537461    
 165   508282     0.55110038463374         0.85640447688527    
 166   509233     0.56033240985875         0.86255990513911    
 167   509802     0.57127595405647         0.86889824366049    
 168   511857     0.58157126093847         0.87470680764178    
 169   516257     0.59222756192320         0.88062318474729    
 170   518681     0.60307606875143         0.88607767840465    
 171   520661     0.61271455757289         0.89085404513857    
 172   523262     0.62281385753537         0.89605206099068    
 173   524958     0.63365586621479         0.90145148032981    
 174   527908     0.64498905284624         0.90616409722688    
 175   532323     0.65577286953910         0.91111094871267    
 176   535027     0.66693852453419         0.91512179589105    
 177   538022     0.67859645268565         0.91998703797275    
 178   540108     0.68906740162020         0.92436260259661    
 179   542479     0.70113103704736         0.92880412735687    
 180   544598     0.71253189735828         0.93269258346476    
 181   549694     0.72474354085666         0.93676773533469    
 182   551159     0.73654582129240         0.94120543598777    
 183   555768     0.74843729158662         0.94479917852710    
 184   557479     0.76045293947891         0.94841006925951    
 185   561847     0.77330917857683         0.95226076984016    
 186   565663     0.78571463316836         0.95592750640989    
 187   569444     0.79882080614230         0.95936982874141    
 188   573779     0.81160517987234         0.96276692055429    
 189   578274     0.82479786589316         0.96615405754384    
 190   581414     0.83851769814589         0.96960573134261    
 191   584617     0.85230410519789         0.97285805473321    
 192   592645     0.86618439211822         0.97608937697825    
 193   594029     0.88057381549545         0.97911078607230    
 194   600381     0.89513381462175         0.98220601845629    
 195   604614     0.91008156007037         0.98517017594302    
 196   610526     0.92545901501396         0.98816108987677    
 197   615133     0.94113234255802         0.99094069019018    
 198   622177     0.95732583526316         0.99368154997527    
 199   626918     0.97407344871350         0.99627852384561    
 200   632869     0.99123758442883         0.99878074599733    
