   1   561687    -0.99343145087519         0.99950828754242    
   2   560018    -0.98036771478283         0.99852368333019    
   3   557293    -0.96745653235616         0.99750395080499    
   4   554342    -0.95472769897786         0.99644554634985    
   5   553920    -0.94199932994437         0.99536963588477    
   6   550606    -0.92956003220720         0.99424556050328    
   7   549025    -0.91710782930083         0.99307088909586    
   8   547445    -0.90480447566311         0.99188271659078    
   9   544718    -0.89263792583526         0.99065850594780    
  10   544612    -0.88058375830773         0.98936728340029    
  11   540692    -0.86861204788585         0.98805732974583    
  12   539622    -0.85678204147727         0.98668605474253    
  13   537821    -0.84489719997123         0.98529189717893    
  14   535514    -0.83322686041088         0.98383787452434    
  15   534395    -0.82179838842546         0.98232199502740    
  16   533785    -0.81021647928880         0.98082747084528    
  17   530573    -0.79881275634032         0.97918672204276    
  18   530038    -0.78742800380881         0.97753223707668    
  19   528422    -0.77629227210260         0.97587118306735    
  20   526296    -0.76499091620254         0.97413962778324    
  21   524289    -0.75389020123155         0.97223014200499    
  22   523145    -0.74294825676200         0.97032371154907    
  23   521126    -0.73207945084601         0.96850641365885    
  24   521086    -0.72110693474147         0.96642250987534    
  25   520091    -0.71027355986621         0.96438359930306    
  26   517202    -0.69962527571924         0.96233285091386    
  27   515637    -0.68873880943783         0.96003196501667    
  28   514428    -0.67828352612092         0.95761038214090    
  29   513729    -0.66792344444865         0.95537391842792    
  30   512135    -0.65721223125237         0.95299509560169    
  31   511710    -0.64681007161156         0.95014813759078    
  32   509727    -0.63635712218256         0.94774208821759    
  33   508748    -0.62606793293416         0.94493132043385    
  34   507365    -0.61584912637779         0.94192437151353    
  35   506431    -0.60576708040287         0.93914744837957    
  36   504932    -0.59510284623158         0.93592017677968    
  37   504777    -0.58536047273012         0.93273257846921    
  38   503342    -0.57531741098521         0.92931363646796    
  39   502602    -0.56512415417121         0.92615186639642    
  40   501121    -0.55540133391975         0.92232684944729    
  41   499511    -0.54530138470253         0.91854304133233    
  42   499456    -0.53564757982995         0.91466749516139    
  43   496468    -0.52536858221825         0.91055509151232    
  44   497905    -0.51572175304355         0.90617868782000    
  45   497045    -0.50591983891254         0.90194726559014    
  46   495383    -0.49628243482924         0.89726539470909    
  47   494054    -0.48636013162080         0.89245677956044    
  48   494613    -0.47682243731073         0.88728662369893    
  49   493155    -0.46705268312506         0.88180241388552    
  50   491105    -0.45772688508165         0.87667617726424    
  51   491306    -0.44795149325434         0.87104578797067    
  52   490186    -0.43833474097015         0.86473513114747    
  53   489303    -0.42930754325978         0.85816197103613    
  54   489447    -0.41964629966455         0.85188467900452    
  55   488551    -0.41032161458276         0.84483124915905    
  56   487573    -0.40050374237371         0.83747152610123    
  57   486554    -0.39120382029386         0.82968745573958    
  58   485089    -0.38207041065493         0.82174984764713    
  59   486476    -0.37292858064857         0.81376358027974    
  60   484953    -0.36325000189348         0.80460406294477    
  61   483570    -0.35420817435735         0.79558098231045    
  62   484436    -0.34478047603172         0.78475769784321    
  63   482972    -0.33564347019782         0.77564836322062    
  64   482548    -0.32590579067721         0.76266840206349    
  65   480729    -0.31746561135188         0.75294654823703    
  66   481688    -0.30792051727886         0.74047793464268    
  67   480290    -0.29903304115627         0.72720363467293    
  68   480615    -0.28969623721568         0.71413304179397    
  69   479925    -0.28072316010133         0.70030015017109    
  70   478969    -0.27167289441814         0.68445213980013    
  71   479209    -0.26247585807441         0.66881834909480    
  72   478462    -0.25364403334043         0.65261397645179    
  73   478083    -0.24436387893920         0.63495604907959    
  74   477833    -0.23569349091020         0.61590264990686    
  75   478505    -0.22647232041783         0.59650032707952    
  76   476262    -0.21720064985639         0.57483570507831    
  77   476720    -0.20831975674204         0.55394755760663    
  78   476405    -0.19968338800892         0.53263689833753    
  79   475763    -0.19044992457224         0.50794315477207    
  80   475563    -0.18221708139609         0.48503886805686    
  81   474970    -0.17286528219449         0.45927820961215    
  82   475215    -0.16391137131918         0.43079465213178    
  83   474712    -0.15465821832105         0.40235463444501    
  84   474353    -0.14585050737497         0.37377137527164    
  85   475453    -0.13728450691301         0.34603427541905    
  86   474132    -0.12786212035015         0.31354794132814    
  87   473078    -0.11895454279165         0.28287611711544    
  88   472842    -0.11074464434150         0.25423617258496    
  89   474070    -0.10161183890339         0.22343497724218    
  90   474019    -0.92700109073110E-01     0.19235067003581    
  91   473176    -0.83770270414693E-01     0.16343041582936    
  92   473351    -0.74760381153161E-01     0.13440961926293    
  93   473632    -0.66092061316995E-01     0.10795196122992    
  94   473411    -0.57019265148772E-01     0.82982104339698E-01
  95   472183    -0.48817218119538E-01     0.62022338315166E-01
  96   473207    -0.39828218916875E-01     0.42258193550143E-01
  97   472473    -0.31218544910523E-01     0.26566563220862E-01
  98   471853    -0.22287742669593E-01     0.13685700119011E-01
  99   472721    -0.13326448954305E-01     0.49977011184054E-02
 100   472916    -0.46072771996463E-02     0.63481694910351E-03
 101   473286     0.46909900004664E-02     0.55940558508243E-03
 102   472715     0.13100349131882E-01     0.45131975639759E-02
 103   472562     0.22526987110081E-01     0.13533874229394E-01
 104   472486     0.30944368216132E-01     0.25228026115332E-01
 105   472721     0.39637357756190E-01     0.40814541956113E-01
 106   473170     0.48388173775299E-01     0.60033885489192E-01
 107   473366     0.57135405745491E-01     0.81815717076627E-01
 108   473849     0.66207351961981E-01     0.10659775675717    
 109   473912     0.75138958380190E-01     0.13401799592832    
 110   473508     0.83706640082191E-01     0.16154843632270    
 111   473699     0.92534788002310E-01     0.19046876589179    
 112   473554     0.10136146456962         0.22082417763534    
 113   473852     0.11048963986160         0.25214624156197    
 114   473815     0.11924988975928         0.28249841877561    
 115   474036     0.12790490854369         0.31239829017953    
 116   474154     0.13660214463483         0.34115004256059    
 117   474500     0.14607409022150         0.37318098053388    
 118   474849     0.15458574302100         0.40044693264164    
 119   474457     0.16376702840910         0.42947427522065    
 120   475325     0.17224025900559         0.45514032142669    
 121   476269     0.18158686227357         0.48197921264153    
 122   476749     0.19065033192706         0.50747514290383    
 123   477393     0.19961771597629         0.53186936486501    
 124   475577     0.20867126793016         0.55380263639419    
 125   477007     0.21736602236978         0.57508379689101    
 126   477563     0.22650285001134         0.59541981852934    
 127   477622     0.23546708416974         0.61622028858232    
 128   478526     0.24461189057416         0.63455813135175    
 129   478397     0.25330968603473         0.65197060428324    
 130   478760     0.26241392185582         0.66800942908431    
 131   479664     0.27140856855843         0.68491189926803    
 132   480019     0.28023554038731         0.69892040282136    
 133   481443     0.29002204771390         0.71455725412324    
 134   481898     0.29918350736978         0.72805875072803    
 135   481663     0.30841930959018         0.74146769735102    
 136   482115     0.31746829368522         0.75280019767635    
 137   482219     0.32609630375743         0.76350644725615    
 138   482930     0.33584740999841         0.77553267746923    
 139   483743     0.34489222808260         0.78586281011881    
 140   483705     0.35404331761415         0.79565535847369    
 141   485546     0.36365769191378         0.80585361366006    
 142   486141     0.37285120571084         0.81438645468894    
 143   486119     0.38203654096373         0.82251872135502    
 144   487289     0.39196000199899         0.83104144576928    
 145   487177     0.40066875121345         0.83824897860508    
 146   489612     0.41046366286030         0.84622599329310    
 147   489304     0.41979577830146         0.85276642430192    
 148   490649     0.42935890773794         0.85975023619752    
 149   489886     0.43888630649282         0.86559250118101    
 150   491089     0.44844994152367         0.87181701780563    
 151   490939     0.45783075471919         0.87706011581300    
 152   492562     0.46758676521883         0.88287515198705    
 153   494758     0.47738602471811         0.88829778842114    
 154   494033     0.48700623202762         0.89344248496884    
 155   495479     0.49668259652842         0.89803319716752    
 156   496056     0.50604571860708         0.90239258766255    
 157   497772     0.51605682027962         0.90686130941895    
 158   498482     0.52591640486540         0.91138970839261    
 159   500587     0.53605299367084         0.91518355799404    
 160   499378     0.54577925563717         0.91925630999194    
 161   501060     0.55566259077662         0.92269736241978    
 162   502276     0.56586351149801         0.92632644215125    
 163   504148     0.57557503564277         0.92956173899303    
 164   503729     0.58592737087442         0.93300314476133    
 165   504074     0.59614383783425         0.93616241207266    
 166   506835     0.60620262873067         0.93925037650437    
 167   506713     0.61642856094960         0.94222066794650    
 168   507942     0.62686260264964         0.94475137157379    
 169   509437     0.63705050717573         0.94767117302420    
 170   511809     0.64737189029891         0.95008988169717    
 171   512474     0.65771425892021         0.95260082236380    
 172   513455     0.66823245109949         0.95501286713269    
 173   514265     0.67890447435562         0.95746673917635    
 174   516983     0.68929398375688         0.95971541846330    
 175   517278     0.70015829704236         0.96187980577772    
 176   517484     0.71110965611897         0.96416672536639    
 177   519418     0.72165461858795         0.96606734266066    
 178   521610     0.73249125261147         0.96809946371840    
 179   522611     0.74344794531759         0.97006453263255    
 180   524878     0.75450853818350         0.97184931443603    
 181   526418     0.76552150922133         0.97373495707085    
 182   527546     0.77661149492123         0.97538737348160    
 183   528733     0.78785576690392         0.97715503681246    
 184   530744     0.79915323692038         0.97883713168961    
 185   531612     0.81050068742048         0.98043337455471    
 186   533494     0.82209115417866         0.98205916441186    
 187   536661     0.83356270603341         0.98355749986843    
 188   536441     0.84523916482010         0.98498274550127    
 189   538521     0.85699814289896         0.98643847441392    
 190   540828     0.86889955201606         0.98784861603722    
 191   542243     0.88075587602587         0.98915440948267    
 192   545043     0.89274459425727         0.99049649386241    
 193   546959     0.90495701016881         0.99176524649682    
 194   548260     0.91727347298990         0.99298451669849    
 195   550758     0.92956521994316         0.99417244668462    
 196   551805     0.94212046870675         0.99532580325673    
 197   554935     0.95468088441398         0.99643548424025    
 198   557169     0.96749205634089         0.99750198478610    
 199   559007     0.98038347063140         0.99852666590625    
 200   561513     0.99343379073794         0.99950923378940    
