   1   526541    -0.99436147859516         0.99979778344139    
   2   526025    -0.98309326014785         0.99940611992618    
   3   524965    -0.97188309504717         0.99899996165692    
   4   522672    -0.96071118777791         0.99857133045752    
   5   524214    -0.94965810065917         0.99814853804508    
   6   523658    -0.93842991539483         0.99770590916041    
   7   522574    -0.92746294290660         0.99725651889184    
   8   518304    -0.91655349419729         0.99677950552035    
   9   518827    -0.90546328430936         0.99629653771770    
  10   521172    -0.89449281421528         0.99573365734292    
  11   521638    -0.88363396984465         0.99523894386481    
  12   516682    -0.87296190156888         0.99474454339588    
  13   515397    -0.86199387630175         0.99414315723181    
  14   514218    -0.85121211494371         0.99358040109227    
  15   517592    -0.84036571978550         0.99293810297096    
  16   517040    -0.82974101096279         0.99232849697893    
  17   517499    -0.81901758508118         0.99171508950288    
  18   513130    -0.80865845986484         0.99111425213036    
  19   510992    -0.79780487002505         0.99037880702133    
  20   510236    -0.78743252736147         0.98968233818842    
  21   511333    -0.77678333569564         0.98883687687874    
  22   510467    -0.76618132932959         0.98809838593129    
  23   511198    -0.75556400619882         0.98739452152578    
  24   509892    -0.74521010408810         0.98660239722557    
  25   508654    -0.73516056035895         0.98579431289356    
  26   508533    -0.72476671120587         0.98483378905171    
  27   507343    -0.71411300687220         0.98377108104402    
  28   507730    -0.70370396246786         0.98277080220374    
  29   507109    -0.69367639526603         0.98187575138477    
  30   505322    -0.68325698081773         0.98085969504396    
  31   506468    -0.67284002716742         0.97980493231576    
  32   506923    -0.66297053826952         0.97875751569579    
  33   502966    -0.65213410311896         0.97734041491475    
  34   501766    -0.64243184297046         0.97619869737853    
  35   504481    -0.63259632422130         0.97510000012623    
  36   503351    -0.62217219732270         0.97367452317009    
  37   505319    -0.61203723764068         0.97215727931499    
  38   503259    -0.60187401125718         0.97061297420454    
  39   503796    -0.59180115213336         0.96908753903252    
  40   501075    -0.58178510902209         0.96754212769465    
  41   499434    -0.57175930683802         0.96573051627644    
  42   498418    -0.56228757819371         0.96403707340879    
  43   497991    -0.55155224883191         0.96213108784606    
  44   499456    -0.54141333526097         0.95985857212283    
  45   498299    -0.53181764060178         0.95809445760117    
  46   495773    -0.52149121162657         0.95599180703572    
  47   499625    -0.51228879920643         0.95391125409222    
  48   498177    -0.50235623926170         0.95140195961987    
  49   498570    -0.49245002135755         0.94908460003136    
  50   495733    -0.48237548727082         0.94678100869554    
  51   494861    -0.47274685338191         0.94358971444684    
  52   495495    -0.46284864805042         0.94070452656873    
  53   496624    -0.45310389896329         0.93765882726717    
  54   495558    -0.44346431555298         0.93444525639905    
  55   495223    -0.43377713530918         0.93098167429729    
  56   495978    -0.42413852593964         0.92744157117485    
  57   495907    -0.41424299433465         0.92377493548492    
  58   493577    -0.40426984334792         0.91930456950798    
  59   494673    -0.39424399095994         0.91429351725966    
  60   494653    -0.38455032321542         0.90999479454967    
  61   493147    -0.37513505739172         0.90548544672797    
  62   491106    -0.36569218799950         0.89969489280121    
  63   489373    -0.35642118878459         0.89456077601100    
  64   491197    -0.34665508171002         0.88919961072685    
  65   491047    -0.33667999463894         0.88133999609159    
  66   492078    -0.32678536829296         0.87439642612060    
  67   491307    -0.31718045443065         0.86591617018775    
  68   492269    -0.30777017558910         0.85939159498742    
  69   491158    -0.29864653810034         0.85043279702591    
  70   489750    -0.28882046015865         0.84191740583746    
  71   489471    -0.27902684062604         0.83104334581472    
  72   489214    -0.26963939829358         0.82041078431852    
  73   490168    -0.25929913503742         0.80774887027591    
  74   488510    -0.25058090417206         0.79654252298773    
  75   488328    -0.24108735238729         0.78359736805847    
  76   490030    -0.23224004019907         0.77006923174408    
  77   489979    -0.22284341204786         0.75368374664188    
  78   488511    -0.21286204262361         0.73525575783160    
  79   489018    -0.20300609429039         0.71536553507616    
  80   488111    -0.19371496242784         0.69315155333355    
  81   489734    -0.18374661556822         0.67159437016730    
  82   487787    -0.17502514143461         0.65080079152746    
  83   487733    -0.16545114346310         0.62327188523518    
  84   488168    -0.15615644558763         0.59423008316313    
  85   488231    -0.14610414873291         0.55960087987580    
  86   487272    -0.13661910389254         0.52693016529377    
  87   487568    -0.12748610711208         0.49137456190756    
  88   488402    -0.11809419422728         0.45201373942669    
  89   490473    -0.10879585694361         0.41169960536842    
  90   489627    -0.98590194604498E-01     0.36562649075595    
  91   489721    -0.89637041320220E-01     0.32145840539423    
  92   488257    -0.79337002636273E-01     0.27196786595155    
  93   484930    -0.70508531866368E-01     0.22704393510794    
  94   487563    -0.61484876059518E-01     0.18311195830871    
  95   485927    -0.52549564450715E-01     0.14064163021309    
  96   486129    -0.42156139465707E-01     0.95223247396541E-01
  97   488994    -0.32984933523671E-01     0.60242561289561E-01
  98   488047    -0.23083861982779E-01     0.30711035366732E-01
  99   489093    -0.13628817481230E-01     0.11023454809568E-01
 100   487318    -0.50039848526130E-02     0.15356497896226E-02
 101   489059     0.41809643630659E-02     0.97402099884918E-03
 102   486415     0.13369508777692E-01     0.10283175390779E-01
 103   484462     0.22887942391359E-01     0.29777153171709E-01
 104   485039     0.33219176732831E-01     0.60594636990150E-01
 105   484851     0.42522712953304E-01     0.96024073122303E-01
 106   487327     0.51656798297832E-01     0.13551036798915    
 107   486112     0.61674545961440E-01     0.18255306938446    
 108   488085     0.71269243625689E-01     0.23008876880837    
 109   489975     0.79790882706026E-01     0.27281250818438    
 110   484831     0.89303441409566E-01     0.32207900400039    
 111   485854     0.98133016950736E-01     0.36443702222455    
 112   486929     0.10822604600969         0.41185884927143    
 113   486671     0.11828882816627         0.45676289237438    
 114   488710     0.12766086760310         0.49307925938354    
 115   486957     0.13730403312860         0.52986536726340    
 116   491690     0.14690265663639         0.56539852658548    
 117   490722     0.15570491814726         0.59483161085507    
 118   489072     0.16527887813989         0.62298132110322    
 119   491695     0.17458624460631         0.64929393509525    
 120   489167     0.18431092138480         0.67542309602135    
 121   489209     0.19326448101596         0.69668709723969    
 122   489158     0.20306119516596         0.71830825686921    
 123   488208     0.21243479663251         0.73453136059621    
 124   488652     0.22236310877508         0.75358878488591    
 125   487860     0.23230295688093         0.77200941061925    
 126   491241     0.24159792896134         0.78621502477201    
 127   489390     0.25070417467186         0.79860789437782    
 128   490042     0.25970515656488         0.80904138025086    
 129   491555     0.26985855402010         0.82120185702988    
 130   486301     0.27961654292286         0.83278985007337    
 131   491007     0.28887075077778         0.84327802489913    
 132   489334     0.29850290032987         0.85318601201125    
 133   490745     0.30856627772086         0.86209688834125    
 134   491476     0.31749787345068         0.86873426895679    
 135   493420     0.32690500097511         0.87562823005542    
 136   492476     0.33649635508842         0.88234280520669    
 137   489534     0.34637161815573         0.88914528345902    
 138   491638     0.35681426656836         0.89579219014869    
 139   493491     0.36630464892250         0.90210551298797    
 140   493322     0.37522402549434         0.90647114508295    
 141   494136     0.38539504912266         0.91110051794038    
 142   492548     0.39469094233054         0.91565781415660    
 143   492390     0.40454933949899         0.92004000785012    
 144   495300     0.41446535123223         0.92407560519286    
 145   497274     0.42420764522796         0.92787526169167    
 146   495057     0.43411739246890         0.93167631699499    
 147   495429     0.44353071173853         0.93501645608890    
 148   496285     0.45290251201805         0.93827140977291    
 149   491600     0.46314960544581         0.94157979856100    
 150   494878     0.47257858065213         0.94399887500048    
 151   496767     0.48247975045245         0.94691852297944    
 152   500631     0.49303196569634         0.94959189968627    
 153   499372     0.50285388647669         0.95151238932205    
 154   500395     0.51321710453301         0.95437560097830    
 155   497914     0.52289666903899         0.95672388305334    
 156   500215     0.53257524973952         0.95834006057666    
 157   501357     0.54193473650253         0.96024479897230    
 158   497097     0.55152832780040         0.96229696098297    
 159   498481     0.56168622393412         0.96444630459410    
 160   497208     0.57239125505411         0.96599292165050    
 161   498712     0.58231526303819         0.96760168372875    
 162   499961     0.59202977512188         0.96895227872347    
 163   502116     0.60276730124492         0.97055171187424    
 164   503740     0.61285095977214         0.97204545336052    
 165   506024     0.62313729642699         0.97351329873886    
 166   505416     0.63240312566524         0.97482786142260    
 167   504687     0.64224594204384         0.97616346239557    
 168   504372     0.65256336609225         0.97734359936639    
 169   502402     0.66308804950108         0.97847829904872    
 170   501439     0.67324487817372         0.97973999169766    
 171   503663     0.68316850676878         0.98064098792770    
 172   505675     0.69375860619489         0.98167668469523    
 173   510077     0.70456110083942         0.98276611959845    
 174   512678     0.71443322596272         0.98359994518774    
 175   510281     0.72468656479403         0.98470840795862    
 176   508378     0.73494590947657         0.98552593656841    
 177   505815     0.74553882180287         0.98641834860865    
 178   506885     0.75591229463380         0.98721045604908    
 179   506567     0.76649797941883         0.98799966404294    
 180   512988     0.77687733041148         0.98876077375637    
 181   513647     0.78732834050471         0.98953715519178    
 182   514621     0.79827874130712         0.99027270504553    
 183   516141     0.80880217264332         0.99095087768127    
 184   518850     0.81909533520407         0.99167535677673    
 185   513356     0.83010532787814         0.99234095336421    
 186   512155     0.84065021964052         0.99288631090091    
 187   514790     0.85131764606045         0.99347881967955    
 188   516667     0.86203977177828         0.99405531056019    
 189   515232     0.87315058151136         0.99469192575997    
 190   518694     0.88385663766548         0.99520113898243    
 191   521517     0.89457196613208         0.99573465711728    
 192   522521     0.90555009967332         0.99625822003047    
 193   518687     0.91645080872072         0.99673113376571    
 194   516215     0.92756231963116         0.99722018133532    
 195   524554     0.93845333350425         0.99770137611419    
 196   525793     0.94957984001517         0.99814345401965    
 197   523761     0.96077508550430         0.99856542440267    
 198   523941     0.97196715087634         0.99899107669490    
 199   525034     0.98307678070874         0.99940394987128    
 200   526799     0.99435517187429         0.99979823104967    
