   1   646519    -0.99078427609444         0.99861285056096    
   2   639574    -0.97279372592768         0.99579573675831    
   3   632616    -0.95539839133846         0.99285695591306    
   4   627078    -0.93863065452524         0.98982894779940    
   5   620831    -0.92236523141767         0.98676184266498    
   6   615044    -0.90643337442274         0.98356824595431    
   7   609412    -0.89103178765765         0.98028070949945    
   8   603480    -0.87584798454425         0.97687077150761    
   9   599396    -0.86098412989347         0.97344548328058    
  10   593981    -0.84690771776916         0.96994052459658    
  11   589074    -0.83270168380867         0.96629303109131    
  12   583958    -0.81878225854403         0.96254238372357    
  13   579848    -0.80531005403958         0.95885313703154    
  14   576234    -0.79226006558776         0.95494594846363    
  15   572433    -0.77902305964738         0.95100617889723    
  16   566914    -0.76621385317601         0.94691040867458    
  17   563609    -0.75371797274083         0.94292716393148    
  18   559763    -0.74133181245985         0.93866808198418    
  19   556289    -0.72910926879469         0.93425897107860    
  20   551076    -0.71689054237457         0.92980905487631    
  21   549963    -0.70494154622427         0.92532277617306    
  22   545851    -0.69351948113865         0.92083910481231    
  23   542087    -0.68205128279038         0.91615426379240    
  24   538756    -0.67045903596825         0.91121186733643    
  25   535387    -0.65978170253252         0.90622987884636    
  26   532294    -0.64826753595881         0.90104717440007    
  27   529479    -0.63719830178707         0.89551268518715    
  28   526365    -0.62648209477228         0.89014927891393    
  29   523369    -0.61581825331739         0.88508079162233    
  30   521640    -0.60509981037474         0.87910902640213    
  31   519248    -0.59484585492841         0.87322067885306    
  32   516568    -0.58427094248776         0.86694052809627    
  33   513188    -0.57395410621824         0.86144427639458    
  34   510842    -0.56389309766207         0.85484525578622    
  35   509865    -0.55377600987709         0.84871353017601    
  36   505954    -0.54432131333228         0.84164652644703    
  37   503920    -0.53367651204764         0.83458370003946    
  38   501795    -0.52410100962109         0.82806282014793    
  39   499584    -0.51420840926124         0.82071753355297    
  40   498490    -0.50498449153598         0.81369859907521    
  41   495673    -0.49547990348364         0.80575302082242    
  42   494258    -0.48611921140813         0.79829322097971    
  43   492500    -0.47643943678471         0.78987126075566    
  44   490355    -0.46730109068461         0.78218337342601    
  45   488432    -0.45795827926553         0.77286425073257    
  46   486177    -0.44848519020715         0.76432484480167    
  47   485334    -0.43911260468997         0.75482664884361    
  48   483196    -0.43021146334044         0.74605293053455    
  49   482013    -0.42085607950693         0.73588624467986    
  50   480216    -0.41217817789501         0.72609199816029    
  51   478818    -0.40346880494780         0.71660201887697    
  52   478600    -0.39480482639627         0.70549301944266    
  53   475893    -0.38570158132042         0.69409856034974    
  54   473288    -0.37697459686127         0.68260851443545    
  55   472887    -0.36857243715395         0.67201747279352    
  56   472138    -0.35926394040391         0.65918424532870    
  57   471123    -0.35046837870966         0.64716510116930    
  58   468646    -0.34201894011424         0.63447167780490    
  59   468163    -0.33411234385306         0.62262208056535    
  60   466962    -0.32523950546747         0.60785423042409    
  61   465069    -0.31658283327175         0.59428217123206    
  62   463812    -0.30872209125040         0.58120672104262    
  63   463372    -0.29979906653717         0.56612702849962    
  64   462983    -0.29153818045001         0.55147938655528    
  65   461551    -0.28316480483961         0.53665564290403    
  66   460457    -0.27454114540661         0.51944317567534    
  67   459066    -0.26704691164334         0.50478955739758    
  68   457690    -0.25816113134501         0.48713585699242    
  69   457833    -0.24997266278457         0.46922348539958    
  70   457113    -0.24177527027088         0.45348908972015    
  71   456899    -0.23386030698070         0.43478702463537    
  72   456299    -0.22538852766759         0.41680090860968    
  73   454608    -0.21791540638611         0.40053973364723    
  74   454569    -0.20992123066651         0.38162178815623    
  75   452861    -0.20171127727043         0.36276809945047    
  76   453655    -0.19355696853810         0.34330908776860    
  77   451773    -0.18486969818418         0.32194395207012    
  78   451613    -0.17792830743159         0.30605084613263    
  79   451628    -0.16980097302556         0.28531243948376    
  80   449255    -0.16166013604224         0.26530070970908    
  81   450316    -0.15314191465816         0.24428724652468    
  82   449222    -0.14556576065694         0.22572522793263    
  83   448539    -0.13775384605434         0.20755398049667    
  84   448075    -0.12927254345971         0.18652194596069    
  85   448234    -0.12185827942344         0.16957739526824    
  86   447251    -0.11388617898633         0.15100161578534    
  87   447601    -0.10576614735137         0.13346283272174    
  88   446756    -0.97939297789106E-01     0.11601713215583    
  89   446619    -0.90394462599956E-01     0.10047721557673    
  90   445877    -0.82457867943828E-01     0.85087171127906E-01
  91   445946    -0.74295645482091E-01     0.70278504197270E-01
  92   446413    -0.66904188634558E-01     0.57688380779929E-01
  93   445022    -0.59397302255641E-01     0.46015224299702E-01
  94   445440    -0.50955687423798E-01     0.34649774586023E-01
  95   445609    -0.42730216300660E-01     0.24391128768841E-01
  96   444691    -0.35705300610918E-01     0.17243750680987E-01
  97   445288    -0.27157366765487E-01     0.99419627629610E-02
  98   443968    -0.19876735315710E-01     0.54365365464599E-02
  99   445815    -0.11891673005048E-01     0.20271102206002E-02
 100   445402    -0.41686182233261E-02     0.27229257619810E-03
 101   445078     0.36355100924805E-02     0.16298084470819E-03
 102   444369     0.11265913368061E-01     0.16542202993721E-02
 103   444806     0.19275813245188E-01     0.49320427157751E-02
 104   445899     0.26773679607073E-01     0.93678906657911E-02
 105   445364     0.34370904278513E-01     0.15719183369698E-01
 106   445888     0.42537583172028E-01     0.23614607639094E-01
 107   445842     0.50111645402315E-01     0.32564638833096E-01
 108   446011     0.58598292490870E-01     0.44113836159140E-01
 109   447417     0.65454372694967E-01     0.54606999051734E-01
 110   445193     0.73484796947342E-01     0.67916394559018E-01
 111   446909     0.82111670195039E-01     0.83931171626956E-01
 112   446790     0.89596837706907E-01     0.98111144095082E-01
 113   447150     0.97313069157496E-01     0.11393612261289    
 114   447549     0.10535943721860         0.13116139164703    
 115   448492     0.11351629036356         0.14954377381334    
 116   447892     0.12103294314236         0.16673486031797    
 117   448822     0.12922906337160         0.18610649584522    
 118   448459     0.13695199019644         0.20444644413843    
 119   448588     0.14471180350179         0.22420450820261    
 120   450291     0.15320990120820         0.24460057094337    
 121   449983     0.16074978940604         0.26313099703875    
 122   450863     0.16882633408913         0.28261630158186    
 123   451693     0.17641382339500         0.30195988472037    
 124   452993     0.18498942627228         0.32221003787189    
 125   452832     0.19316401423854         0.34230955883759    
 126   453536     0.20088853205320         0.36077723053401    
 127   454763     0.20925957789834         0.37934536689506    
 128   454486     0.21676582723791         0.39730631212251    
 129   455308     0.22535362181849         0.41703498713469    
 130   457235     0.23308698750691         0.43384353591010    
 131   456826     0.24115988475565         0.45169000618676    
 132   458918     0.25017381897536         0.46998301288415    
 133   459145     0.25809992544809         0.48685905882474    
 134   460122     0.26643859147848         0.50440019857394    
 135   460174     0.27402073871208         0.51793435454658    
 136   462171     0.28276630820751         0.53546805014006    
 137   463088     0.29141906287627         0.55092247312571    
 138   464267     0.29952198474010         0.56558249857030    
 139   464579     0.30807437628252         0.58056837153105    
 140   466214     0.31707925768995         0.59546019972053    
 141   467274     0.32503064029166         0.60881708343617    
 142   468007     0.33414028252220         0.62324041835294    
 143   468842     0.34238847853576         0.63565178798481    
 144   470290     0.35025855224595         0.64707782944582    
 145   471772     0.35972190599236         0.65981895521275    
 146   473585     0.36799097928715         0.67173953254062    
 147   475531     0.37645743507284         0.68290800064246    
 148   476485     0.38572079185073         0.69491918194153    
 149   476939     0.39489561661207         0.70619746422367    
 150   478942     0.40344083945407         0.71638633905058    
 151   481367     0.41232402844188         0.72673427398580    
 152   482796     0.42129543938378         0.73677837733865    
 153   483754     0.43058633738285         0.74613642769859    
 154   485700     0.43931325527940         0.75541353990489    
 155   487513     0.44838520587402         0.76413884525885    
 156   488305     0.45752176036124         0.77272274798252    
 157   490757     0.46666212993597         0.78178758853823    
 158   493020     0.47669355393682         0.79077560273460    
 159   494158     0.48563854314742         0.79789561747717    
 160   496473     0.49563280389442         0.80620275111461    
 161   498647     0.50512319609582         0.81361985030674    
 162   500693     0.51484197669237         0.82171073331228    
 163   502484     0.52422627778447         0.82812501692496    
 164   504698     0.53414761934511         0.83545815669711    
 165   507376     0.54389780357810         0.84186501171618    
 166   509853     0.55386179816740         0.84895864115516    
 167   511980     0.56438354321085         0.85546727403311    
 168   513872     0.57460758425294         0.86211003481425    
 169   516456     0.58501047141142         0.86790349886409    
 170   518464     0.59519224756013         0.87396024998004    
 171   521786     0.60589880899440         0.87981433239759    
 172   524830     0.61627554773038         0.88535497531267    
 173   526602     0.62726120279485         0.89080309377288    
 174   529937     0.63754717950490         0.89592547158453    
 175   532462     0.64866788812769         0.90106022121119    
 176   536061     0.66015097716980         0.90632617708295    
 177   539388     0.67137904155402         0.91140994780061    
 178   542154     0.68230933467884         0.91579756345994    
 179   545192     0.69379737821632         0.92079630612194    
 180   549096     0.70602507047194         0.92542814086553    
 181   553042     0.71732626450005         0.92974399614676    
 182   555458     0.72947207171199         0.93421840714920    
 183   559156     0.74162014587829         0.93827185765925    
 184   563810     0.75399279304297         0.94253699863816    
 185   566977     0.76693421976760         0.94658520195014    
 186   571693     0.77933168986692         0.95043286928781    
 187   575609     0.79267338353592         0.95457506879766    
 188   579406     0.80595297351295         0.95842579158668    
 189   583494     0.81918133396880         0.96208040206372    
 190   588849     0.83294119146496         0.96591642805823    
 191   592599     0.84710352097737         0.96945206512780    
 192   598995     0.86141174623735         0.97307600905369    
 193   603185     0.87601772304086         0.97655131450298    
 194   609178     0.89112527103546         0.97993310044288    
 195   613932     0.90643797993237         0.98327225156045    
 196   619316     0.92231177070097         0.98658288490861    
 197   626626     0.93861429020346         0.98977580542617    
 198   633207     0.95536902237491         0.99283074659729    
 199   639391     0.97279216329416         0.99580117484300    
 200   645894     0.99077849243671         0.99862632757229    
