   1   519744    -0.99452960578125         0.99985044707244    
   2   518995    -0.98360889577503         0.99956420916375    
   3   518495    -0.97271523544007         0.99926796950124    
   4   517774    -0.96185941944786         0.99896468281629    
   5   517887    -0.95102170190700         0.99865052603370    
   6   516514    -0.94021786716039         0.99832399409362    
   7   515524    -0.92943753588871         0.99799878000731    
   8   515654    -0.91871809426720         0.99764618688545    
   9   515432    -0.90797052444620         0.99729223786498    
  10   514675    -0.89731597051370         0.99692933217368    
  11   512514    -0.88660161944770         0.99654785254923    
  12   514190    -0.87606816146364         0.99614623314488    
  13   512841    -0.86536074205544         0.99574593930220    
  14   512634    -0.85478259739285         0.99534988658562    
  15   512098    -0.84424297894200         0.99487590350298    
  16   510156    -0.83369905334910         0.99443097748085    
  17   511284    -0.82330781768825         0.99396702938781    
  18   509792    -0.81266078891249         0.99348213154559    
  19   509562    -0.80226325372263         0.99298766286397    
  20   508952    -0.79192826576508         0.99249895983378    
  21   509163    -0.78142923339584         0.99190429538255    
  22   509245    -0.77102727105034         0.99135267537838    
  23   507441    -0.76065840179957         0.99076784814212    
  24   506674    -0.75034236194680         0.99016655388994    
  25   507787    -0.74007237107233         0.98952150825151    
  26   506546    -0.72977775344116         0.98889957817132    
  27   505212    -0.71947254402069         0.98817927290516    
  28   505174    -0.70910109638361         0.98750170725973    
  29   505920    -0.69888897061828         0.98675305267748    
  30   503940    -0.68877013702827         0.98592764578811    
  31   504133    -0.67850377432435         0.98516719980771    
  32   503806    -0.66834969406754         0.98428986295979    
  33   503242    -0.65818787980231         0.98340842677485    
  34   503975    -0.64822481588849         0.98256373866836    
  35   502247    -0.63809269110217         0.98164402329019    
  36   502589    -0.62764358524463         0.98051634372928    
  37   501621    -0.61785967873455         0.97960435300266    
  38   501126    -0.60763477987880         0.97845660018588    
  39   500983    -0.59761847568273         0.97731988018182    
  40   501253    -0.58749671892924         0.97605234046119    
  41   500084    -0.57769197889808         0.97490785895049    
  42   500558    -0.56766521604056         0.97351688613978    
  43   500226    -0.55765869153973         0.97217461019705    
  44   499971    -0.54763202003226         0.97078278443575    
  45   498752    -0.53762687998534         0.96917026278773    
  46   499113    -0.52768306740508         0.96758200383094    
  47   497827    -0.51787154796537         0.96593028345276    
  48   499069    -0.50802711432871         0.96414081007580    
  49   497901    -0.49799623055155         0.96227599209903    
  50   498031    -0.48790772010766         0.96021542336152    
  51   496440    -0.47822832841374         0.95837720999809    
  52   496465    -0.46830883836088         0.95589969254913    
  53   496727    -0.45872415734236         0.95370097145578    
  54   496378    -0.44876172670249         0.95120589861361    
  55   496359    -0.43879212577425         0.94858937050653    
  56   495729    -0.42924623562334         0.94587140918364    
  57   496687    -0.41921607528875         0.94287867065591    
  58   495611    -0.40944396487346         0.93976909828128    
  59   493541    -0.39965318765404         0.93615905409052    
  60   494572    -0.38991030422658         0.93303165586484    
  61   494758    -0.38022896543190         0.92868925671459    
  62   495974    -0.37046964558971         0.92502523445757    
  63   493855    -0.36053627841958         0.92030278423059    
  64   494317    -0.35089930430752         0.91563214135428    
  65   494222    -0.34147739685728         0.91104173301607    
  66   493976    -0.33141420159936         0.90519130798636    
  67   492764    -0.32170497395366         0.89935963885950    
  68   494247    -0.31250548114988         0.89324880660009    
  69   493193    -0.30240038968710         0.88644153765961    
  70   491735    -0.29279501314327         0.87918324919182    
  71   493324    -0.28285218505533         0.87054400686093    
  72   492837    -0.27362772178807         0.86265273708847    
  73   493200    -0.26385750627166         0.85291780441961    
  74   492722    -0.25424816365544         0.84286364569999    
  75   491333    -0.24429182592743         0.83085442201208    
  76   491797    -0.23504471371816         0.81974203604681    
  77   491886    -0.22503698041807         0.80549983696667    
  78   491352    -0.21563071122452         0.79141513174850    
  79   492926    -0.20602673648462         0.77470152826280    
  80   490698    -0.19615663800786         0.75679436522103    
  81   491730    -0.18698281994979         0.73794226834933    
  82   491701    -0.17713496168640         0.71615807242350    
  83   491294    -0.16777802058348         0.69309176428182    
  84   491008    -0.15776078433333         0.66580960318255    
  85   491338    -0.14850918487775         0.63660639991036    
  86   490276    -0.13894329747176         0.60492635754538    
  87   490612    -0.12934426826596         0.56983732638079    
  88   491028    -0.11941139517841         0.53102038155215    
  89   490385    -0.10999667882280         0.48829077389476    
  90   490368    -0.10056189476464         0.44334788748153    
  91   490220    -0.90564064045371E-01     0.39177798624527    
  92   490471    -0.81429688319104E-01     0.34316198114462    
  93   490618    -0.71788059410548E-01     0.28838373889333    
  94   490089    -0.62174766714661E-01     0.23309609282860    
  95   492102    -0.52568973627041E-01     0.17840332740160    
  96   489570    -0.42944753973538E-01     0.12655049133944    
  97   491298    -0.33450152665878E-01     0.80719353029007E-01
  98   489470    -0.23811510092570E-01     0.42744107886910E-01
  99   490945    -0.14518171891813E-01     0.16376786397870E-01
 100   490717    -0.50304289307575E-02     0.20451390120542E-02
 101   490556     0.46844342529685E-02     0.16774388290988E-02
 102   490553     0.14295937141958E-01     0.15553767322186E-01
 103   490175     0.23941755936199E-01     0.42758605220392E-01
 104   490459     0.33360252203402E-01     0.79671847514674E-01
 105   489013     0.43234463023584E-01     0.12766210114558    
 106   490917     0.52782217225736E-01     0.17864555338985    
 107   490575     0.61846534499421E-01     0.23042438839690    
 108   490995     0.71644653207838E-01     0.28783291496924    
 109   490560     0.81470224773199E-01     0.34309301345080    
 110   490529     0.91012928117635E-01     0.39503059893927    
 111   491463     0.10041274625561         0.44371362934490    
 112   490483     0.10979873205953         0.48868102342138    
 113   491839     0.11959297926089         0.53063825334346    
 114   489740     0.12923605804717         0.57113565718408    
 115   491057     0.13864777213861         0.60559595845034    
 116   491967     0.14832970712179         0.63812807163601    
 117   489891     0.15808754468775         0.66744928703969    
 118   491451     0.16761169918689         0.69410895091330    
 119   490925     0.17726924405103         0.71775743548762    
 120   490838     0.18673367226743         0.73910997759046    
 121   492185     0.19662098183327         0.75907247335487    
 122   491655     0.20591777069391         0.77642129707740    
 123   493225     0.21567476708507         0.79315084106034    
 124   492055     0.22526148279761         0.80759692536393    
 125   491556     0.23479467814888         0.82077823236551    
 126   491348     0.24448382422614         0.83243443421365    
 127   491921     0.25422166855743         0.84362876261975    
 128   492982     0.26391926904482         0.85483894951956    
 129   492733     0.27360308779347         0.86428094624009    
 130   493346     0.28295496213738         0.87214070413141    
 131   493293     0.29313927869510         0.88050385829715    
 132   491914     0.30245506238534         0.88743502436650    
 133   492981     0.31228287032747         0.89459679314737    
 134   495222     0.32184490947916         0.90074267088548    
 135   494330     0.33169405665786         0.90619451857392    
 136   493525     0.34130125826902         0.91143729968975    
 137   493994     0.35111993679436         0.91680820614800    
 138   493899     0.36075970537855         0.92153885892645    
 139   495539     0.37061700825280         0.92568506125934    
 140   495043     0.38030214476628         0.92998987047892    
 141   494693     0.38992849162951         0.93333531850065    
 142   495340     0.40002792400799         0.93714545836010    
 143   494821     0.40986465334731         0.94053820862151    
 144   495385     0.41951957026136         0.94361112650750    
 145   495277     0.42887678504400         0.94628311627934    
 146   497224     0.43910652154132         0.94909755318472    
 147   496456     0.44895606302514         0.95172660518046    
 148   496563     0.45869314732007         0.95423230889642    
 149   496567     0.46878114013047         0.95657049321398    
 150   498189     0.47828219144635         0.95869548516509    
 151   497629     0.48840031489557         0.96060085802181    
 152   497932     0.49832213064134         0.96267962814816    
 153   497384     0.50811829085444         0.96447260827333    
 154   497676     0.51812915142603         0.96619438124319    
 155   499115     0.52786178619149         0.96775711253406    
 156   499847     0.53773389378253         0.96933276867816    
 157   499455     0.54774064610843         0.97087079572621    
 158   500197     0.55787977742542         0.97233630408843    
 159   499908     0.56795773241662         0.97379186555144    
 160   499311     0.57784756837928         0.97501906406161    
 161   501578     0.58786743924210         0.97626276157115    
 162   501218     0.59790581836889         0.97739970303620    
 163   500694     0.60790180080410         0.97849740146346    
 164   502249     0.61802439064354         0.97955288804782    
 165   502570     0.62804831684057         0.98057187206966    
 166   502001     0.63815730548292         0.98160230396364    
 167   502548     0.64818176550840         0.98249505403163    
 168   504651     0.65841595614835         0.98343601286521    
 169   503059     0.66855039061548         0.98429034446571    
 170   504484     0.67890406981023         0.98513703549742    
 171   504094     0.68893446981688         0.98592295413752    
 172   505293     0.69919504013269         0.98671268975622    
 173   505045     0.70935228206988         0.98743074957180    
 174   505559     0.71972776709230         0.98814163116323    
 175   507095     0.72991567335776         0.98879960884234    
 176   507401     0.74018833190839         0.98942369445571    
 177   506046     0.75053597425951         0.99009326058831    
 178   508055     0.76096684105884         0.99070492341129    
 179   507539     0.77109801137225         0.99126232051148    
 180   508819     0.78159237235694         0.99187613591607    
 181   507570     0.79201728505248         0.99240412095990    
 182   510717     0.80238579184951         0.99290792160883    
 183   509919     0.81288772500463         0.99340716888545    
 184   510818     0.82333159974706         0.99389535324786    
 185   510285     0.83386632429616         0.99440617566868    
 186   511903     0.84436922776514         0.99483309789420    
 187   512152     0.85486129427781         0.99527540484861    
 188   512894     0.86551599627448         0.99571120413962    
 189   512314     0.87604276830634         0.99611825498165    
 190   513456     0.88673321521062         0.99651478529220    
 191   515300     0.89738452199814         0.99690063619465    
 192   513752     0.90800791788897         0.99727431612710    
 193   516021     0.91874534084238         0.99763413983155    
 194   516043     0.92947534763746         0.99797275692766    
 195   516047     0.94024704141133         0.99832686278952    
 196   517570     0.95104989844161         0.99864261342473    
 197   517293     0.96186549402941         0.99896278909131    
 198   518271     0.97272182514129         0.99926667786079    
 199   519327     0.98361213264907         0.99956322216403    
 200   519457     0.99453281129984         0.99984994754695    
