   1   517832    -0.99457498404921         0.99986389336822    
   2   517356    -0.98374253446119         0.99960506027409    
   3   517193    -0.97292445073923         0.99933827803332    
   4   515621    -0.96213666529453         0.99906393729815    
   5   515477    -0.95142394554129         0.99877806157765    
   6   515251    -0.94067183639868         0.99848737686751    
   7   514895    -0.92996686172737         0.99818686935799    
   8   514236    -0.91933114991742         0.99787714325282    
   9   512634    -0.90861534097938         0.99755476738337    
  10   514124    -0.89805678541829         0.99721958698395    
  11   512025    -0.88739427372304         0.99687966570117    
  12   513303    -0.87688895777876         0.99652419459206    
  13   511226    -0.86626895823107         0.99615251030205    
  14   512486    -0.85571813294366         0.99578074517674    
  15   508972    -0.84526535229129         0.99538178555429    
  16   510074    -0.83475243152953         0.99497825574351    
  17   509633    -0.82425080551888         0.99456507465978    
  18   509634    -0.81390535969684         0.99409887407786    
  19   508543    -0.80344221936281         0.99363650787928    
  20   508529    -0.79301924863373         0.99318659647234    
  21   506867    -0.78277818135828         0.99268393479839    
  22   509135    -0.77231415511456         0.99217237884121    
  23   506377    -0.76200648783273         0.99166508828703    
  24   506923    -0.75167956286442         0.99111776213718    
  25   506401    -0.74137801774770         0.99051782856628    
  26   505905    -0.73126761145878         0.98992464610519    
  27   505052    -0.72086864023411         0.98933779270217    
  28   505291    -0.71069379553892         0.98865668695209    
  29   504076    -0.70037959568865         0.98797518609430    
  30   504247    -0.69009797733589         0.98729480779257    
  31   504395    -0.68003124574089         0.98656682782284    
  32   503683    -0.66982892772523         0.98581486990774    
  33   502645    -0.65995504839097         0.98501917845474    
  34   503479    -0.64958490521462         0.98418052349998    
  35   501848    -0.63952663937236         0.98338848381663    
  36   502843    -0.62929235215173         0.98236343546856    
  37   501744    -0.61925421419686         0.98149847244197    
  38   501324    -0.60943345537613         0.98049902139236    
  39   501005    -0.59924339554714         0.97948538236587    
  40   501194    -0.58929779760000         0.97834658043053    
  41   499437    -0.57913574415444         0.97725283310542    
  42   499848    -0.56906210582431         0.97601076678793    
  43   499033    -0.55920056276376         0.97487470446292    
  44   500449    -0.54931018355174         0.97350613346281    
  45   499086    -0.53912025495245         0.97203515993887    
  46   499645    -0.52925430731447         0.97058138492031    
  47   498150    -0.51928943908253         0.96911743480489    
  48   497843    -0.50938873036104         0.96748024894360    
  49   499123    -0.49980031014586         0.96596648026848    
  50   497729    -0.48964884524928         0.96402165138461    
  51   496834    -0.47962414702180         0.96212126654139    
  52   498472    -0.46985741467233         0.96014523893636    
  53   496393    -0.45999671090354         0.95790401232902    
  54   497736    -0.45014207272743         0.95583748040127    
  55   496737    -0.44022905556939         0.95332336152106    
  56   496170    -0.43054017343832         0.95091362249888    
  57   495581    -0.42071950890501         0.94801312219576    
  58   497025    -0.41095125176151         0.94536412263632    
  59   495367    -0.40113334518793         0.94214955726045    
  60   494867    -0.39129521537528         0.93880516733325    
  61   494524    -0.38139422083334         0.93540361406049    
  62   494227    -0.37174178675617         0.93163326378552    
  63   494983    -0.36195759326280         0.92765865499012    
  64   495268    -0.35226649706875         0.92350238735297    
  65   496628    -0.34250870191040         0.91899838115553    
  66   493342    -0.33261971237724         0.91350807926405    
  67   493894    -0.32300671848192         0.90832740784701    
  68   493596    -0.31320921737681         0.90275239993745    
  69   493557    -0.30352913386365         0.89631668052242    
  70   493575    -0.29389764423672         0.88977677413063    
  71   492209    -0.28409161014450         0.88205439762777    
  72   493560    -0.27469749951973         0.87447360407313    
  73   493546    -0.26470552316000         0.86538557034922    
  74   493009    -0.25506049171962         0.85604574305949    
  75   493222    -0.24536056701111         0.84516652352298    
  76   492621    -0.23573775169639         0.83406949315883    
  77   492566    -0.22614842986286         0.82156358783362    
  78   492701    -0.21630338764659         0.80725847287955    
  79   493995    -0.20676523028233         0.79190831550824    
  80   491575    -0.19722209536767         0.77587925340766    
  81   491044    -0.18753053999067         0.75726121313246    
  82   492001    -0.17792769429667         0.73677335769645    
  83   491688    -0.16817172477193         0.71337093377918    
  84   492583    -0.15836152492517         0.68792611558896    
  85   490572    -0.14912408135451         0.66053635552578    
  86   491921    -0.13934330050526         0.62989291341383    
  87   493225    -0.12993814196470         0.59526791707981    
  88   491411    -0.12003071003094         0.55615505604866    
  89   491377    -0.11022620918878         0.51300375516962    
  90   492643    -0.10076385961740         0.46750373425003    
  91   490433    -0.91397477712906E-01     0.41901496383918    
  92   491936    -0.81673965027087E-01     0.36550647760291    
  93   491962    -0.72028181203816E-01     0.30932724697479    
  94   490168    -0.62679533153892E-01     0.25338521567769    
  95   491038    -0.52708212381724E-01     0.19332150456147    
  96   492780    -0.43349185753553E-01     0.13969234845701    
  97   491090    -0.33732571319795E-01     0.89126623343549E-01
  98   490364    -0.23826735339745E-01     0.46625467014727E-01
  99   492041    -0.14290398402215E-01     0.17341971071812E-01
 100   491267    -0.47575764756070E-02     0.19795355619478E-02
 101   490827     0.46978087148598E-02     0.18436524348644E-02
 102   491434     0.14415746140079E-01     0.17379884735009E-01
 103   491081     0.24309254036235E-01     0.48148475618749E-01
 104   490956     0.33265045363000E-01     0.86747663540630E-01
 105   492779     0.43143086120777E-01     0.13822736405751    
 106   490201     0.52856449876750E-01     0.19394360866289    
 107   491155     0.62315635694467E-01     0.25089219063895    
 108   491086     0.71953940337774E-01     0.30865839759069    
 109   491690     0.81601185523530E-01     0.36496074372779    
 110   492216     0.91532148634819E-01     0.42128518668856    
 111   491647     0.10095122950490         0.46875893445776    
 112   492227     0.11034344288235         0.51475274237258    
 113   491309     0.12017124479312         0.55761630880158    
 114   491878     0.12976830097045         0.59583796429484    
 115   491117     0.13923037567385         0.62926312323830    
 116   491924     0.14903453485635         0.66153311570512    
 117   491612     0.15882699844132         0.69055644205351    
 118   492350     0.16841307487528         0.71431599597819    
 119   491863     0.17809004034251         0.73861565952132    
 120   491817     0.18740291851085         0.75780446375421    
 121   491146     0.19710689364743         0.77634636136614    
 122   492366     0.20651185965930         0.79354326509776    
 123   492840     0.21631679259402         0.80877480574758    
 124   493316     0.22635967405734         0.82321385725779    
 125   493306     0.23588056574664         0.83476883534377    
 126   492897     0.24515317943433         0.84620218684640    
 127   492994     0.25513944398731         0.85671893974070    
 128   493287     0.26508131814931         0.86652032433974    
 129   494123     0.27456007187063         0.87514892246787    
 130   492569     0.28408099851413         0.88315722633053    
 131   494084     0.29390759658137         0.89052746939551    
 132   493762     0.30381360396509         0.89745512997388    
 133   493941     0.31329218135459         0.90313651424799    
 134   493839     0.32312254362377         0.90934948613474    
 135   494786     0.33301794970312         0.91482366953340    
 136   494665     0.34258707954610         0.91929916126215    
 137   494509     0.35222861760229         0.92421164707857    
 138   494624     0.36189687265707         0.92818656144267    
 139   495091     0.37189695692690         0.93239038357459    
 140   494400     0.38161543675026         0.93595186270458    
 141   495503     0.39146665842973         0.93954373711053    
 142   495249     0.40126122633271         0.94261975752295    
 143   496570     0.41103197312069         0.94583379464639    
 144   497106     0.42068874725745         0.94853835458267    
 145   495392     0.43055114756859         0.95133644721652    
 146   496816     0.44036468234924         0.95372267266905    
 147   496973     0.45035425561515         0.95621342420523    
 148   496213     0.46033471765880         0.95836238165065    
 149   497766     0.47002442001378         0.96047837454903    
 150   497494     0.47998518093750         0.96246102329957    
 151   498093     0.48967984767385         0.96428841558518    
 152   499396     0.49963708462436         0.96611441268090    
 153   497783     0.50967117773409         0.96782309902879    
 154   498566     0.51952183346474         0.96931774499853    
 155   497948     0.52951571768953         0.97092568579555    
 156   498991     0.53948588835333         0.97228399277585    
 157   499182     0.54931302621819         0.97359760175216    
 158   499663     0.55924735902734         0.97487560696452    
 159   499665     0.56930030558263         0.97619755723760    
 160   502390     0.57942656000163         0.97733455030679    
 161   500377     0.58950362084474         0.97845136063681    
 162   500778     0.59935303088544         0.97952846548659    
 163   501222     0.60930225174609         0.98055879159729    
 164   502323     0.61948147541803         0.98148414819286    
 165   501774     0.62975691638640         0.98251876698789    
 166   502192     0.63964030745983         0.98339137396690    
 167   502605     0.64974624856581         0.98415653845975    
 168   502548     0.66004075194565         0.98505962212187    
 169   503550     0.66992043636144         0.98582908674755    
 170   503847     0.68028147774895         0.98656936577849    
 171   503918     0.69044585731232         0.98727730983976    
 172   503786     0.70057725535366         0.98797163573620    
 173   505051     0.71077417669954         0.98861067931803    
 174   505734     0.72102952481121         0.98928480454533    
 175   505901     0.73120959559247         0.98990327366702    
 176   506503     0.74149832613869         0.99047781696278    
 177   506900     0.75188833894761         0.99107029983444    
 178   505848     0.76217543905725         0.99162540549415    
 179   508280     0.77257143286153         0.99213611772807    
 180   507026     0.78268370652831         0.99263656518967    
 181   508470     0.79321223465446         0.99313811482738    
 182   508033     0.80358898284098         0.99359751792786    
 183   509415     0.81391077342201         0.99406797130205    
 184   509161     0.82440274948330         0.99451187887254    
 185   510754     0.83488048160654         0.99493323179655    
 186   510571     0.84531970586134         0.99535426298413    
 187   510372     0.85579488402880         0.99573012309845    
 188   512566     0.86641243131426         0.99613539104422    
 189   511143     0.87690166616322         0.99649475312709    
 190   513144     0.88743888801255         0.99686774518250    
 191   511784     0.89807939317263         0.99720634343784    
 192   513932     0.90868265745267         0.99754256160936    
 193   513745     0.91931839296785         0.99786625345261    
 194   515010     0.92999325443932         0.99817755604935    
 195   514301     0.94070514194873         0.99848303429419    
 196   516508     0.95140839179013         0.99877410114046    
 197   515719     0.96216986032944         0.99906087414593    
 198   516548     0.97293901144764         0.99933732879679    
 199   517275     0.98374208851838         0.99960434084177    
 200   517767     0.99457629102952         0.99986351059882    
