   1   522588    -0.99445789767919         0.99982796410243    
   2   521770    -0.98339557547810         0.99949655013457    
   3   521230    -0.97237707555025         0.99915391873637    
   4   520457    -0.96138462577007         0.99880376598456    
   5   520068    -0.95042042622952         0.99844135337217    
   6   519163    -0.93950068925480         0.99806659170544    
   7   518453    -0.92860291951417         0.99767677919292    
   8   517723    -0.91775294078273         0.99728811039772    
   9   517456    -0.90693582570261         0.99686379082557    
  10   516673    -0.89615063130276         0.99644288586730    
  11   515479    -0.88537692882692         0.99600238526050    
  12   515601    -0.87466033422771         0.99554737200602    
  13   514394    -0.86399075347689         0.99509926896104    
  14   514019    -0.85329070081302         0.99458976174077    
  15   514565    -0.84265548810334         0.99409630775974    
  16   511990    -0.83198007034898         0.99355253236735    
  17   511869    -0.82155811067215         0.99304518510557    
  18   511977    -0.81096367867164         0.99247321467610    
  19   511023    -0.80036033995601         0.99189715366907    
  20   510555    -0.78981936401849         0.99128858394701    
  21   510196    -0.77954147961392         0.99068010106865    
  22   510115    -0.76899452047730         0.99002018344099    
  23   508586    -0.75857655011288         0.98934118256772    
  24   507756    -0.74818995376657         0.98863033079011    
  25   507534    -0.73784928773484         0.98793289596961    
  26   508188    -0.72755621536939         0.98713573709572    
  27   506314    -0.71708042652907         0.98636603144757    
  28   507669    -0.70691186348548         0.98557962395812    
  29   505531    -0.69656024234319         0.98469672792833    
  30   505246    -0.68627983231969         0.98381735662778    
  31   505305    -0.67614460660175         0.98288563111172    
  32   503517    -0.66625334043402         0.98194327514607    
  33   504410    -0.65568327143163         0.98089503204082    
  34   502812    -0.64542683221991         0.97984829655933    
  35   502729    -0.63556605609360         0.97874145450512    
  36   502994    -0.62544521111351         0.97762537152161    
  37   502911    -0.61527485268056         0.97643794001034    
  38   501135    -0.60504501452774         0.97509831822878    
  39   501464    -0.59522711632238         0.97383939609820    
  40   500513    -0.58516194890756         0.97255178087805    
  41   500508    -0.57512973087157         0.97107045541634    
  42   498806    -0.56496038443190         0.96958082189919    
  43   500034    -0.55523391251726         0.96790221496197    
  44   499847    -0.54503707687388         0.96637306886940    
  45   500056    -0.53540814251631         0.96445190183123    
  46   499018    -0.52522481596165         0.96281566976894    
  47   497928    -0.51544968284550         0.96083325435935    
  48   497411    -0.50541740989651         0.95876451315773    
  49   497393    -0.49552519764037         0.95647911067896    
  50   497513    -0.48575028019272         0.95444232892790    
  51   496276    -0.47582367868972         0.95200617001843    
  52   496860    -0.46604450537023         0.94957004132093    
  53   496425    -0.45623882585119         0.94679619419454    
  54   496363    -0.44654612873175         0.94415201323030    
  55   496074    -0.43646009482788         0.94095297845575    
  56   495390    -0.42664530546893         0.93775249603767    
  57   494389    -0.41705220528610         0.93444858350518    
  58   496287    -0.40740757940172         0.93095799307114    
  59   493601    -0.39747235058388         0.92713707886318    
  60   494159    -0.38801748961656         0.92317671254283    
  61   492601    -0.37816743502045         0.91882146375844    
  62   494382    -0.36832158441541         0.91405698823337    
  63   493277    -0.35879276805525         0.90936440362773    
  64   493460    -0.34898152684862         0.90364997213795    
  65   493525    -0.33936694610736         0.89831852952047    
  66   492498    -0.32933717932601         0.89159473703648    
  67   492963    -0.32024910588746         0.88583763304256    
  68   492151    -0.31025563895243         0.87881623484329    
  69   490822    -0.30064839209842         0.87056430811498    
  70   491884    -0.29118797627523         0.86324436743786    
  71   492352    -0.28176180237005         0.85430205440076    
  72   491381    -0.27183557003054         0.84400448100176    
  73   491835    -0.26204552401920         0.83402165131141    
  74   491660    -0.25267986434171         0.82212732171837    
  75   491786    -0.24291405686408         0.81012658687002    
  76   491496    -0.23355012027905         0.79671105041153    
  77   489419    -0.22410405916006         0.78251017496378    
  78   489417    -0.21411133855532         0.76587095158713    
  79   492395    -0.20457013425604         0.74841733224497    
  80   490504    -0.19514344032946         0.72960942431689    
  81   490361    -0.18561624442478         0.70911488505426    
  82   489875    -0.17609602684689         0.68530797992955    
  83   490140    -0.16655700582100         0.66084200966205    
  84   489706    -0.15717666176404         0.63381251151494    
  85   489198    -0.14767708808567         0.60292258536771    
  86   489182    -0.13769836380164         0.56874405340933    
  87   489561    -0.12860298601077         0.53441477655025    
  88   490014    -0.11869499425204         0.49443456569810    
  89   489168    -0.10930412639690         0.45234148913434    
  90   488715    -0.99633680448390E-01     0.40635903891230    
  91   489171    -0.90353899388669E-01     0.36069222630265    
  92   489548    -0.80863477513715E-01     0.31097997789308    
  93   489714    -0.71414057119391E-01     0.25948265634113    
  94   488855    -0.61543523360279E-01     0.20679396827843    
  95   490014    -0.52684780834147E-01     0.16057322082352    
  96   489047    -0.42619325928507E-01     0.11144036810061    
  97   488496    -0.33159761347002E-01     0.70375143442519E-01
  98   489106    -0.23803614170474E-01     0.37674266404307E-01
  99   488847    -0.14241752244506E-01     0.13944001958685E-01
 100   488552    -0.47009033045126E-02     0.15798859822841E-02
 101   488657     0.47582658543770E-02     0.14847394297306E-02
 102   488602     0.14164722418878E-01     0.13364182007257E-01
 103   489683     0.23522191291047E-01     0.36327329284000E-01
 104   490016     0.33196084890342E-01     0.69923300057189E-01
 105   489348     0.42769402198949E-01     0.11124891279911    
 106   488355     0.52298606001766E-01     0.15795441989848    
 107   489244     0.61695286919370E-01     0.20686826925635    
 108   489845     0.71464404778275E-01     0.26013850969734    
 109   489217     0.80795230323709E-01     0.31100104558304    
 110   488568     0.90389918737446E-01     0.36084028835631    
 111   489625     0.99473431265921E-01     0.40542790695634    
 112   488591     0.10948922584412         0.45477725181284    
 113   489850     0.11906340723926         0.49666563571962    
 114   489113     0.12822768677731         0.53448589158186    
 115   490732     0.13820523886492         0.57226937192164    
 116   490222     0.14707646155134         0.60319773775086    
 117   490965     0.15698227433662         0.63368404858753    
 118   489447     0.16670874623116         0.66289994328107    
 119   489836     0.17587864136947         0.68667485576169    
 120   489498     0.18562599204192         0.71010435227316    
 121   489928     0.19534214829448         0.73175996386915    
 122   491618     0.20490768568128         0.75099408734676    
 123   490405     0.21422102634916         0.76819595960532    
 124   491162     0.22389423782414         0.78438616241861    
 125   491135     0.23342900634144         0.79820516332347    
 126   490886     0.24337536393601         0.81243632158776    
 127   491564     0.25258349847180         0.82435950773131    
 128   491261     0.26247127087126         0.83539659765544    
 129   490887     0.27176777084189         0.84585629303910    
 130   491772     0.28154351957341         0.85537196571597    
 131   492175     0.29135799221083         0.86414803113180    
 132   493259     0.30085131282626         0.87261685974321    
 133   492268     0.31048039707906         0.88041960788869    
 134   492251     0.31992338765344         0.88706455013621    
 135   492435     0.32995428539751         0.89369277472340    
 136   493837     0.33957224177339         0.89932007435660    
 137   493272     0.34930524317866         0.90512388520085    
 138   492056     0.35888958767915         0.91051763802344    
 139   494794     0.36834988560237         0.91506250881353    
 140   494004     0.37834568256962         0.91988781255718    
 141   494729     0.38813390996944         0.92422754311361    
 142   494887     0.39768635592122         0.92816051041598    
 143   494037     0.40755230830563         0.93167421280552    
 144   495402     0.41722463069847         0.93531108024274    
 145   495479     0.42710675087597         0.93876874203097    
 146   495428     0.43695623887475         0.94173835435577    
 147   496439     0.44668314820430         0.94480759733435    
 148   495942     0.45657460899596         0.94728977843933    
 149   496536     0.46633579262701         0.94999163437538    
 150   497280     0.47603470839878         0.95240896023988    
 151   497012     0.48580025068913         0.95482080294578    
 152   497818     0.49587663604897         0.95706891781876    
 153   497557     0.50591915518219         0.95916371006606    
 154   497743     0.51560577875984         0.96111545661712    
 155   498222     0.52566760745431         0.96295599128091    
 156   499411     0.53545929679673         0.96496247804109    
 157   499607     0.54538860527873         0.96652465982791    
 158   499182     0.55547124922926         0.96817156231279    
 159   500042     0.56532505231381         0.96973420623086    
 160   500486     0.57551598966071         0.97115529019806    
 161   501260     0.58541924982786         0.97258197763854    
 162   499809     0.59545288250258         0.97392426787467    
 163   502575     0.60542023125074         0.97514361454081    
 164   502743     0.61572321060936         0.97647973457598    
 165   501373     0.62564975318889         0.97764507001208    
 166   503584     0.63570206148759         0.97873824337163    
 167   502628     0.64588907482181         0.97986878058411    
 168   504403     0.65613258331492         0.98091898070856    
 169   503093     0.66627774618677         0.98186610315807    
 170   504921     0.67650619469948         0.98278473933803    
 171   505600     0.68658381230773         0.98370954224973    
 172   505770     0.69682363393096         0.98462366190927    
 173   506048     0.70719474401998         0.98547897790016    
 174   506534     0.71740787890057         0.98630158571533    
 175   507613     0.72770015942530         0.98704070429363    
 176   506664     0.73811527588219         0.98783265215939    
 177   508654     0.74840857519318         0.98851500071536    
 178   508999     0.75882109475639         0.98927343762508    
 179   508609     0.76926508364896         0.98989637353030    
 180   509918     0.77968709903157         0.99058952361969    
 181   509768     0.79003483425966         0.99117190356345    
 182   511306     0.80055951722945         0.99177792616896    
 183   511333     0.81111767537310         0.99240248768682    
 184   512591     0.82163241595815         0.99295709270257    
 185   512311     0.83219776380535         0.99350776699655    
 186   513146     0.84276764448123         0.99401243343951    
 187   514048     0.85339800067127         0.99452001218420    
 188   513436     0.86411371849269         0.99503688052034    
 189   515671     0.87470125510134         0.99549334945456    
 190   515255     0.88549087238961         0.99597013189807    
 191   516490     0.89621987273609         0.99640595144254    
 192   516638     0.90697375161093         0.99684066623013    
 193   517571     0.91784227987949         0.99726240131863    
 194   518480     0.92863426213329         0.99766424844514    
 195   519166     0.93951709927661         0.99804995007394    
 196   518857     0.95045715504474         0.99843709687162    
 197   520943     0.96138263845494         0.99879780882351    
 198   520806     0.97237954879926         0.99915406059052    
 199   521839     0.98339905660795         0.99949571769234    
 200   522530     0.99445892519910         0.99982782443078    
