   1   536908    -0.99409289916428         0.99971558608549    
   2   535994    -0.98231604044492         0.99915436119907    
   3   534529    -0.97060134619091         0.99857856174646    
   4   533966    -0.95897385288810         0.99798173425619    
   5   532673    -0.94737014687003         0.99736076117431    
   6   531199    -0.93582934655026         0.99672663986431    
   7   530011    -0.92443926469246         0.99607442193134    
   8   528933    -0.91298131256944         0.99539510815158    
   9   527537    -0.90168105239433         0.99469424109928    
  10   526337    -0.89035581754691         0.99398503657191    
  11   526936    -0.87917595090593         0.99321853696223    
  12   523376    -0.86804273067432         0.99246902868637    
  13   523729    -0.85683259535696         0.99164233656661    
  14   522927    -0.84585399452964         0.99085064971603    
  15   521577    -0.83482923527370         0.99001912158501    
  16   521651    -0.82372778445438         0.98908992777479    
  17   518688    -0.81286752577374         0.98817995109626    
  18   518502    -0.80218554709358         0.98726416293486    
  19   518735    -0.79128860848304         0.98629133279769    
  20   516533    -0.78047050824226         0.98524961640222    
  21   515298    -0.76962955795867         0.98420347933716    
  22   514652    -0.75922053248787         0.98312789801570    
  23   513931    -0.74839609126337         0.98195135466010    
  24   513164    -0.73779656872647         0.98077050121734    
  25   512457    -0.72725823832325         0.97956303088871    
  26   511481    -0.71667217436339         0.97826271367079    
  27   510673    -0.70643562406311         0.97707727232695    
  28   510804    -0.69580603091183         0.97566928880049    
  29   509617    -0.68544525972419         0.97409541703022    
  30   507808    -0.67511382058317         0.97275609172032    
  31   507323    -0.66474954673390         0.97126123006454    
  32   505952    -0.65467073584959         0.96961233264894    
  33   505907    -0.64429160586007         0.96791954063270    
  34   504959    -0.63395657502512         0.96613121612652    
  35   505284    -0.62387589069642         0.96440624662279    
  36   503387    -0.61366828125431         0.96260011118940    
  37   502652    -0.60343315636669         0.96051010751455    
  38   503547    -0.59356602203956         0.95859343621537    
  39   501062    -0.58331493977761         0.95623329048470    
  40   500473    -0.57363473074558         0.95424312003143    
  41   500000    -0.56321604221436         0.95153135197625    
  42   499895    -0.55355088435868         0.94934792378559    
  43   499416    -0.54362354780151         0.94673398090202    
  44   499072    -0.53347296656677         0.94421365312681    
  45   498611    -0.52365363142575         0.94125608193228    
  46   497791    -0.51396337090706         0.93860246903620    
  47   496593    -0.50401952474927         0.93552950942943    
  48   496362    -0.49390088418509         0.93189963674383    
  49   497162    -0.48457125597131         0.92882205332130    
  50   496309    -0.47486231550428         0.92526158675190    
  51   494072    -0.46488403286467         0.92174344778565    
  52   494403    -0.45525242810402         0.91759603651088    
  53   492720    -0.44547689444300         0.91341260396884    
  54   493471    -0.43564181038317         0.90894803322584    
  55   492331    -0.42608229081081         0.90411881769235    
  56   491932    -0.41624990985609         0.89973001706162    
  57   491810    -0.40656456644621         0.89422525281206    
  58   491529    -0.39725960781410         0.88882434060149    
  59   491089    -0.38778055394292         0.88332586436944    
  60   490673    -0.37806573264227         0.87649326836797    
  61   490991    -0.36838241190368         0.87022711605510    
  62   489681    -0.35897086956925         0.86345282353931    
  63   488974    -0.34970442973042         0.85649236559657    
  64   488641    -0.34005872315934         0.84845792479486    
  65   488115    -0.33084060483561         0.84124826132701    
  66   488056    -0.32104587368696         0.83135298269031    
  67   488492    -0.31166634015716         0.82166917597557    
  68   487498    -0.30217458194950         0.81188347949510    
  69   487160    -0.29223926555371         0.80028255979357    
  70   487718    -0.28300790952792         0.78873670576574    
  71   487284    -0.27403194559488         0.77764489122143    
  72   486634    -0.26467253786921         0.76411922129093    
  73   485629    -0.25539523630274         0.75048275094942    
  74   486265    -0.24596081260583         0.73493607046605    
  75   485524    -0.23659744742554         0.71906378216218    
  76   486296    -0.22731926284219         0.70053622622051    
  77   485397    -0.21735836849384         0.68083252710329    
  78   483945    -0.20825283239033         0.66171245048813    
  79   484632    -0.19898732566721         0.64130521843869    
  80   484615    -0.18969084027969         0.61677880233456    
  81   484987    -0.18041097736942         0.59217824343180    
  82   484322    -0.17105575858193         0.56483350135389    
  83   483202    -0.16231706958522         0.53957275396294    
  84   483629    -0.15252237257976         0.50833750586813    
  85   483819    -0.14318971552913         0.47521593349417    
  86   483366    -0.13398034306752         0.44202948648300    
  87   484291    -0.12466531390889         0.40578765801567    
  88   483411    -0.11563072260722         0.37025791856619    
  89   483696    -0.10637142833837         0.33106969439303    
  90   482334    -0.96878992103397E-01     0.29126305746715    
  91   483406    -0.87693013016126E-01     0.25146308413346    
  92   482389    -0.78890977764896E-01     0.21399720701543    
  93   483608    -0.69222989229477E-01     0.17296808502086    
  94   483152    -0.59882205655740E-01     0.13551704056862    
  95   481771    -0.50910214147262E-01     0.10175395730279    
  96   484530    -0.41403250550455E-01     0.69491420765368E-01
  97   482299    -0.32289119861203E-01     0.43729776754901E-01
  98   482045    -0.23168792030359E-01     0.23037972814613E-01
  99   482271    -0.13732959534616E-01     0.82918465805256E-02
 100   482678    -0.47805336596984E-02     0.10903692591167E-02
 101   483610     0.47271949707866E-02     0.88981285433596E-03
 102   482012     0.13603704919235E-01     0.77539134174045E-02
 103   481305     0.22725308768011E-01     0.21545700799002E-01
 104   483127     0.32245482864996E-01     0.42890854670769E-01
 105   483125     0.41467329931901E-01     0.68495760251257E-01
 106   483455     0.50790767295076E-01     0.99873742878927E-01
 107   482884     0.59812570494623E-01     0.13401861527575    
 108   483113     0.69148104314588E-01     0.17144587426433    
 109   482358     0.78627991485180E-01     0.21221524745017    
 110   483273     0.87564276885082E-01     0.24931404893767    
 111   483357     0.96858973857551E-01     0.28971973447670    
 112   483031     0.10631126915040         0.33098167570147    
 113   483933     0.11525453245091         0.36895917902531    
 114   483892     0.12492650618966         0.40684866466259    
 115   482819     0.13423531731093         0.44179418018405    
 116   484511     0.14326599770538         0.47479848042814    
 117   483228     0.15245899345825         0.50698370877413    
 118   483655     0.16184345298825         0.53775487258141    
 119   484777     0.17059281455462         0.56502382598378    
 120   485315     0.18028342966562         0.59280134995177    
 121   484876     0.18980531533877         0.61771219669216    
 122   484217     0.19867754641696         0.63938121949530    
 123   484909     0.20839788057197         0.66316043189543    
 124   485126     0.21795590698966         0.68339763458167    
 125   485423     0.22699605982630         0.70068530743749    
 126   486076     0.23665661601097         0.71972527860799    
 127   487180     0.24616140697251         0.73640999084706    
 128   486021     0.25475899150138         0.75054577060914    
 129   487256     0.26476706360917         0.76574820547503    
 130   486514     0.27423939726555         0.77894085554274    
 131   486253     0.28354060302262         0.79073447272310    
 132   486628     0.29259967116887         0.80161843573824    
 133   487733     0.30216418306074         0.81309041591774    
 134   489064     0.31154945652495         0.82269254076402    
 135   488719     0.32096751052425         0.83224494084134    
 136   489028     0.33063212488423         0.84143450736199    
 137   489583     0.34043152889644         0.84984147655724    
 138   490971     0.34968001712968         0.85747476222903    
 139   489954     0.35875240697360         0.86461589122633    
 140   488681     0.36854637426911         0.87158129388166    
 141   490562     0.37858044639090         0.87846642207059    
 142   491988     0.38790191314318         0.88420561457587    
 143   492021     0.39728821659099         0.89010892184005    
 144   491178     0.40712434962887         0.89540331167464    
 145   492649     0.41685390481153         0.90047590932351    
 146   492792     0.42631495235858         0.90531283184126    
 147   492676     0.43619083937621         0.91008619126488    
 148   494803     0.44570110210680         0.91434570676755    
 149   495509     0.45560912706783         0.91846905270530    
 150   493737     0.46516288131078         0.92216242097105    
 151   496261     0.47514148753344         0.92603993675191    
 152   494974     0.48456517184673         0.92932851704751    
 153   496483     0.49445111324673         0.93289208685541    
 154   496929     0.50416475149530         0.93599362021952    
 155   497048     0.51427128118071         0.93891025267091    
 156   498521     0.52401319167343         0.94186916577951    
 157   497244     0.53412698579786         0.94464389277822    
 158   499646     0.54415952927043         0.94737661155980    
 159   499988     0.55386290856738         0.94962824667703    
 160   500892     0.56370345147860         0.95191688417663    
 161   501547     0.57366387536172         0.95431449049932    
 162   501787     0.58401279181823         0.95658475376882    
 163   503413     0.59392703793020         0.95858274011813    
 164   502548     0.60391512636943         0.96063656175761    
 165   503098     0.61427812337566         0.96272532194638    
 166   503763     0.62416694695246         0.96430595566730    
 167   504681     0.63436740680102         0.96614375969315    
 168   505841     0.64477816363850         0.96790684132259    
 169   507100     0.65486754548726         0.96945194426789    
 170   507832     0.66529765827859         0.97100327030136    
 171   507723     0.67549720531054         0.97261792687470    
 172   508035     0.68587535213490         0.97404026223180    
 173   510322     0.69630286990541         0.97544435692917    
 174   510630     0.70669822476138         0.97671860132667    
 175   511236     0.71722283737735         0.97815509851768    
 176   512216     0.72755456692483         0.97932918544745    
 177   512456     0.73828370593115         0.98056297003030    
 178   514086     0.74877198610281         0.98171602280216    
 179   514785     0.75950732379340         0.98286213355886    
 180   515129     0.77000108417518         0.98397404228290    
 181   516698     0.78084659942501         0.98501512721598    
 182   517272     0.79155400345003         0.98598499571368    
 183   517242     0.80235219683874         0.98702686846572    
 184   519908     0.81324324389356         0.98802307209563    
 185   520382     0.82412813380360         0.98891873384868    
 186   520495     0.83494035766584         0.98978838914885    
 187   522364     0.84602052995629         0.99067824483385    
 188   523223     0.85704359030432         0.99150986551991    
 189   523859     0.86817213941786         0.99232768734997    
 190   524928     0.87929984490311         0.99311576510865    
 191   526248     0.89048485619223         0.99387610580222    
 192   527889     0.90177584848633         0.99461416970093    
 193   528650     0.91311482691847         0.99533936140189    
 194   529982     0.92446520261272         0.99602399205219    
 195   529781     0.93591646919940         0.99669553704176    
 196   532714     0.94738373953114         0.99733693005339    
 197   533050     0.95899408608731         0.99796746214299    
 198   534119     0.97061917198330         0.99856696392471    
 199   536062     0.98231824020209         0.99915370220315    
 200   536846     0.99409368999030         0.99971490181441    
