   1   507861    -0.99481539476866         0.99993616794442    
   2   507372    -0.98445346751500         0.99982416241219    
   3   507328    -0.97410545700448         0.99970863572389    
   4   506936    -0.96376717541333         0.99959063530027    
   5   506847    -0.95344176658890         0.99946828549134    
   6   506710    -0.94311932933080         0.99934242676620    
   7   506010    -0.93281685391816         0.99921258799721    
   8   506783    -0.92251761032303         0.99907753365828    
   9   505788    -0.91222848706661         0.99893958855563    
  10   505380    -0.90195041558882         0.99879431728542    
  11   505349    -0.89171839782984         0.99864644354458    
  12   505290    -0.88143534551293         0.99849156443466    
  13   504710    -0.87120629472449         0.99833431674652    
  14   505218    -0.86098890001966         0.99816638245592    
  15   504399    -0.85071625859011         0.99799508022600    
  16   504422    -0.84053912598641         0.99781531537868    
  17   504174    -0.83037468104101         0.99763614097847    
  18   504553    -0.82009998210587         0.99744092241792    
  19   503545    -0.80996732654900         0.99723822991539    
  20   503734    -0.79975091042257         0.99704107137049    
  21   502692    -0.78964550905350         0.99682353976249    
  22   503613    -0.77943231572053         0.99659768543105    
  23   503791    -0.76931703259544         0.99636716650127    
  24   502445    -0.75915791343805         0.99613054881382    
  25   503129    -0.74904162200505         0.99587676486721    
  26   501746    -0.73890668656437         0.99562620043520    
  27   502640    -0.72881729742396         0.99535056878272    
  28   502532    -0.71865552598358         0.99506851093925    
  29   501754    -0.70862281621269         0.99477340619500    
  30   501631    -0.69846096872500         0.99446911092087    
  31   502029    -0.68847244899948         0.99417788721578    
  32   501149    -0.67837865857897         0.99381621196864    
  33   501590    -0.66828014129033         0.99348916631923    
  34   501601    -0.65816146910509         0.99311465448863    
  35   501005    -0.64819468633497         0.99275199974354    
  36   500517    -0.63815631070994         0.99235966805813    
  37   500314    -0.62806961702488         0.99194012240768    
  38   500952    -0.61806912564703         0.99151720564045    
  39   500822    -0.60807646354393         0.99106495503959    
  40   500639    -0.59796898540460         0.99058841606272    
  41   499516    -0.58796134417746         0.99009587646996    
  42   500038    -0.57806008167090         0.98960031055434    
  43   499264    -0.56800959275759         0.98903476520802    
  44   500929    -0.55808170289444         0.98846422469976    
  45   499060    -0.54804741261338         0.98781964136421    
  46   499991    -0.53801471163815         0.98724736052263    
  47   498960    -0.52802358746089         0.98657513802386    
  48   499231    -0.51809953881806         0.98583399190061    
  49   498842    -0.50813620702780         0.98509959761935    
  50   499698    -0.49820781540722         0.98431038053814    
  51   498733    -0.48826002802202         0.98345882474181    
  52   498185    -0.47828212268334         0.98259009814546    
  53   498231    -0.46836962619743         0.98165832295674    
  54   499160    -0.45835891645004         0.98064033964847    
  55   498595    -0.44853382605027         0.97961998063328    
  56   498417    -0.43859013844825         0.97842500294461    
  57   498201    -0.42866924601513         0.97722937289086    
  58   497991    -0.41867907619542         0.97588395973101    
  59   497614    -0.40880754660187         0.97456572282459    
  60   499411    -0.39886532833984         0.97305525143303    
  61   497592    -0.38898670128674         0.97152891023878    
  62   497492    -0.37915774583845         0.96978786170222    
  63   497269    -0.36908238183539         0.96791394709428    
  64   498198    -0.35928958861576         0.96591861022307    
  65   497409    -0.34948860000779         0.96373954331952    
  66   497529    -0.33958655433367         0.96149386760364    
  67   498002    -0.32959757424625         0.95890070120780    
  68   496332    -0.31971954419902         0.95605195367172    
  69   497350    -0.30994111000252         0.95329133738176    
  70   496226    -0.30003833558139         0.94978148853016    
  71   498458    -0.29012879194414         0.94620869285587    
  72   496328    -0.28025356425013         0.94220394114480    
  73   496692    -0.27041139998564         0.93793447441963    
  74   496812    -0.26055647204814         0.93317049203755    
  75   496751    -0.25083840140334         0.92783785427859    
  76   497327    -0.24085617358505         0.92203553707268    
  77   496608    -0.23104489048446         0.91519080109964    
  78   497087    -0.22117679075640         0.90784806213190    
  79   496340    -0.21130984516508         0.89967780089661    
  80   497223    -0.20155518975138         0.89018213699863    
  81   496045    -0.19162047531731         0.87944070973267    
  82   496328    -0.18187464099276         0.86760393226753    
  83   496220    -0.17195359875677         0.85379079406412    
  84   496755    -0.16201903310608         0.83761979519443    
  85   496483    -0.15239649053420         0.81990690675414    
  86   496633    -0.14225779425026         0.79794161735642    
  87   496595    -0.13272362276122         0.77421191090244    
  88   495526    -0.12291330602452         0.74536200900562    
  89   495572    -0.11295520540957         0.71129399012334    
  90   497082    -0.10305397688607         0.67244767029575    
  91   495931    -0.93236468262237E-01     0.62619705736385    
  92   496165    -0.83624609734114E-01     0.57349884523771    
  93   496094    -0.73574713706473E-01     0.50932288956741    
  94   496803    -0.63899904272252E-01     0.43835026556203    
  95   496139    -0.54014485216111E-01     0.35776200987955    
  96   495484    -0.44138499483049E-01     0.27064317157705    
  97   496458    -0.34513247636585E-01     0.18487143421342    
  98   496169    -0.24553201970004E-01     0.10291025332355    
  99   495947    -0.14685776092655E-01     0.39135334397920E-01
 100   496036    -0.50681673984137E-02     0.47755192643044E-02
 101   495911     0.48675167203559E-02     0.45620759314443E-02
 102   495834     0.14828985239833E-01     0.40433030245144E-01
 103   496109     0.24331152876121E-01     0.10139276841909    
 104   496248     0.34447519983365E-01     0.18377472950177    
 105   495924     0.44124177850805E-01     0.27097931623999    
 106   496669     0.53999143463851E-01     0.35681632403716    
 107   495222     0.63709538483557E-01     0.43618391328310    
 108   497388     0.73581552078832E-01     0.50825637089003    
 109   495256     0.83535522840581E-01     0.57151068603004    
 110   495878     0.93173580886807E-01     0.62378900269835    
 111   496841     0.10320333236960         0.67087272679191    
 112   496445     0.11280392329752         0.70934830416760    
 113   496535     0.12268530180951         0.74245955852324    
 114   496548     0.13262443444143         0.77214722077072    
 115   495692     0.14233683583567         0.79616721326210    
 116   496382     0.15237272874445         0.81773852870337    
 117   496011     0.16200028651891         0.83517968155146    
 118   496859     0.17184192493625         0.85187646407407    
 119   496112     0.18153688691160         0.86539970689042    
 120   496870     0.19161640513998         0.87760945071221    
 121   496446     0.20142179336526         0.88857064760126    
 122   496864     0.21122725381173         0.89803176446362    
 123   497074     0.22100945320628         0.90632421878046    
 124   496280     0.23086844363685         0.91370382782736    
 125   496732     0.24088415941745         0.92058955959132    
 126   496010     0.25056012230299         0.92629034445130    
 127   497300     0.26046166599729         0.93189487351331    
 128   497907     0.27033286842397         0.93682364715797    
 129   496321     0.28007082680185         0.94132422942483    
 130   497394     0.29018666354208         0.94530545210795    
 131   496293     0.29994515874872         0.94881896723385    
 132   497919     0.30974190829057         0.95217282801020    
 133   497855     0.31961113178144         0.95531186052140    
 134   496920     0.32942913872128         0.95816844379372    
 135   497672     0.33941326668405         0.96060193673390    
 136   496987     0.34927318111600         0.96307708166235    
 137   498361     0.35912994519465         0.96532283309786    
 138   497670     0.36906277675596         0.96734601815519    
 139   497575     0.37892232572965         0.96926285265531    
 140   497873     0.38892194396347         0.97105958632046    
 141   497663     0.39866091650599         0.97256133154367    
 142   498233     0.40870008676477         0.97410803605982    
 143   498379     0.41856658701944         0.97561649532062    
 144   498867     0.42843752469589         0.97686805993507    
 145   498549     0.43848171728287         0.97815967907038    
 146   497836     0.44829383661231         0.97930871683066    
 147   498986     0.45823978145053         0.98039445056952    
 148   498491     0.46812474589593         0.98142866329534    
 149   498678     0.47814542621183         0.98243456533472    
 150   498981     0.48803991077090         0.98331257639261    
 151   498982     0.49801810743097         0.98419861631697    
 152   499188     0.50806439405361         0.98495909462929    
 153   499426     0.51792152322168         0.98577901597388    
 154   499885     0.52784787839772         0.98650112684112    
 155   498885     0.53788158013296         0.98716315736269    
 156   500914     0.54786479362610         0.98783309750262    
 157   498928     0.55785755543564         0.98844078781356    
 158   500682     0.56785842352264         0.98902241444038    
 159   499423     0.57783879119671         0.98961034827295    
 160   500948     0.58785549125920         0.99009789032480    
 161   500225     0.59785111674793         0.99061668650593    
 162   500270     0.60790019132553         0.99111079853795    
 163   500601     0.61795896977369         0.99154379820954    
 164   501011     0.62789562884044         0.99199564371096    
 165   500718     0.63797174556992         0.99241740494837    
 166   501208     0.64800272942679         0.99280802865826    
 167   501216     0.65809853924111         0.99318700461644    
 168   502015     0.66812789806928         0.99354124843992    
 169   501573     0.67826847444713         0.99389731181366    
 170   502228     0.68831560380887         0.99422906464340    
 171   501454     0.69836520239287         0.99453779134226    
 172   502260     0.70848600691215         0.99483933275459    
 173   502740     0.71860704975269         0.99512245044883    
 174   501938     0.72869645934722         0.99541494190483    
 175   503117     0.73878435981300         0.99567905462782    
 176   502844     0.74897679105704         0.99592875462804    
 177   503380     0.75910398650232         0.99619193761704    
 178   502543     0.76920155922331         0.99641089860863    
 179   503543     0.77938629972308         0.99664190641642    
 180   503536     0.78954197835294         0.99686316118038    
 181   503416     0.79969325469291         0.99707272610568    
 182   504320     0.80990635768261         0.99727851483158    
 183   504360     0.82007454092775         0.99746775695041    
 184   504548     0.83026799550065         0.99765877833896    
 185   504007     0.84050050321533         0.99783767014183    
 186   505733     0.85070191571075         0.99801172867442    
 187   504829     0.86095415567635         0.99818213205647    
 188   504682     0.87116084765719         0.99834307006036    
 189   505592     0.88142788257943         0.99850145593447    
 190   505553     0.89167922918918         0.99865163086610    
 191   505599     0.90194515333353         0.99880090889788    
 192   506127     0.91222307105524         0.99894092935893    
 193   506303     0.92250983522346         0.99908024209519    
 194   506369     0.93279961468984         0.99921115025700    
 195   506496     0.94311404749876         0.99934285531060    
 196   507108     0.95343030147334         0.99946731170738    
 197   507144     0.96376349890174         0.99959004529889    
 198   507395     0.97410246022672         0.99970826502380    
 199   507475     0.98445455159026         0.99982365326197    
 200   507855     0.99481513868677         0.99993606661189    
