21
0
0
1234
2
3
-0.01
249.16
31.91
2009 1 1 0 0 0
1.0
1234
2
3
-0.09
249.16
31.91
2009 1 1 0 0 0
0.9
1234
2
3
-0.11
249.16
31.91
2009 1 1 0 0 0
0.8
1234
2
3
-0.39
249.16
31.91
2009 1 1 0 0 0
0.7
1234
2
3
-0.41
249.16
31.91
2009 1 1 0 0 0
0.6
1234
2
3
-0.99
249.16
31.91
2009 1 1 0 0 0
0.5
1234
2
3
-1.01
249.16
31.91
2009 1 1 0 0 0
0.4
1234
2
3
-1.99
249.16
31.91
2009 1 1 0 0 0
0.3
1234
2
3
-2.01
249.16
31.91
2009 1 1 0 0 0
0.3
1234
3
3
-0.01
249.16
31.91
2009 1 1 0 0 0
0.04
1234
3
3
-0.09
249.16
31.91
2009 1 1 0 0 0
0.04
1234
3
3
-0.11
249.16
31.91
2009 1 1 0 0 0
0.04
1234
3
3
-0.39
249.16
31.91
2009 1 1 0 0 0
0.04
1234
3
3
-0.41
249.16
31.91
2009 1 1 0 0 0
0.04
1234
3
3
-0.99
249.16
31.91
2009 1 1 0 0 0
0.04
1234
3
3
-1.01
249.16
31.91
2009 1 1 0 0 0
0.04
1234
3
3
-1.99
249.16
31.91
2009 1 1 0 0 0
0.04
1234
3
3
-2.01
249.16
31.91
2009 1 1 0 0 0
0.04
1234
20
1.462
0.03655
399.0509935
0.25985853017
161.986218642857
129.14558985
114.04156391
3.8086191933
-1
0.00
249.16
31.91
2009 1 1 0 0 0
1000.0
-1
set_def.out
