       54000           41
  -1.15731908413672     
   4.39646210181768     
  4.253911207979619E-002
   2.46051078518353     
   2.47740542294841     
   2.86694311428698     
   7.37294514322187     
   4.76537323620500     
 -0.222273449103439     
   5.31113080104644     
   1.06848821977720     
  -1.93004231771199     
  0.141389033426248     
   8.46608834314993     
  -1.26523419356937     
  5.201357138019391E-004
 -0.136375690148965     
   2.86876300096966     
   7.41044698825513     
  -1.35311367287320     
   1.20734030343131     
 -0.538681991735116     
  0.310414212364789     
   4.07439255983926     
   8.04709727687026     
  -3.47083385398719     
  -3.54108414628002     
  -2.39978184516653     
  -2.20339173114819     
 -2.173470236244385E-002
   9.08939834390094     
 -0.370094550135630     
  -2.04916607836434     
   1.18098861653680     
   5.88917786934718     
 -8.004774514246982E-002
  0.474948433847517     
   1.91597303474063     
   9.95439009663298     
   2.96690932381686     
   7.00000000000000     
   7.00000000000000     
   7.00000000000000     
   7.00000000000000     
   7.00000000000000     
   7.00000000000000     
   7.00000000000000     
   7.00000000000000     
   7.00000000000000     
   7.00000000000000     
   7.00000000000000     
   7.00000000000000     
   7.00000000000000     
   7.00000000000000     
   7.00000000000000     
   7.00000000000000     
   7.00000000000000     
   7.00000000000000     
   7.00000000000000     
   7.00000000000000     
   7.00000000000000     
   7.00000000000000     
   7.00000000000000     
   7.00000000000000     
   7.00000000000000     
   7.00000000000000     
   7.00000000000000     
   7.00000000000000     
   7.00000000000000     
   7.00000000000000     
   7.00000000000000     
   7.00000000000000     
   7.00000000000000     
   7.00000000000000     
   7.00000000000000     
   7.00000000000000     
   7.00000000000000     
   7.00000000000000     
   7.00000000000000     
   7.00000000000000     
