 obs_sequence
obs_kind_definitions
          27
           1 RADIOSONDE_U_WIND_COMPONENT     
           2 RADIOSONDE_V_WIND_COMPONENT     
           3 RADIOSONDE_SURFACE_PRESSURE     
           4 RADIOSONDE_TEMPERATURE          
           5 RADIOSONDE_SPECIFIC_HUMIDITY    
           6 AIRCRAFT_U_WIND_COMPONENT       
           7 AIRCRAFT_V_WIND_COMPONENT       
           8 AIRCRAFT_TEMPERATURE            
           9 ACARS_U_WIND_COMPONENT          
          10 ACARS_V_WIND_COMPONENT          
          11 ACARS_TEMPERATURE               
          12 MARINE_SFC_U_WIND_COMPONENT     
          13 MARINE_SFC_V_WIND_COMPONENT     
          14 MARINE_SFC_TEMPERATURE          
          15 MARINE_SFC_SPECIFIC_HUMIDITY    
          16 LAND_SFC_U_WIND_COMPONENT       
          17 LAND_SFC_V_WIND_COMPONENT       
          18 LAND_SFC_TEMPERATURE            
          19 LAND_SFC_SPECIFIC_HUMIDITY      
          20 SAT_U_WIND_COMPONENT            
          21 SAT_V_WIND_COMPONENT            
          22 ATOV_TEMPERATURE                
          23 METAR_U_10_METER_WIND           
          24 METAR_V_10_METER_WIND           
          25 METAR_TEMPERATURE_2_METER       
          26 METAR_SPECIFIC_HUMIDITY_2_METER 
          27 METAR_SURFACE_PRESSURE          
  num_copies:            0  num_qc:            0
  num_obs:           40  max_num_obs:           40
  first:            1  last:           40
 OBS            1
          -1           2          -1
obdef
loc3d
       4.58175108587291       0.63887777269252  100000.00000000000000       -1
kind
          23
 46800     148074
  0.000000000000000E+000
 OBS            2
           1           3          -1
obdef
loc3d
       4.58175108587291       0.63887777269252  100000.00000000000000       -1
kind
          24
 46800     148074
  0.000000000000000E+000
 OBS            3
           2           4          -1
obdef
loc3d
       4.58175108587291       0.63887777269252  100000.00000000000000       -1
kind
          25
 46800     148074
  0.000000000000000E+000
 OBS            4
           3           5          -1
obdef
loc3d
       4.58175108587291       0.63887777269252  100000.00000000000000       -1
kind
          26
 46800     148074
  0.000000000000000E+000
 OBS            5
           4           6          -1
obdef
loc3d
       4.58175108587291       0.63887777269252  100000.00000000000000       -1
kind
          23
 50400     148074
  0.000000000000000E+000
 OBS            6
           5           7          -1
obdef
loc3d
       4.58175108587291       0.63887777269252  100000.00000000000000       -1
kind
          24
 50400     148074
  0.000000000000000E+000
 OBS            7
           6           8          -1
obdef
loc3d
       4.58175108587291       0.63887777269252  100000.00000000000000       -1
kind
          25
 50400     148074
  0.000000000000000E+000
 OBS            8
           7           9          -1
obdef
loc3d
       4.58175108587291       0.63887777269252  100000.00000000000000       -1
kind
          26
 50400     148074
  0.000000000000000E+000
 OBS            9
           8          10          -1
obdef
loc3d
       4.58175108587291       0.63887777269252  100000.00000000000000       -1
kind
          23
 54000     148074
  0.000000000000000E+000
 OBS           10
           9          11          -1
obdef
loc3d
       4.58175108587291       0.63887777269252  100000.00000000000000       -1
kind
          24
 54000     148074
  0.000000000000000E+000
 OBS           11
          10          12          -1
obdef
loc3d
       4.58175108587291       0.63887777269252  100000.00000000000000       -1
kind
          25
 54000     148074
  0.000000000000000E+000
 OBS           12
          11          13          -1
obdef
loc3d
       4.58175108587291       0.63887777269252  100000.00000000000000       -1
kind
          26
 54000     148074
  0.000000000000000E+000
 OBS           13
          12          14          -1
obdef
loc3d
       4.58175108587291       0.63887777269252  100000.00000000000000       -1
kind
          23
 57600     148074
  0.000000000000000E+000
 OBS           14
          13          15          -1
obdef
loc3d
       4.58175108587291       0.63887777269252  100000.00000000000000       -1
kind
          24
 57600     148074
  0.000000000000000E+000
 OBS           15
          14          16          -1
obdef
loc3d
       4.58175108587291       0.63887777269252  100000.00000000000000       -1
kind
          25
 57600     148074
  0.000000000000000E+000
 OBS           16
          15          17          -1
obdef
loc3d
       4.58175108587291       0.63887777269252  100000.00000000000000       -1
kind
          26
 57600     148074
  0.000000000000000E+000
 OBS           17
          16          18          -1
obdef
loc3d
       4.58175108587291       0.63887777269252  100000.00000000000000       -1
kind
          23
 61200     148074
  0.000000000000000E+000
 OBS           18
          17          19          -1
obdef
loc3d
       4.58175108587291       0.63887777269252  100000.00000000000000       -1
kind
          24
 61200     148074
  0.000000000000000E+000
 OBS           19
          18          20          -1
obdef
loc3d
       4.58175108587291       0.63887777269252  100000.00000000000000       -1
kind
          25
 61200     148074
  0.000000000000000E+000
 OBS           20
          19          21          -1
obdef
loc3d
       4.58175108587291       0.63887777269252  100000.00000000000000       -1
kind
          26
 61200     148074
  0.000000000000000E+000
 OBS           21
          20          22          -1
obdef
loc3d
       4.58175108587291       0.63887777269252  100000.00000000000000       -1
kind
          23
 64800     148074
  0.000000000000000E+000
 OBS           22
          21          23          -1
obdef
loc3d
       4.58175108587291       0.63887777269252  100000.00000000000000       -1
kind
          24
 64800     148074
  0.000000000000000E+000
 OBS           23
          22          24          -1
obdef
loc3d
       4.58175108587291       0.63887777269252  100000.00000000000000       -1
kind
          25
 64800     148074
  0.000000000000000E+000
 OBS           24
          23          25          -1
obdef
loc3d
       4.58175108587291       0.63887777269252  100000.00000000000000       -1
kind
          26
 64800     148074
  0.000000000000000E+000
 OBS           25
          24          26          -1
obdef
loc3d
       4.58175108587291       0.63887777269252  100000.00000000000000       -1
kind
          23
 68400     148074
  0.000000000000000E+000
 OBS           26
          25          27          -1
obdef
loc3d
       4.58175108587291       0.63887777269252  100000.00000000000000       -1
kind
          24
 68400     148074
  0.000000000000000E+000
 OBS           27
          26          28          -1
obdef
loc3d
       4.58175108587291       0.63887777269252  100000.00000000000000       -1
kind
          25
 68400     148074
  0.000000000000000E+000
 OBS           28
          27          29          -1
obdef
loc3d
       4.58175108587291       0.63887777269252  100000.00000000000000       -1
kind
          26
 68400     148074
  0.000000000000000E+000
 OBS           29
          28          30          -1
obdef
loc3d
       4.58175108587291       0.63887777269252  100000.00000000000000       -1
kind
          23
 72000     148074
  0.000000000000000E+000
 OBS           30
          29          31          -1
obdef
loc3d
       4.58175108587291       0.63887777269252  100000.00000000000000       -1
kind
          24
 72000     148074
  0.000000000000000E+000
 OBS           31
          30          32          -1
obdef
loc3d
       4.58175108587291       0.63887777269252  100000.00000000000000       -1
kind
          25
 72000     148074
  0.000000000000000E+000
 OBS           32
          31          33          -1
obdef
loc3d
       4.58175108587291       0.63887777269252  100000.00000000000000       -1
kind
          26
 72000     148074
  0.000000000000000E+000
 OBS           33
          32          34          -1
obdef
loc3d
       4.58175108587291       0.63887777269252  100000.00000000000000       -1
kind
          23
 75600     148074
  0.000000000000000E+000
 OBS           34
          33          35          -1
obdef
loc3d
       4.58175108587291       0.63887777269252  100000.00000000000000       -1
kind
          24
 75600     148074
  0.000000000000000E+000
 OBS           35
          34          36          -1
obdef
loc3d
       4.58175108587291       0.63887777269252  100000.00000000000000       -1
kind
          25
 75600     148074
  0.000000000000000E+000
 OBS           36
          35          37          -1
obdef
loc3d
       4.58175108587291       0.63887777269252  100000.00000000000000       -1
kind
          26
 75600     148074
  0.000000000000000E+000
 OBS           37
          36          38          -1
obdef
loc3d
       4.58175108587291       0.63887777269252  100000.00000000000000       -1
kind
          23
 79200     148074
  0.000000000000000E+000
 OBS           38
          37          39          -1
obdef
loc3d
       4.58175108587291       0.63887777269252  100000.00000000000000       -1
kind
          24
 79200     148074
  0.000000000000000E+000
 OBS           39
          38          40          -1
obdef
loc3d
       4.58175108587291       0.63887777269252  100000.00000000000000       -1
kind
          25
 79200     148074
  0.000000000000000E+000
 OBS           40
          39          -1          -1
obdef
loc3d
       4.58175108587291       0.63887777269252  100000.00000000000000       -1
kind
          26
 79200     148074
  0.000000000000000E+000
