 -7.275380 -11.234806  18.198573
-11.094142  -5.857937  35.450267
 -2.756450  -2.481303  20.888022
 -7.515312 -12.167351  16.974107
-10.642148  -3.939257  36.143014
 -1.601104  -1.198246  19.810987
 -4.609066  -8.065687  12.571545
-14.839219 -10.889753  39.123230
 -0.407291   1.640716  22.805350
  2.573574   4.472453  12.670845
 14.251611  19.831980  28.202271
  2.428830  -2.431266  27.883019
 -2.307618  -3.852447  15.112778
-12.034698 -18.384908  22.903936
 -4.726893   1.386484  30.433307
  0.498719   1.054833  15.845782
  3.643204   6.796905   9.600162
 16.401079  13.928712  40.150483
 -0.842953  -3.640769  23.908212
 -6.463216 -10.293732  17.082643
