  -9.99999977648258D-003   1.00000004749745     
   0.00000000000000D+000   1.00000004749745     
   9.99999977648258D-003   1.00000004749745     
   1.99999995529652D-002  0.999163312763830     
   2.99999993294477D-002  0.998591884165260     
   3.99999991059303D-002  0.997836782088578     
   4.99999988824129D-002  0.996857190205316     
   5.99999986588955D-002  0.995653108515472     
   6.99999984353781D-002  0.994326577840221     
   7.99999982118607D-002  0.992795965522623     
   8.99999979883432D-002  0.991122496055382     
   9.99999977648258D-002  0.989265353110030     
  0.109999997541308       0.987224536686565     
  0.119999997317791       0.985061271277693     
  0.129999997094274       0.982673516062240     
  0.139999996870756       0.980122495532910     
  0.149999996647239       0.977449026018172     
  0.159999996423721       0.974551066696853     
  0.169999996200204       0.971469433897422     
  0.179999995976686       0.968224535784114     
  0.189999995753169       0.964755147864225     
  0.199999995529652       0.961183719123163     
  0.209999995306134       0.957489841396692     
  0.219999995082617       0.953591882027876     
  0.229999994859099       0.949551065509417     
  0.239999994635582       0.945428616334019     
  0.249999994412065       0.941183718173213     
  0.259999994188547       0.936795962862765     
  0.269999993965030       0.932244942238440     
  0.279999993741512       0.927551064464473     
  0.289999993517995       0.922775554033567     
  0.299999993294477       0.917959227274191     
  0.309999993070960       0.913000043365173     
  0.319999992847443       0.907898002306513     
  0.329999992623925       0.902775553083618     
  0.339999992400408       0.897571471203784     
  0.349999992176890       0.892265348502777     
  0.359999991953373       0.886836776816362     
  0.369999991729856       0.881244939816070     
  0.379999991506338       0.875612286487309     
  0.389999991282821       0.869959224994313     
  0.399999991059303       0.864183714515910     
  0.409999990835786       0.858367387709037     
  0.419999990612268       0.852571469066399     
  0.429999990388751       0.846693917766822     
  0.439999990165234       0.840836774631480     
  0.449999989941716       0.834877590674964     
  0.459999989718199       0.828857182225745     
  0.469999989494681       0.822795957448056     
  0.479999989271164       0.815775548951339     
  0.489999989047647       0.808734732290388     
  0.499999988824129       0.801734731957906     
  0.509999988600612       0.794673507132720     
  0.519999988377094       0.787632690471768     
  0.529999988153577       0.780653098303521     
  0.539999987930059       0.773693914299508     
  0.549999987706542       0.767591873193350     
  0.559999987483025       0.761428607594488     
  0.569999987259507       0.754387790933537     
  0.579999987035990       0.747367382436820     
  0.589999986812472       0.740326565775868     
  0.599999986588955       0.733244932786448     
  0.609999986365438       0.726183707961261     
  0.619999986141920       0.719204115793014     
  0.629999985918403       0.711346972562677     
  0.639999985694885       0.704367380394429     
  0.649999985471368       0.696551053492562     
  0.659999985247850       0.688755134754928     
  0.669999985024333       0.681816358915150     
  0.679999984800816       0.673959215684813     
  0.689999984577298       0.666122480618710     
  0.699999984353781       0.658367378209546     
  0.709999984130263       0.650673500293086     
  0.719999983906746       0.643163295854738     
  0.729999983683229       0.634163295427261     
  0.739999983459711       0.624346968430398     
  0.749999983236194       0.614714314911648     
  0.759999983012676       0.605918396126517     
  0.769999982789159       0.596489824250113     
  0.779999982565641       0.585755129862691     
  0.789999982342124       0.576551047792868     
  0.799999982118607       0.567387782051513     
  0.809999981895089       0.558285740802863     
  0.819999981671572       0.547142883130748     
  0.829999981448054       0.535387780531595     
  0.839999981224537       0.525224514742743     
  0.849999981001020       0.515244922432003     
  0.859999980777502       0.503265330026268     
  0.869999980553985       0.488510227284622     
  0.879999980330467       0.475816349130675     
  0.889999980106950       0.465449001699477     
  0.899999979883432       0.454632674655117     
  0.909999979659915       0.440020429063113     
  0.919999979436398       0.428938795883703     
  0.929999979212880       0.416163285072817     
  0.939999978989363       0.405897978462792     
  0.949999978765845       0.392510222724867     
  0.959999978542328       0.380897977275356     
  0.969999978318810       0.371224507428135     
  0.979999978095293       0.357367363912814     
  0.989999977871776       0.343530628561726     
  0.999999977648258       0.332530628039254     
   1.00999997742474       0.320510219305050     
   1.01999997720122       0.307632667672991     
   1.02999997697771       0.297367361062966     
   1.03999997675419       0.280775523540203     
   1.04999997653067       0.273224502773385     
   1.05999997630715       0.260265318484388     
   1.06999997608364       0.248387766899826     
   1.07999997586012       0.237673480676639     
   1.08999997563660       0.230510215030280     
   1.09999997541308       0.217285724606232     
   1.10999997518957       0.207510213937839     
   1.11999997496605       0.200163274813367     
   1.12999997474253       0.192755111196192     
   1.13999997451901       0.182122457629944     
   1.14999997429550       0.174938783819350     
   1.15999997407198       0.167408171216767     
   1.16999997384846       0.162632660785861     
   1.17999997362494       0.155816333931491     
   1.18999997340143       0.145938782441924     
   1.19999997317791       0.138448986167811     
   1.20999997295439       0.134346945156648     
   1.21999997273088       0.128693883663652     
   1.22999997250736       0.121795924152343     
   1.23999997228384       0.115755107538889     
   1.24999997206032       0.112998440839396     
   1.25999997183681       0.108315923924681     
   1.26999997161329       0.106073067000033     
   1.27999997138977       0.101268373197356     
   1.28999997116625        9.49693255677097D-002
   1.29999997094274        8.96554480568643D-002
   1.30999997071922        8.25301418820563D-002
   1.31999997049570        7.65664002911465D-002
   1.32999997027218        7.13570122499570D-002
   1.33999997004867        6.48436105230945D-002
   1.34999996982515        6.03744946321711D-002
   1.35999996960163        5.80805489241840D-002
   1.36999996937811        5.38973514068848D-002
   1.37999996915460        5.00913647879862D-002
   1.38999996893108        4.59340176059992D-002
   1.39999996870756        4.28563303506870D-002
   1.40999996848404        4.02029288385757D-002
   1.41999996826053        3.71629966944645D-002
   1.42999996803701        3.32639488542099D-002
   1.43999996781349        3.10417038273855D-002
   1.44999996758997        2.92211595055313D-002
   1.45999996736646        2.70844246913250D-002
   1.46999996714294        2.53988463601715D-002
   1.47999996691942        2.30658530321548D-002
   1.48999996669590        2.13863291265716D-002
   1.49999996647239        2.01914311054103D-002
   1.50999996624887        1.87277575526893D-002
   1.51999996602535        1.70666009926820D-002
   1.52999996580184        1.57845600930280D-002
   1.53999996557832        1.39680293666814D-002
   1.54999996535480        1.22966006838876D-002
   1.55999996513128        1.03709542966786D-002
   1.56999996490777        9.27898141259315D-003
   1.57999996468425        7.80836907232738D-003
   1.58999996446073        6.66517172361508D-003
   1.59999996423721        5.21306278243819D-003
   1.60999996401370        4.57136207416996D-003
   1.61999996379018        3.92469535839902D-003
   1.62999996356666        3.25176996613871D-003
   1.63999996334314        1.98986496084514D-003
   1.64999996311963        1.31693956858482D-003
   1.65999996289611        9.13946161375147D-004
   1.66999996267259        7.03401762316794D-004
   1.67999996244907        1.43333512102230D-004
   1.68999996222556        0.00000000000000D+000
   1.69999996200204        0.00000000000000D+000
   1.70999996177852        0.00000000000000D+000
   1.71999996155500        0.00000000000000D+000
   1.72999996133149        0.00000000000000D+000
   1.73999996110797        0.00000000000000D+000
   1.74999996088445        0.00000000000000D+000
   1.75999996066093        0.00000000000000D+000
   1.76999996043742        0.00000000000000D+000
   1.77999996021390        0.00000000000000D+000
   1.78999995999038        0.00000000000000D+000
   1.79999995976686        0.00000000000000D+000
   1.80999995954335        0.00000000000000D+000
   1.81999995931983        0.00000000000000D+000
   1.82999995909631        0.00000000000000D+000
   1.83999995887280        0.00000000000000D+000
   1.84999995864928        0.00000000000000D+000
   1.85999995842576        0.00000000000000D+000
   1.86999995820224        0.00000000000000D+000
   1.87999995797873        0.00000000000000D+000
   1.88999995775521        0.00000000000000D+000
   1.89999995753169        0.00000000000000D+000
   1.90999995730817        0.00000000000000D+000
   1.91999995708466        0.00000000000000D+000
   1.92999995686114        0.00000000000000D+000
   1.93999995663762        0.00000000000000D+000
   1.94999995641410        0.00000000000000D+000
   1.95999995619059        0.00000000000000D+000
   1.96999995596707        0.00000000000000D+000
   1.97999995574355        0.00000000000000D+000
   1.98999995552003        0.00000000000000D+000
   1.99999995529652        0.00000000000000D+000
   2.00999995507300        0.00000000000000D+000
   2.01999995484948        0.00000000000000D+000
   2.02999995462596        0.00000000000000D+000
   2.03999995440245        0.00000000000000D+000
   2.04999995417893        0.00000000000000D+000
   2.05999995395541        0.00000000000000D+000
   2.06999995373189        0.00000000000000D+000
   2.07999995350838        0.00000000000000D+000
   2.08999995328486        0.00000000000000D+000
   2.09999995306134        0.00000000000000D+000
   2.10999995283782        0.00000000000000D+000
   2.11999995261431        0.00000000000000D+000
   2.12999995239079        0.00000000000000D+000
   2.13999995216727        0.00000000000000D+000
   2.14999995194376        0.00000000000000D+000
   2.15999995172024        0.00000000000000D+000
   2.16999995149672        0.00000000000000D+000
   2.17999995127320        0.00000000000000D+000
   2.18999995104969        0.00000000000000D+000
   2.19999995082617        0.00000000000000D+000
   2.20999995060265        0.00000000000000D+000
   2.21999995037913        0.00000000000000D+000
   2.22999995015562        0.00000000000000D+000
   2.23999994993210        0.00000000000000D+000
   2.24999994970858        0.00000000000000D+000
   2.25999994948506        0.00000000000000D+000
   2.26999994926155        0.00000000000000D+000
   2.27999994903803        0.00000000000000D+000
   2.28999994881451        0.00000000000000D+000
   2.29999994859099        0.00000000000000D+000
   2.30999994836748        0.00000000000000D+000
   2.31999994814396        0.00000000000000D+000
   2.32999994792044        0.00000000000000D+000
   2.33999994769692        0.00000000000000D+000
   2.34999994747341        0.00000000000000D+000
   2.35999994724989        0.00000000000000D+000
   2.36999994702637        0.00000000000000D+000
   2.37999994680285        0.00000000000000D+000
   2.38999994657934        0.00000000000000D+000
   2.39999994635582        0.00000000000000D+000
   2.40999994613230        0.00000000000000D+000
   2.41999994590878        0.00000000000000D+000
   2.42999994568527        0.00000000000000D+000
   2.43999994546175        0.00000000000000D+000
   2.44999994523823        0.00000000000000D+000
   2.45999994501472        0.00000000000000D+000
   2.46999994479120        0.00000000000000D+000
   2.47999994456768        0.00000000000000D+000
   2.48999994434416        0.00000000000000D+000
   2.49999994412065        0.00000000000000D+000
   2.50999994389713        0.00000000000000D+000
   2.51999994367361        0.00000000000000D+000
   2.52999994345009        0.00000000000000D+000
   2.53999994322658        0.00000000000000D+000
   2.54999994300306        0.00000000000000D+000
   2.55999994277954        0.00000000000000D+000
   2.56999994255602        0.00000000000000D+000
   2.57999994233251        0.00000000000000D+000
   2.58999994210899        0.00000000000000D+000
   2.59999994188547        0.00000000000000D+000
   2.60999994166195        0.00000000000000D+000
   2.61999994143844        0.00000000000000D+000
   2.62999994121492        0.00000000000000D+000
   2.63999994099140        0.00000000000000D+000
   2.64999994076788        0.00000000000000D+000
   2.65999994054437        0.00000000000000D+000
   2.66999994032085        0.00000000000000D+000
   2.67999994009733        0.00000000000000D+000
   2.68999993987381        0.00000000000000D+000
   2.69999993965030        0.00000000000000D+000
   2.70999993942678        0.00000000000000D+000
   2.71999993920326        0.00000000000000D+000
   2.72999993897974        0.00000000000000D+000
   2.73999993875623        0.00000000000000D+000
   2.74999993853271        0.00000000000000D+000
   2.75999993830919        0.00000000000000D+000
   2.76999993808568        0.00000000000000D+000
   2.77999993786216        0.00000000000000D+000
   2.78999993763864        0.00000000000000D+000
   2.79999993741512        0.00000000000000D+000
   2.80999993719161        0.00000000000000D+000
   2.81999993696809        0.00000000000000D+000
   2.82999993674457        0.00000000000000D+000
   2.83999993652105        0.00000000000000D+000
   2.84999993629754        0.00000000000000D+000
   2.85999993607402        0.00000000000000D+000
   2.86999993585050        0.00000000000000D+000
   2.87999993562698        0.00000000000000D+000
   2.88999993540347        0.00000000000000D+000
   2.89999993517995        0.00000000000000D+000
   2.90999993495643        0.00000000000000D+000
   2.91999993473291        0.00000000000000D+000
   2.92999993450940        0.00000000000000D+000
   2.93999993428588        0.00000000000000D+000
   2.94999993406236        0.00000000000000D+000
   2.95999993383884        0.00000000000000D+000
   2.96999993361533        0.00000000000000D+000
   2.97999993339181        0.00000000000000D+000
