   1   546477    -0.99385040865217         0.99964147505979    
   2   544672    -0.98161546391631         0.99893326358365    
   3   544684    -0.96939128741968         0.99820427376276    
   4   541236    -0.95738516013299         0.99741324908164    
   5   538936    -0.94540522354895         0.99661830372320    
   6   537702    -0.93346583473094         0.99580462294030    
   7   537052    -0.92183586270775         0.99498208458987    
   8   538316    -0.90987492843385         0.99413483174929    
   9   535506    -0.89812555805371         0.99328184440939    
  10   534471    -0.88674383542425         0.99230541134567    
  11   529756    -0.87534000716568         0.99135847445044    
  12   527821    -0.86391476122439         0.99036549698867    
  13   530939    -0.85237432309991         0.98936974730614    
  14   527095    -0.84097956693298         0.98823971840374    
  15   525235    -0.82990534100420         0.98719502048206    
  16   526353    -0.81871690026464         0.98607130397794    
  17   524439    -0.80736266106830         0.98485810205923    
  18   522750    -0.79639309856020         0.98365801618755    
  19   523277    -0.78548430564195         0.98249768611259    
  20   519553    -0.77461594157252         0.98117283193867    
  21   518685    -0.76389888602268         0.97977353405102    
  22   519531    -0.75278359444227         0.97839909637378    
  23   519098    -0.74193668282836         0.97688888310750    
  24   516122    -0.73167185147873         0.97568474058862    
  25   513893    -0.72131383675932         0.97414437739144    
  26   512677    -0.71000495278865         0.97237477913373    
  27   512988    -0.69931862756085         0.97063708159164    
  28   512033    -0.68941163877577         0.96923524535346    
  29   509356    -0.67868496695960         0.96725764301148    
  30   509598    -0.66865626315570         0.96538683208181    
  31   508569    -0.65774308815796         0.96348759190515    
  32   507852    -0.64797053070836         0.96175447420721    
  33   506363    -0.63737959096717         0.95955611783301    
  34   505663    -0.62676132738367         0.95721956680606    
  35   504535    -0.61662191759491         0.95492460026066    
  36   504481    -0.60635968378640         0.95253867959545    
  37   505714    -0.59653369920325         0.95028368773977    
  38   502460    -0.58593027803995         0.94763225727507    
  39   502318    -0.57659557486043         0.94521001709840    
  40   500438    -0.56652061438535         0.94255770421585    
  41   502003    -0.55656793234383         0.93947496614308    
  42   501072    -0.54623887678638         0.93640455091594    
  43   500712    -0.53661894612861         0.93287852345984    
  44   498160    -0.52684827534047         0.93021680578974    
  45   497570    -0.51658227857825         0.92667835939391    
  46   495654    -0.50642654747155         0.92290745200672    
  47   496158    -0.49729110354526         0.91941844456351    
  48   496691    -0.48770570637764         0.91536413691863    
  49   494135    -0.47753245607918         0.91112917924264    
  50   495164    -0.46806745163191         0.90663828562810    
  51   492568    -0.45824854804750         0.90181974273585    
  52   493678    -0.44863144415468         0.89772537489235    
  53   493917    -0.43854421223775         0.89231450443927    
  54   491765    -0.42945612152883         0.88727982359630    
  55   489311    -0.41993681430984         0.88161555489331    
  56   490737    -0.41039285385515         0.87608395339823    
  57   490824    -0.40062475263016         0.86980412688855    
  58   488360    -0.39134282519769         0.86302988730412    
  59   488542    -0.38150275076894         0.85590032900328    
  60   488053    -0.37188538605705         0.84797922408935    
  61   486720    -0.36262422769890         0.84092161562763    
  62   484997    -0.35337446257157         0.83225575995832    
  63   486293    -0.34426765136294         0.82412885819091    
  64   485919    -0.33499229215568         0.81433397793075    
  65   486542    -0.32571642248592         0.80598669503780    
  66   483928    -0.31581166308092         0.79513421700658    
  67   485072    -0.30635326821633         0.78473569504134    
  68   484735    -0.29710589513253         0.77332386534385    
  69   482880    -0.28803042951886         0.76070435789120    
  70   484403    -0.27883166032241         0.74732272741939    
  71   485213    -0.26948451842503         0.73425360544451    
  72   483832    -0.26059280205388         0.72061482951629    
  73   484524    -0.25083475284004         0.70307644554991    
  74   482664    -0.24201511500920         0.68859199728541    
  75   482073    -0.23275122524887         0.67008043025846    
  76   481585    -0.22276596421583         0.64798055904391    
  77   482023    -0.21431833094860         0.62934804528518    
  78   480794    -0.20554385832719         0.60991182158152    
  79   480040    -0.19579602950945         0.58512798309326    
  80   480861    -0.18636979164913         0.55778046557350    
  81   482511    -0.17693334917350         0.53147126667643    
  82   481675    -0.16827199457388         0.50701011483097    
  83   481650    -0.15870872680627         0.47726229416586    
  84   479013    -0.14965478318922         0.44749427899310    
  85   480313    -0.14116300849207         0.41762443230723    
  86   481426    -0.13197138545509         0.38450206541340    
  87   481858    -0.12301364801434         0.35177143397116    
  88   480739    -0.11351190054950         0.31695038127035    
  89   479297    -0.10469920431668         0.28314923418894    
  90   477495    -0.94994729672992E-01     0.24466987162873    
  91   478581    -0.85719194846861E-01     0.20838952060808    
  92   478683    -0.76883697701234E-01     0.17520177705304    
  93   479958    -0.68193177095699E-01     0.14250937187759    
  94   480758    -0.58938950541837E-01     0.10996970090122    
  95   478805    -0.49550842895838E-01     0.80190324578789E-01
  96   478319    -0.40555716122704E-01     0.54938629511495E-01
  97   480647    -0.31922274984684E-01     0.35113673469198E-01
  98   478027    -0.23103163145992E-01     0.18835514401481E-01
  99   477810    -0.13720064131343E-01     0.68331464375787E-02
 100   477782    -0.44493320313421E-02     0.77953003573895E-03
 101   477862     0.46662509674713E-02     0.69388523552366E-03
 102   477692     0.13944006021850E-01     0.66196262341174E-02
 103   479999     0.22224105393607E-01     0.16842612360058E-01
 104   479706     0.31710889132550E-01     0.33759462662802E-01
 105   480152     0.40769608032948E-01     0.55430134900495E-01
 106   477737     0.50104374412568E-01     0.81167621295699E-01
 107   477769     0.59358929866126E-01     0.10976145335141    
 108   479112     0.67715516418066E-01     0.13855355703304    
 109   478558     0.77433521397918E-01     0.17471471860712    
 110   479867     0.85682321610093E-01     0.20617971970118    
 111   481340     0.94771158748932E-01     0.24268211511868    
 112   480755     0.10438029133127         0.28028110697435    
 113   477895     0.11318364489269         0.31322223028094    
 114   478220     0.12208644767944         0.34787274779048    
 115   479769     0.13096736081258         0.37985386016293    
 116   480025     0.14076995829621         0.41483785527578    
 117   481208     0.15068879099671         0.44911363715309    
 118   479773     0.15955274472774         0.47973523160962    
 119   481253     0.16803637681920         0.50488701206668    
 120   480640     0.17754490938056         0.53415692458494    
 121   480391     0.18646810251546         0.56054448146036    
 122   483819     0.19507575263912         0.58285041510347    
 123   482000     0.20445124094464         0.60711420366972    
 124   480298     0.21382248326065         0.62735054052547    
 125   482296     0.22348118908405         0.64869441354182    
 126   481765     0.23309520095819         0.67031345413370    
 127   482284     0.24206629780127         0.68670907479069    
 128   485130     0.25090296751639         0.70221289511991    
 129   483710     0.25976174562257         0.71844691728918    
 130   482521     0.26958562175229         0.73477815406600    
 131   483585     0.27820365828175         0.74742444783088    
 132   484256     0.28802046973394         0.76148767643688    
 133   484614     0.29716951082417         0.77365259080384    
 134   486200     0.30677079324533         0.78687301568114    
 135   486315     0.31626592996642         0.79582728365041    
 136   486699     0.32545043608130         0.80615796588893    
 137   487212     0.33489187449618         0.81680981834603    
 138   487632     0.34363812246894         0.82478408236124    
 139   488251     0.35322949639153         0.83422202200782    
 140   488715     0.36290851454733         0.84240727298304    
 141   486022     0.37221036389131         0.84915417482157    
 142   489778     0.38187781280130         0.85732081246268    
 143   490990     0.39160195739719         0.86382930190221    
 144   490720     0.40108930970852         0.87047753896820    
 145   490875     0.41033961702186         0.87728426024021    
 146   492407     0.41983870754352         0.88323103918640    
 147   490259     0.42965311314849         0.88778148671435    
 148   491312     0.43910669401449         0.89341712563790    
 149   491813     0.44862095944590         0.89845884074391    
 150   494799     0.45912979733468         0.90396161702709    
 151   493592     0.46850546165462         0.90807184934745    
 152   495223     0.47828948424682         0.91201268855079    
 153   497050     0.48782632229152         0.91619535501481    
 154   495440     0.49768624577784         0.92010413583245    
 155   495656     0.50732027765092         0.92382126274590    
 156   496706     0.51676607713233         0.92684035739598    
 157   497295     0.52702746385295         0.93078708499571    
 158   497942     0.53660614048192         0.93353410328806    
 159   500212     0.54674707597093         0.93728655238456    
 160   503322     0.55694813274555         0.93966746310423    
 161   503438     0.56680150475402         0.94275450224102    
 162   501215     0.57696115433654         0.94523140633156    
 163   499674     0.58713779705715         0.94806592639122    
 164   503401     0.59642218039505         0.95027690194856    
 165   503437     0.60672716023495         0.95280304174195    
 166   504207     0.61732010347163         0.95534623848539    
 167   508820     0.62788850806407         0.95736092495897    
 168   508022     0.63777720195330         0.95946235707553    
 169   508082     0.64781969366452         0.96154004145279    
 170   506306     0.65848554032422         0.96342973945786    
 171   509643     0.66877777772228         0.96519699055729    
 172   511600     0.67921752274492         0.96731286979744    
 173   512747     0.68949005168825         0.96886279286618    
 174   513027     0.69992189879771         0.97052607960793    
 175   513541     0.71081021127791         0.97217147376592    
 176   512819     0.72141512168961         0.97372700045353    
 177   515828     0.73181363250108         0.97530519922658    
 178   518077     0.74254149824165         0.97677879891918    
 179   520154     0.75351227915839         0.97827921121683    
 180   517472     0.76434470227234         0.97950251076466    
 181   519780     0.77494930121205         0.98082382430404    
 182   521042     0.78591836959534         0.98225754938795    
 183   520656     0.79647798531888         0.98343426556998    
 184   525216     0.80807084827741         0.98469822673908    
 185   524748     0.81915107721088         0.98585786382079    
 186   527285     0.82997102189787         0.98690029759850    
 187   526369     0.84148333188971         0.98805328919114    
 188   530246     0.85288252141836         0.98917786483287    
 189   531714     0.86403307265124         0.99023360720808    
 190   530010     0.87535868960112         0.99117739858620    
 191   529422     0.88677860734570         0.99214616203489    
 192   531044     0.89834854631173         0.99309281812520    
 193   535408     0.91010560194242         0.99400794416230    
 194   539642     0.92174512897687         0.99494104115088    
 195   539532     0.93368206410929         0.99577910858166    
 196   540533     0.94544038441102         0.99660433202323    
 197   541229     0.95740849534932         0.99740518095612    
 198   541879     0.96954374370737         0.99820258565850    
 199   543461     0.98158413217396         0.99892037936158    
 200   546672     0.99384486794639         0.99963967727633    
