 obs_sequence
obs_kind_definitions
           4
          38 GPS_PROFILE                     
          39 GND_GPS_VTEC                    
          40 CHAMP_DENSITY                   
          42 GPS_VTEC_EXTRAP                 
  num_copies:            0  num_qc:            0
  num_obs:            8  max_num_obs:            8
  first:            1  last:            8
 OBS            1
          -1           2          -1
obdef
loc3d
     4.450589592585541        0.6981317007977318         200000.0000000000      3
kind
          38
     0     147810
   100.000000000000     
 OBS            2
           1           3          -1
obdef
loc3d
     4.450589592585541        0.6981317007977318         0.000000000000000     -1
kind
          39
     0     147810
   1.00000000000000     
 OBS            3
           2           4          -1
obdef
loc3d
     4.450589592585541        0.6981317007977318         340000.0000000000      3
kind
          40
     0     147810
  1.000000000000000E-010
 OBS            4
           3           5          -1
obdef
loc3d
     4.450589592585541        0.6981317007977318         300000.0000000000      3
kind
          42
     0     147810
   5.00000000000000     
 OBS            5
           4           6          -1
obdef
loc3d
     4.450589592585541        0.6981317007977318         200000.0000000000      3
kind
          38
     3600     147810
   100.000000000000     
 OBS            6
           5           7          -1
obdef
loc3d
     4.450589592585541        0.6981317007977318         0.000000000000000     -1
kind
          39
     3600     147810
   1.00000000000000     
 OBS            7
           6           8          -1
obdef
loc3d
     4.450589592585541        0.6981317007977318         340000.0000000000      3
kind
          40
     3600     147810
  1.000000000000000E-010
 OBS            8
           7          -1          -1
obdef
loc3d
     4.450589592585541        0.6981317007977318         300000.0000000000      3
kind
          42
     3600     147810
   5.00000000000000     
