   1   605253    -0.99215854840574         0.99908924657294    
   2   599782    -0.97670357961185         0.99725952522584    
   3   597026    -0.96151388325688         0.99531230560407    
   4   592383    -0.94670940351809         0.99337138799659    
   5   588186    -0.93217249638666         0.99125799274003    
   6   584462    -0.91786485781008         0.98910180696998    
   7   581003    -0.90387095749889         0.98697874819151    
   8   579423    -0.89003392144952         0.98487073209134    
   9   575079    -0.87657670600548         0.98247831926310    
  10   570622    -0.86340552589157         0.98007520614549    
  11   565767    -0.85017927922612         0.97766458855261    
  12   564844    -0.83719364025690         0.97516716646397    
  13   559459    -0.82418403783286         0.97239755997642    
  14   556447    -0.81167162839680         0.96998187160214    
  15   555235    -0.79882710464895         0.96701149640263    
  16   551770    -0.78659914463957         0.96414033239990    
  17   550519    -0.77525377591700         0.96148386340380    
  18   546309    -0.76328297710881         0.95844790865143    
  19   544931    -0.75114939867018         0.95547863459667    
  20   540640    -0.73965437862865         0.95240416748450    
  21   539550    -0.72734463600681         0.94885282604555    
  22   536573    -0.71630706751133         0.94575971694891    
  23   531214    -0.70482239390200         0.94249108660855    
  24   529597    -0.69365854567392         0.93898996080088    
  25   528020    -0.68243884800439         0.93547577639820    
  26   526247    -0.67164083053832         0.93141029446915    
  27   523089    -0.66089194174719         0.92793798396925    
  28   522706    -0.64998481572728         0.92379528156376    
  29   520345    -0.63954171247384         0.91990625039591    
  30   518273    -0.62848394020647         0.91522367152558    
  31   516561    -0.61838790840236         0.91098134294061    
  32   513955    -0.60785761724231         0.90677605494885    
  33   512316    -0.59801231122506         0.90246706455350    
  34   511061    -0.58713167936608         0.89759034126896    
  35   507440    -0.57708054462050         0.89273921441991    
  36   507031    -0.56644851789092         0.88744506024035    
  37   504522    -0.55663557949282         0.88220879461534    
  38   501652    -0.54667777947224         0.87640022914358    
  39   500991    -0.53717558595192         0.87111228420168    
  40   500721    -0.52705795550772         0.86548774709256    
  41   498440    -0.51709917842265         0.85934090599455    
  42   496234    -0.50792218349691         0.85376386041592    
  43   495372    -0.49828216498647         0.84750327265746    
  44   493836    -0.48834889946522         0.84113038643884    
  45   492237    -0.47881007466263         0.83347647969200    
  46   490010    -0.46965810099996         0.82648018554852    
  47   489743    -0.46069178345217         0.81983153187295    
  48   489463    -0.45030393315441         0.81041278082904    
  49   488033    -0.44114608563709         0.80363406395476    
  50   487485    -0.43270569939550         0.79627440569506    
  51   483633    -0.42278452763561         0.78676221681651    
  52   483567    -0.41418171258613         0.77785881325409    
  53   483356    -0.40532410083788         0.76874935193652    
  54   480654    -0.39579563046188         0.75992977853683    
  55   481875    -0.38651881775653         0.74944864838148    
  56   482160    -0.37720495607383         0.73810758749719    
  57   478330    -0.36845340660963         0.72857602660406    
  58   475061    -0.35917287495774         0.71668591969059    
  59   475143    -0.35076116506919         0.70540498816302    
  60   476189    -0.34187369198686         0.69377361211052    
  61   474706    -0.33314111117715         0.68135197833440    
  62   472837    -0.32413857329849         0.66883741526378    
  63   471556    -0.31528223522324         0.65505976662610    
  64   471899    -0.30634452375124         0.64071925764800    
  65   471210    -0.29807860109232         0.62672844355037    
  66   470407    -0.28904967562662         0.61238637363019    
  67   468759    -0.28039044300494         0.59595531725267    
  68   468452    -0.27175006302276         0.58019735820175    
  69   466256    -0.26299263002578         0.56250825476394    
  70   465872    -0.25411330261377         0.54466189061671    
  71   466843    -0.24583352659640         0.52739295898696    
  72   467680    -0.23736247532700         0.50914645731433    
  73   465485    -0.22953977146344         0.49152587877129    
  74   464238    -0.22059290293124         0.47179797119335    
  75   464803    -0.21125820950021         0.44956601979179    
  76   465130    -0.20318779022313         0.43035606289132    
  77   464439    -0.19453084146962         0.40641152443831    
  78   463350    -0.18684586237701         0.38653981178058    
  79   461754    -0.17798315668343         0.36260772205307    
  80   461601    -0.16979508574896         0.34158118142011    
  81   461388    -0.16135392875564         0.31844045371072    
  82   460265    -0.15273629828282         0.29442084709870    
  83   461160    -0.14495641957907         0.27393222873630    
  84   460574    -0.13728488828314         0.25173311314936    
  85   460537    -0.12792032286077         0.22565308805416    
  86   458964    -0.11946496419327         0.20340747127288    
  87   457687    -0.11197344281973         0.18307083522446    
  88   458130    -0.10378762165286         0.16113233553025    
  89   457598    -0.95842828535383E-01     0.14036027515088    
  90   457498    -0.87452003159811E-01     0.11930156820080    
  91   459715    -0.77991510656362E-01     0.97702954380163E-01
  92   458705    -0.70270811038522E-01     0.80083776909903E-01
  93   456718    -0.62209368650508E-01     0.64537113303247E-01
  94   457574    -0.53796466519817E-01     0.48993595022275E-01
  95   458970    -0.45387944251733E-01     0.35417428149556E-01
  96   459227    -0.36185395933304E-01     0.22977490896104E-01
  97   457669    -0.28223384681333E-01     0.14136726825853E-01
  98   457496    -0.20998298685471E-01     0.78884223060174E-02
  99   456776    -0.12402796457678E-01     0.26888308515350E-02
 100   457089    -0.36224836271044E-02     0.25266936611423E-03
 101   455290     0.37701633827351E-02     0.20541232517890E-03
 102   458354     0.12181285549845E-01     0.24819826692761E-02
 103   456377     0.21096506914874E-01     0.75423341419045E-02
 104   458403     0.28702452076979E-01     0.14111420048125E-01
 105   456720     0.37141143568948E-01     0.23235931461428E-01
 106   457603     0.44773446694043E-01     0.33713461799235E-01
 107   457184     0.53137253729735E-01     0.46819302954625E-01
 108   457550     0.62419798793403E-01     0.63906280771745E-01
 109   458074     0.70737566500326E-01     0.80714169271380E-01
 110   460548     0.78629408300516E-01     0.97415070482305E-01
 111   459070     0.86491678993176E-01     0.11603155822584    
 112   459813     0.94297692997206E-01     0.13450907092228    
 113   458639     0.10299538179262         0.15815440287648    
 114   458814     0.11127199650257         0.17956602450329    
 115   458258     0.11966780294033         0.20137741084402    
 116   458344     0.12746579478019         0.22281699332278    
 117   459615     0.13619903628590         0.24786886741800    
 118   460864     0.14488297044897         0.27109872605076    
 119   460450     0.15255493803288         0.29267293439832    
 120   460261     0.16111995162663         0.31708545323430    
 121   463074     0.16968533422984         0.34003742609072    
 122   463020     0.17835698923794         0.36335377253980    
 123   461431     0.18720581693188         0.38611399440606    
 124   462989     0.19510952611000         0.40550669866219    
 125   463293     0.20342066678353         0.42701295883425    
 126   464369     0.21173853804177         0.44835981974720    
 127   465364     0.22021237078646         0.46877461020971    
 128   466470     0.22885170864412         0.48969022419444    
 129   465161     0.23759498379174         0.50838660088367    
 130   466304     0.24523702515653         0.52432445419761    
 131   467820     0.25456558475685         0.54512305030785    
 132   468844     0.26339520367861         0.56327518442421    
 133   468793     0.27235362610612         0.58140939192035    
 134   469606     0.28074422994168         0.59530789556687    
 135   471500     0.28876088073545         0.61056777456494    
 136   471672     0.29704970464196         0.62522592448252    
 137   473179     0.30640559651873         0.64165542623018    
 138   474647     0.31576971337924         0.65562751494762    
 139   474543     0.32420609946607         0.66827252630267    
 140   475587     0.33313246379073         0.68166535373692    
 141   474571     0.34151536548213         0.69311416001672    
 142   475596     0.35048791613926         0.70554441337111    
 143   476864     0.35971911447338         0.71835493401700    
 144   478166     0.36876875548576         0.72843768003973    
 145   479668     0.37749751918860         0.73855344120321    
 146   482108     0.38655734225440         0.74936731068738    
 147   481708     0.39610414900485         0.75936464471792    
 148   482134     0.40516009889337         0.76886861438763    
 149   483496     0.41338159795292         0.77818130543651    
 150   484890     0.42278363226227         0.78773654518520    
 151   486185     0.43193446677336         0.79551054942137    
 152   487050     0.44139892191655         0.80386877339106    
 153   488759     0.45071218663131         0.81151963341274    
 154   489947     0.45999828701222         0.81911152823112    
 155   489815     0.46994086996965         0.82709453941980    
 156   492979     0.48048999411140         0.83500497604076    
 157   495159     0.48859861743491         0.84101366229417    
 158   495383     0.49859720900232         0.84740349240648    
 159   495301     0.50811629739390         0.85443549507653    
 160   497584     0.51771708142685         0.86056124043295    
 161   499505     0.52714097230255         0.86623761135825    
 162   502206     0.53665250301933         0.87109012383126    
 163   503671     0.54686977462724         0.87703496378757    
 164   505507     0.55727776651305         0.88227154694310    
 165   506550     0.56772425809404         0.88824593776910    
 166   508366     0.57774327359169         0.89294877256325    
 167   509784     0.58755618144125         0.89781243321274    
 168   511990     0.59729294510205         0.90203026237684    
 169   514885     0.60787880961306         0.90694792505882    
 170   516101     0.61896981102219         0.91176898678937    
 171   517410     0.62945209092701         0.91593069501146    
 172   519677     0.63991243557011         0.91989501618575    
 173   520777     0.65070736110709         0.92383090983004    
 174   525734     0.66126470481986         0.92745260869478    
 175   525789     0.67192229278871         0.93076910955472    
 176   529194     0.68305487967449         0.93499199996422    
 177   530412     0.69473152304375         0.93882569694302    
 178   534955     0.70568485145922         0.94189016856380    
 179   535943     0.71719477269271         0.94553021076872    
 180   537386     0.72772633618378         0.94820447189301    
 181   539478     0.73984069517212         0.95188159888282    
 182   542094     0.75174270644503         0.95531890388530    
 183   545424     0.76344807696924         0.95823508579767    
 184   548821     0.77529230628369         0.96111345508103    
 185   552983     0.78727621062663         0.96400635459119    
 186   554577     0.79985005756739         0.96675714644206    
 187   556011     0.81207644128623         0.96947230568973    
 188   560728     0.82443253324882         0.97207407033479    
 189   562957     0.83747430549415         0.97467629709201    
 190   566371     0.85000987916033         0.97718122007843    
 191   570619     0.86337304481259         0.97976909638071    
 192   573822     0.87660492082209         0.98211179152040    
 193   578899     0.89009338443266         0.98463858757947    
 194   579598     0.90406599618947         0.98687917407654    
 195   581613     0.91805062594692         0.98904131715136    
 196   586945     0.93215714489250         0.99118358565757    
 197   593274     0.94674644975672         0.99328968884453    
 198   596918     0.96149667702771         0.99532305422748    
 199   599800     0.97666425320054         0.99724495348898    
 200   605123     0.99214494777523         0.99909111896233    
