   1   530927    -0.99424931431646         0.99976347936473    
   2   530149    -0.98277598067815         0.99930160573638    
   3   528940    -0.97134781177500         0.99882227746305    
   4   528125    -0.95999626043258         0.99833392663197    
   5   526705    -0.94869696794532         0.99782196913991    
   6   526654    -0.93739382086505         0.99730033058004    
   7   525048    -0.92616487626895         0.99675816863603    
   8   524112    -0.91507150922534         0.99619930534810    
   9   523479    -0.90387206602345         0.99563088003974    
  10   522850    -0.89286921225654         0.99504425140512    
  11   521508    -0.88175424428342         0.99441369005225    
  12   520350    -0.87079968863305         0.99379011592718    
  13   520086    -0.85991585177801         0.99313372589009    
  14   519102    -0.84900315354270         0.99246589952475    
  15   517389    -0.83815333928630         0.99177278357650    
  16   517942    -0.82724642178297         0.99101081241979    
  17   516412    -0.81658923088645         0.99027494124779    
  18   516884    -0.80586943108910         0.98952428818790    
  19   513711    -0.79498106476549         0.98867355280538    
  20   514938    -0.78440912805579         0.98785391465771    
  21   513898    -0.77381868038151         0.98700486830027    
  22   512484    -0.76321972902524         0.98613343691637    
  23   511648    -0.75270676823030         0.98510520128815    
  24   511226    -0.74216296671471         0.98411527214862    
  25   510579    -0.73164014224743         0.98320782222607    
  26   510431    -0.72134362523081         0.98215665989210    
  27   509084    -0.71073982824875         0.98108459165987    
  28   508183    -0.70045205842479         0.97992467332788    
  29   507512    -0.69017977639727         0.97874988404670    
  30   507338    -0.67986007460619         0.97748798054929    
  31   505441    -0.66934291145791         0.97621979023260    
  32   505226    -0.65925309169848         0.97490958633900    
  33   505357    -0.64904862795512         0.97339592187504    
  34   504833    -0.63891885302344         0.97213172712459    
  35   504511    -0.62875391485532         0.97050349879944    
  36   503133    -0.61876126659401         0.96908146518063    
  37   503379    -0.60831519621653         0.96729070953737    
  38   502252    -0.59823145834429         0.96570757034753    
  39   500587    -0.58822719867591         0.96388467733381    
  40   501694    -0.57811762974814         0.96187433381787    
  41   500955    -0.56826663556740         0.96008554781679    
  42   500490    -0.55837042580800         0.95805591299438    
  43   499137    -0.54839910960353         0.95583300656103    
  44   498216    -0.53839611587806         0.95357661883533    
  45   498587    -0.52865615404632         0.95124185907739    
  46   497970    -0.51855049697431         0.94895068015068    
  47   496736    -0.50863849789026         0.94627550859975    
  48   497962    -0.49887018903215         0.94341440788694    
  49   496888    -0.48896881162779         0.94076924264760    
  50   495149    -0.47888162818409         0.93733812520901    
  51   496240    -0.46919002314488         0.93438260298466    
  52   494200    -0.45949062841517         0.93080043796680    
  53   495451    -0.44995172041338         0.92764561343652    
  54   495738    -0.44013268937665         0.92378519214640    
  55   494766    -0.43049023723005         0.91988517276494    
  56   493522    -0.42061935806867         0.91566402377613    
  57   493181    -0.41095196991750         0.91087538610954    
  58   492223    -0.40144742581360         0.90642653785616    
  59   491202    -0.39174340219456         0.90151626725264    
  60   492535    -0.38221156164341         0.89631140896374    
  61   491509    -0.37262765808180         0.89060294458352    
  62   490888    -0.36289955553962         0.88455584415516    
  63   491716    -0.35303802844342         0.87829310569327    
  64   491809    -0.34376945965115         0.87133263633593    
  65   489758    -0.33424877017296         0.86365102446232    
  66   490233    -0.32449611301569         0.85662252155937    
  67   490230    -0.31534744889593         0.84865793651053    
  68   491433    -0.30503002466658         0.83845272120012    
  69   488305    -0.29578271168097         0.82913435742164    
  70   488826    -0.28639495039337         0.81915520240408    
  71   488419    -0.27679925137779         0.80714693414907    
  72   488478    -0.26772001305369         0.79631674702914    
  73   488051    -0.25788092829155         0.78367416651302    
  74   488291    -0.24876344281308         0.76980637069865    
  75   487781    -0.23923684754712         0.75467965145226    
  76   488521    -0.22994111196672         0.73940843928058    
  77   487193    -0.22031225626241         0.72170094971317    
  78   486760    -0.21080742489877         0.70279379921411    
  79   487970    -0.20114049358518         0.68270826073081    
  80   487034    -0.19185742116578         0.65927616370809    
  81   487050    -0.18229214660345         0.63602502151172    
  82   486983    -0.17346643873959         0.61213320480324    
  83   486464    -0.16382106894757         0.58388217189055    
  84   486354    -0.15422266288726         0.55344041286628    
  85   485845    -0.14503860716955         0.52269157585436    
  86   486213    -0.13576499153773         0.49017983829144    
  87   485835    -0.12642402414314         0.45248155818071    
  88   484930    -0.11680876379808         0.41317899185777    
  89   484915    -0.10714476366239         0.37288962122627    
  90   486426    -0.97768209867257E-01     0.33019757370753    
  91   485377    -0.88994329735170E-01     0.29042190635144    
  92   485493    -0.79742592780115E-01     0.24610379573324    
  93   485683    -0.70177925241469E-01     0.20237267296819    
  94   485554    -0.60388894280756E-01     0.15814932817245    
  95   486151    -0.51619210790140E-01     0.12040786690859    
  96   486085    -0.42014843635409E-01     0.83192711753062E-01
  97   484353    -0.32731984383266E-01     0.52401769682276E-01
  98   485345    -0.23424318959540E-01     0.27529248179231E-01
  99   485151    -0.14317119980273E-01     0.10609607306022E-01
 100   485968    -0.47495046013329E-02     0.12125016865987E-02
 101   485884     0.46203014061155E-02     0.10356007889027E-02
 102   484245     0.14036935128751E-01     0.97718843771333E-02
 103   484469     0.23216768873361E-01     0.26474993681497E-01
 104   486609     0.32971068288317E-01     0.52203230298746E-01
 105   485413     0.41802456183631E-01     0.81766176356332E-01
 106   485590     0.51035402133244E-01     0.11705140602614    
 107   484770     0.60826671706355E-01     0.15878506967828    
 108   485110     0.70266179010138E-01     0.20207607555962    
 109   485780     0.79494741453807E-01     0.24456489061522    
 110   486465     0.88596083749867E-01     0.28678217219346    
 111   485786     0.98232968312594E-01     0.33203691200751    
 112   486149     0.10731145157025         0.37310499694638    
 113   485452     0.11699937051374         0.41436971144161    
 114   485207     0.12606472673450         0.45192368749900    
 115   487014     0.13567414028055         0.48928666562035    
 116   486279     0.14488315912344         0.52307120637413    
 117   486422     0.15429923090248         0.55458566431612    
 118   485996     0.16372856641823         0.58561131874038    
 119   486513     0.17328211741694         0.61391040649274    
 120   486719     0.18280006812460         0.63873586202430    
 121   487728     0.19232475370551         0.66311214488532    
 122   486116     0.20151911263023         0.68337029908993    
 123   486705     0.21075815010324         0.70352624148998    
 124   487990     0.22024362881999         0.72321886842940    
 125   488796     0.22944315238236         0.73933211840573    
 126   488415     0.23909482958608         0.75633568953946    
 127   487776     0.24859046851031         0.77144300720140    
 128   488865     0.25799893412361         0.78547614432185    
 129   488629     0.26756455945489         0.79758422663138    
 130   488759     0.27702878168101         0.80959403571385    
 131   490249     0.28627778229080         0.82049669285907    
 132   489654     0.29606796921253         0.83077127726573    
 133   489705     0.30580919136637         0.84167861465519    
 134   490744     0.31501332557509         0.84936296890096    
 135   490276     0.32498279489344         0.85799214577384    
 136   489278     0.33432960128975         0.86563066501643    
 137   490790     0.34387809955203         0.87261039928026    
 138   490714     0.35351380810594         0.87954503505704    
 139   491302     0.36304996530772         0.88582081629868    
 140   491266     0.37273820355343         0.89134950785556    
 141   493541     0.38212018578515         0.89711653192042    
 142   493661     0.39203133289111         0.90301997747512    
 143   493074     0.40165942435804         0.90773414377911    
 144   492425     0.41126160507664         0.91211209372244    
 145   493596     0.42093587867876         0.91626468963177    
 146   494349     0.43069121432815         0.92069788677689    
 147   494643     0.44050585848690         0.92453175027171    
 148   495526     0.45013900729927         0.92836108648162    
 149   494510     0.46015998769594         0.93178486825206    
 150   495954     0.46962325798920         0.93515125357857    
 151   495668     0.47959240114619         0.93832059805402    
 152   497429     0.48913677454977         0.94108934430451    
 153   496873     0.49932714328634         0.94398032085900    
 154   496908     0.50912483599491         0.94655504388343    
 155   497842     0.51893268518482         0.94916845988099    
 156   499262     0.52887017328341         0.95153076217786    
 157   498335     0.53874702979143         0.95387709295335    
 158   500060     0.54859888360637         0.95601346661437    
 159   499975     0.55877408567010         0.95819434374877    
 160   500692     0.56844376449854         0.96008907615407    
 161   499947     0.57848655063942         0.96213413207282    
 162   500821     0.58871671630347         0.96389116380908    
 163   502757     0.59870821121239         0.96573910781485    
 164   501873     0.60894636008398         0.96735014713140    
 165   503740     0.61891522046214         0.96893142429818    
 166   504516     0.62924662932420         0.97051083681744    
 167   503880     0.63913582511481         0.97196983745482    
 168   505558     0.64923474485709         0.97332798801934    
 169   505801     0.65964282375277         0.97480369162947    
 170   505204     0.66998483670563         0.97610578008243    
 171   507217     0.68011811590707         0.97734994165060    
 172   506522     0.69047852235919         0.97851028936722    
 173   508986     0.70089968146225         0.97971938411585    
 174   509229     0.71122169778669         0.98084547266015    
 175   509042     0.72166177719997         0.98193506177802    
 176   509713     0.73198123497634         0.98294494679735    
 177   512134     0.74259731981591         0.98402850429421    
 178   511233     0.75299352258602         0.98497255209617    
 179   512276     0.76355842285810         0.98585732821927    
 180   513363     0.77394059074541         0.98678160730498    
 181   513449     0.78470847182878         0.98765271055444    
 182   514759     0.79526516660233         0.98851308586684    
 183   515788     0.80601513703300         0.98930465356441    
 184   515300     0.81676385591864         0.99012091771610    
 185   516753     0.82748595325286         0.99087820654831    
 186   519069     0.83824685518143         0.99162517192854    
 187   518020     0.84911705175744         0.99234920429212    
 188   519340     0.86007016478077         0.99304344934037    
 189   519939     0.87095203721816         0.99369311479319    
 190   522382     0.88188493125436         0.99434402524457    
 191   521239     0.89296457708918         0.99497630783801    
 192   522717     0.90393801680094         0.99558050410267    
 193   523792     0.91507791814118         0.99616016438718    
 194   525103     0.92624055222682         0.99672939579448    
 195   526175     0.93746748128738         0.99728107305665    
 196   526407     0.94869660084625         0.99781500558152    
 197   527897     0.96000166682271         0.99832145899824    
 198   528535     0.97135955213085         0.99882059527585    
 199   530128     0.98277958526447         0.99929828649063    
 200   530808     0.99424930771495         0.99976321213942    
