     0        200
 -102.325899066328802
     0        200
 -102.089122802783251
     0        200
 -102.375486089784971
     0        200
 -102.119443323061830
     0        200
 -102.686292742123243
     0        200
 -102.112367124249445
     0        200
 -102.377676589380329
     0        200
 -102.400259589764687
     0        200
 -102.231888768051419
     0        200
 -102.298161290478603
     0        200
 -102.198289762750832
     0        200
 -102.001045658321630
     0        200
 -102.259803532608373
     0        200
 -102.575840760375200
     0        200
 -102.675440371557443
     0        200
 -102.203938027580080
     0        200
 -101.912524516403991
     0        200
 -102.466441218798408
     0        200
 -102.196543318278401
     0        200
 -102.222719375651394
