   1   525083    -0.99439904926956         0.99981105216474    
   2   523820    -0.98323198994658         0.99944536330554    
   3   523183    -0.97209515657678         0.99906664842900    
   4   522653    -0.96101156428462         0.99867845026012    
   5   521924    -0.94997080780342         0.99827588846322    
   6   521310    -0.93892107121605         0.99786295053878    
   7   519775    -0.92798718472490         0.99743718498022    
   8   519562    -0.91702511430118         0.99699683053934    
   9   519245    -0.90610390602154         0.99653649928120    
  10   517927    -0.89527221836646         0.99607449852978    
  11   516940    -0.88441797072888         0.99559043351659    
  12   517838    -0.87366777119888         0.99507639023151    
  13   514529    -0.86282591824353         0.99456668704205    
  14   516207    -0.85223344534903         0.99402959972065    
  15   515048    -0.84139886924231         0.99348233054668    
  16   513387    -0.83078327772330         0.99289619176256    
  17   513797    -0.82019125187984         0.99230154805173    
  18   513216    -0.80953726988213         0.99170415842651    
  19   511576    -0.79894235649460         0.99103599244633    
  20   511302    -0.78845062967106         0.99037181681877    
  21   511301    -0.77805627757235         0.98970900103442    
  22   510592    -0.76744544381576         0.98900405396754    
  23   509239    -0.75698826652858         0.98822345600126    
  24   509485    -0.74658152530664         0.98748093075023    
  25   508628    -0.73617574838888         0.98664996024950    
  26   508102    -0.72577176097992         0.98583195790260    
  27   506796    -0.71556033961805         0.98499162798721    
  28   507080    -0.70512247640639         0.98405553767269    
  29   507417    -0.69491008383642         0.98313867851203    
  30   505879    -0.68453582155601         0.98214262162779    
  31   505190    -0.67440763879070         0.98113431250715    
  32   504566    -0.66409152399933         0.98003133599135    
  33   504233    -0.65404767883829         0.97900043145042    
  34   504057    -0.64383903709654         0.97787643491356    
  35   502033    -0.63364693585198         0.97655940435676    
  36   503430    -0.62345702355481         0.97532377414895    
  37   502771    -0.61339029940653         0.97402792315634    
  38   502366    -0.60328128337538         0.97261803647322    
  39   500705    -0.59313398348592         0.97122384052071    
  40   500745    -0.58332075200260         0.96974894282952    
  41   501377    -0.57335146802234         0.96814127958565    
  42   499796    -0.56321842479585         0.96642616626225    
  43   499702    -0.55341666230921         0.96481375237720    
  44   498692    -0.54322965251730         0.96298100815724    
  45   499631    -0.53347102617932         0.96098464108766    
  46   497923    -0.52351122699942         0.95905455323035    
  47   497677    -0.51357636756676         0.95703214666633    
  48   497474    -0.50366284676488         0.95471518429388    
  49   497970    -0.49364584028448         0.95236227497411    
  50   497317    -0.48388668189088         0.94992406089361    
  51   496788    -0.47423752323281         0.94734586300586    
  52   495803    -0.46424661812142         0.94446373095166    
  53   496430    -0.45444004596881         0.94179688618739    
  54   495392    -0.44455103708988         0.93859869632610    
  55   496079    -0.43483086251072         0.93528494400529    
  56   494841    -0.42532587318565         0.93189939768391    
  57   493689    -0.41526872330119         0.92811923310357    
  58   493991    -0.40580025052985         0.92441943420329    
  59   493763    -0.39584822817863         0.92015361597955    
  60   492989    -0.38618497353314         0.91568894885100    
  61   493722    -0.37670497355293         0.91122141408920    
  62   493324    -0.36704327654258         0.90625028931304    
  63   492772    -0.35706622213089         0.90062995888650    
  64   492557    -0.34738595367867         0.89496008536656    
  65   492744    -0.33777394393649         0.88865101958825    
  66   492472    -0.32839727495493         0.88242284254746    
  67   491979    -0.31869136470253         0.87540211925303    
  68   492521    -0.30893613049739         0.86801638714339    
  69   490322    -0.29934146378579         0.85931605522387    
  70   490829    -0.28983293745136         0.85066890403910    
  71   490872    -0.28027464103507         0.84135714747375    
  72   490438    -0.27076075873487         0.83064398861385    
  73   490323    -0.26115194109548         0.81998137276424    
  74   490952    -0.25143966086732         0.80726152754581    
  75   490686    -0.24170817137025         0.79392694220957    
  76   489890    -0.23251417523518         0.78061739582751    
  77   490306    -0.22290274005908         0.76517124909661    
  78   488748    -0.21356945293565         0.74846562845681    
  79   489743    -0.20391789268773         0.73052143682496    
  80   489953    -0.19407562466887         0.70958907177604    
  81   488402    -0.18495649653570         0.68836015434184    
  82   488278    -0.17525566932111         0.66403266465334    
  83   490492    -0.16553564588858         0.63776910652253    
  84   490085    -0.15650637747763         0.61029308136073    
  85   489158    -0.14664676093396         0.57838575028834    
  86   488831    -0.13734566672630         0.54555393568384    
  87   487298    -0.12789836288461         0.50983868067049    
  88   488531    -0.11821530050894         0.46976890864823    
  89   488465    -0.10875685558549         0.42827014708581    
  90   488069    -0.99605419349012E-01     0.38568448845021    
  91   489007    -0.89943592333238E-01     0.33821449885269    
  92   488124    -0.80525838326542E-01     0.29118226643733    
  93   487142    -0.70887938001412E-01     0.24118809291034    
  94   488753    -0.61563874711003E-01     0.19273699458439    
  95   486939    -0.51964997497856E-01     0.14522267557303    
  96   489452    -0.42490809317220E-01     0.10216284730577    
  97   487426    -0.33285500375899E-01     0.65447045053500E-01
  98   488439    -0.23590535491053E-01     0.34063088122067E-01
  99   487541    -0.14208888050695E-01     0.12589763724512E-01
 100   488870    -0.49588711669808E-02     0.16264004253476E-02
 101   487521     0.47018712841762E-02     0.13363783798251E-02
 102   488338     0.14317665420956E-01     0.12562630348383E-01
 103   487212     0.23694097312339E-01     0.33605190742324E-01
 104   487416     0.33130244569612E-01     0.64153583423394E-01
 105   488433     0.42571369095951E-01     0.10182480286432    
 106   487610     0.51736667768447E-01     0.14377378812771    
 107   488331     0.61459020773970E-01     0.19145958067355    
 108   488037     0.70944963570238E-01     0.24079125977721    
 109   489773     0.80545195382347E-01     0.29001234813848    
 110   488779     0.89832810668695E-01     0.33782614562491    
 111   487755     0.99033079760305E-01     0.38368693893453    
 112   488432     0.10891448674369         0.43004153544798    
 113   488335     0.11853458593473         0.47187120920719    
 114   489303     0.12794093896078         0.51113726946344    
 115   489137     0.13739727148167         0.54742860366802    
 116   488563     0.14670432685982         0.58067478263151    
 117   488686     0.15613198711589         0.61044996402185    
 118   489978     0.16601849668103         0.64083511858854    
 119   488530     0.17538861766104         0.66583178785120    
 120   489520     0.18482803999778         0.68974449799536    
 121   489470     0.19418454507634         0.71194909704324    
 122   490325     0.20382357520911         0.73164452960089    
 123   489526     0.21352790902325         0.75098557665944    
 124   489495     0.22305108336864         0.76730069928615    
 125   489164     0.23260701917515         0.78212001195434    
 126   491043     0.24201765135921         0.79674556472609    
 127   491232     0.25151762271170         0.80923314033673    
 128   490489     0.26104593025297         0.82157743969816    
 129   490188     0.27078558678699         0.83312775518648    
 130   491597     0.28024504653586         0.84276993838863    
 131   491222     0.28983100461037         0.85233945233930    
 132   491054     0.29965468963198         0.86153321325558    
 133   491881     0.30923313613453         0.86946522613941    
 134   491006     0.31865849305571         0.87685264401522    
 135   492331     0.32846309248907         0.88356279147680    
 136   493685     0.33823756440082         0.89020618112306    
 137   492581     0.34772260466240         0.89634924694087    
 138   491364     0.35756446636540         0.90214054885067    
 139   492418     0.36708758821671         0.90750705365750    
 140   494302     0.37681730719327         0.91210061471743    
 141   494241     0.38627743608181         0.91655410529910    
 142   494786     0.39616789775350         0.92120882098009    
 143   493984     0.40593109111350         0.92512332969154    
 144   494097     0.41546202217855         0.92909081298443    
 145   496480     0.42549019416427         0.93270127871053    
 146   494400     0.43521294230949         0.93604442597474    
 147   495755     0.44512806583110         0.93949324282846    
 148   495785     0.45471836319259         0.94238991297856    
 149   496165     0.46466946881886         0.94511357565413    
 150   496194     0.47439434794862         0.94784466955843    
 151   495898     0.48412127963107         0.95013373638648    
 152   498647     0.49420799599510         0.95293361636051    
 153   497479     0.50385822395364         0.95504807884407    
 154   498105     0.51408207553442         0.95735878644941    
 155   498639     0.52364252411123         0.95930535027152    
 156   498695     0.53344581830509         0.96118039231914    
 157   499022     0.54378498511918         0.96325891587420    
 158   499742     0.55380844952666         0.96504539981828    
 159   499753     0.56348096830137         0.96652382540148    
 160   499268     0.57350512512208         0.96832776103822    
 161   500614     0.58374035116979         0.96980741751693    
 162   502512     0.59357617906109         0.97132086853613    
 163   501777     0.60366362147044         0.97271769412352    
 164   502528     0.61373947847281         0.97400659960458    
 165   502722     0.62382966106692         0.97530706682769    
 166   502747     0.63402164897336         0.97661713218465    
 167   503396     0.64421387644094         0.97775024264086    
 168   504804     0.65415128117623         0.97890304927165    
 169   504256     0.66456823220270         0.97999459083882    
 170   504766     0.67468869047341         0.98106869899259    
 171   506424     0.68487099878949         0.98204878859398    
 172   506329     0.69520325877599         0.98303344165585    
 173   505335     0.70540290769595         0.98396161099865    
 174   507556     0.71577302027608         0.98479287833185    
 175   507622     0.72603892400887         0.98573701495478    
 176   508111     0.73646489225983         0.98656611559046    
 177   509369     0.74692892793895         0.98732965889024    
 178   509506     0.75721901015814         0.98812859559994    
 179   510597     0.76766803949615         0.98884645026196    
 180   510143     0.77808501840461         0.98957357758711    
 181   510509     0.78866559118745         0.99028245263179    
 182   512109     0.79918821859567         0.99095338885307    
 183   513238     0.80973799657268         0.99160569010181    
 184   512818     0.82028121399642         0.99220115899596    
 185   513458     0.83097745629932         0.99280743593912    
 186   514461     0.84158523652953         0.99339478039504    
 187   515449     0.85226409436522         0.99396038860326    
 188   515192     0.86302885929463         0.99450705239708    
 189   516666     0.87372060790459         0.99502112232945    
 190   517012     0.88451976475151         0.99554289891155    
 191   517933     0.89533824776534         0.99603677151352    
 192   518558     0.90618068243834         0.99650645928042    
 193   519368     0.91709641958207         0.99697481677424    
 194   519761     0.92800496607974         0.99741938076547    
 195   521021     0.93900441196835         0.99784781373342    
 196   521622     0.94998061849698         0.99827103685992    
 197   522049     0.96102783651601         0.99867401287937    
 198   522964     0.97210248501111         0.99906399477031    
 199   524016     0.98323710832028         0.99944417641202    
 200   524768     0.99440261149313         0.99981084564411    
