   1   532170    -0.99421642496958         0.99975346468660    
   2   531459    -0.98267699808688         0.99926961014293    
   3   529952    -0.97119252465460         0.99877091532912    
   4   529384    -0.95976810057493         0.99825548470533    
   5   527983    -0.94841262475728         0.99772356351450    
   6   528023    -0.93707178400761         0.99718163085466    
   7   525687    -0.92580349254361         0.99660374014661    
   8   525933    -0.91459943328533         0.99603931077835    
   9   524470    -0.90341056667412         0.99543099213711    
  10   522850    -0.89228658514113         0.99480569335371    
  11   522443    -0.88121880235834         0.99417299490437    
  12   521605    -0.87023673969545         0.99352899210962    
  13   520887    -0.85922690183917         0.99281086526750    
  14   519479    -0.84825225119121         0.99210740342489    
  15   519005    -0.83744016777961         0.99140041096478    
  16   518507    -0.82648044224781         0.99060665283775    
  17   517541    -0.81578009966307         0.98981805486239    
  18   515857    -0.80489416882235         0.98901191118424    
  19   515548    -0.79432167075137         0.98818811006606    
  20   514477    -0.78367866701729         0.98731108712346    
  21   514169    -0.77292009964277         0.98640925329091    
  22   514564    -0.76241695028140         0.98543251489257    
  23   511658    -0.75165973902075         0.98450786106851    
  24   510860    -0.74122941248434         0.98345110764819    
  25   511082    -0.73075086714513         0.98243930393519    
  26   510091    -0.72028845907705         0.98128284887961    
  27   510508    -0.70977771675008         0.98019448095793    
  28   508277    -0.69940174483359         0.97897037519407    
  29   507836    -0.68900375715163         0.97772242503668    
  30   506401    -0.67884805672964         0.97649221854835    
  31   507606    -0.66845097689503         0.97518103868065    
  32   505532    -0.65819240969951         0.97370385743309    
  33   506301    -0.64809448776088         0.97233416179963    
  34   504556    -0.63776341181923         0.97076049532802    
  35   503970    -0.62767622262561         0.96931572406444    
  36   502483    -0.61741451614409         0.96756825398155    
  37   502817    -0.60734081165188         0.96588009650819    
  38   503271    -0.59744052977224         0.96407813907102    
  39   500981    -0.58743394910287         0.96232834322263    
  40   501401    -0.57697938686240         0.96025240014655    
  41   500672    -0.56723215156826         0.95820475581917    
  42   500089    -0.55714377952453         0.95610016306759    
  43   499847    -0.54722646880313         0.95388258032001    
  44   498826    -0.53726066268904         0.95161946604437    
  45   498132    -0.52751770660020         0.94909997522737    
  46   497845    -0.51745553406907         0.94652421034558    
  47   496979    -0.50745728639218         0.94377614840787    
  48   498702    -0.49766267607664         0.94105893276463    
  49   495913    -0.48807660639447         0.93790534785593    
  50   495630    -0.47837905779245         0.93491027925856    
  51   494443    -0.46845464503022         0.93160677113528    
  52   496152    -0.45879066412707         0.92816028465348    
  53   494639    -0.44874297557274         0.92427165416634    
  54   493268    -0.43892101944123         0.92052848637568    
  55   494145    -0.42977288748049         0.91670109557876    
  56   492589    -0.41960779614093         0.91171131064516    
  57   493075    -0.41003158980117         0.90737479559750    
  58   492805    -0.40050279298990         0.90284639107006    
  59   491728    -0.39085861783356         0.89754050804506    
  60   492770    -0.38105635597937         0.89205072076177    
  61   491522    -0.37147648087465         0.88579606637141    
  62   491449    -0.36212196703677         0.87996816742047    
  63   490956    -0.35270609981133         0.87361931631983    
  64   490420    -0.34263713496652         0.86616486880980    
  65   488642    -0.33337736934776         0.85919794882245    
  66   489178    -0.32349840260859         0.85004252724625    
  67   490217    -0.31428470485885         0.84235698053263    
  68   488804    -0.30482063944116         0.83280647552997    
  69   488356    -0.29542013347616         0.82309311721815    
  70   489686    -0.28553868710423         0.81202543125171    
  71   488575    -0.27631163724038         0.80158453893801    
  72   488087    -0.26708984383325         0.78974755705626    
  73   487746    -0.25720317141167         0.77541879072721    
  74   487161    -0.24800440414292         0.76202740725546    
  75   487689    -0.23857517759493         0.74676563239682    
  76   487906    -0.22911934018865         0.73058636229590    
  77   486764    -0.21973527085041         0.71160674657048    
  78   488107    -0.20994790411234         0.69297010210833    
  79   485780    -0.20102386920687         0.67343010079779    
  80   486396    -0.19156192748837         0.65152419598741    
  81   486353    -0.18214118460378         0.62720152385367    
  82   485702    -0.17276283660098         0.60061168451328    
  83   485812    -0.16348409430114         0.57311541980679    
  84   485914    -0.15410235587434         0.54445073013479    
  85   486631    -0.14440658606895         0.51058708948718    
  86   486009    -0.13497634122608         0.47658333282346    
  87   485697    -0.12583869737883         0.44147223876315    
  88   484725    -0.11667022191445         0.40416677758253    
  89   484605    -0.10709092697409         0.36293609292231    
  90   484968    -0.98174468975968E-01     0.32438966589552    
  91   485259    -0.88699231444342E-01     0.28028868509801    
  92   484670    -0.79184379277988E-01     0.23694465662414    
  93   484910    -0.70004347469750E-01     0.19501512554723    
  94   484728    -0.60527361028561E-01     0.15333060253939    
  95   484413    -0.51413889827166E-01     0.11547643905433    
  96   484469    -0.41928955296586E-01     0.80137952122812E-01
  97   484803    -0.32641328955176E-01     0.50172920210336E-01
  98   486007    -0.23306686391601E-01     0.26392293784290E-01
  99   484287    -0.14004413870231E-01     0.98193094127902E-02
 100   484884    -0.46369801067137E-02     0.11275192922408E-02
 101   484629     0.46473789548154E-02     0.98874638264249E-03
 102   484539     0.13592568149253E-01     0.87572741030965E-02
 103   484987     0.23586660693260E-01     0.26271818771934E-01
 104   485185     0.32573474215179E-01     0.49282092071127E-01
 105   484604     0.41747778812909E-01     0.78698271974419E-01
 106   484534     0.50986187381164E-01     0.11282701910047    
 107   484905     0.60491905358201E-01     0.15248131042449    
 108   484141     0.70096991122873E-01     0.19428802145538    
 109   485303     0.79023573921517E-01     0.23519836539696    
 110   484690     0.88437690098182E-01     0.27930895090834    
 111   484653     0.97697607053880E-01     0.32104810707886    
 112   486006     0.10741254801968         0.36436559312027    
 113   484970     0.11677616137248         0.40475007021224    
 114   485679     0.12570414462295         0.44079362999862    
 115   486637     0.13529492164423         0.47803586970848    
 116   485710     0.14478581977493         0.51234905379303    
 117   485193     0.15384865373197         0.54353629637618    
 118   486327     0.16321266129427         0.57420406372253    
 119   487593     0.17270067104143         0.60130178468935    
 120   485947     0.18215465527731         0.62814089644551    
 121   485957     0.19157344478790         0.65236821482529    
 122   486500     0.20100493973831         0.67511514840501    
 123   487276     0.21034949240829         0.69463157180776    
 124   486679     0.21939769442633         0.71316452168099    
 125   487966     0.22917867320066         0.73217011096269    
 126   487660     0.23836266422212         0.74761350993323    
 127   486753     0.24800891512771         0.76359670636398    
 128   487317     0.25718153911544         0.77709979707666    
 129   488162     0.26735437043322         0.79118547440438    
 130   489189     0.27616800756132         0.80292421590614    
 131   489401     0.28577513188300         0.81391833216552    
 132   488950     0.29556583794186         0.82453555644630    
 133   488581     0.30469900330478         0.83466658227963    
 134   490181     0.31413064851155         0.84331795094377    
 135   489778     0.32410579573778         0.85206218434348    
 136   490448     0.33369335183447         0.86029906838390    
 137   491279     0.34314852658816         0.86773823639517    
 138   491044     0.35257164779278         0.87508971912990    
 139   490488     0.36223962523308         0.88130633094781    
 140   492884     0.37194505536479         0.88787310365246    
 141   491169     0.38137560032748         0.89308932979266    
 142   493020     0.39111152299521         0.89850411661698    
 143   491984     0.40049116186057         0.90341618923710    
 144   493961     0.41062958204392         0.90884135861804    
 145   493324     0.42001968077641         0.91319072715895    
 146   493683     0.42982057201234         0.91736489183897    
 147   493740     0.43950806559959         0.92128530661376    
 148   494179     0.44928668355554         0.92497644033119    
 149   494840     0.45890858494868         0.92884479799444    
 150   495273     0.46870862085588         0.93218093031752    
 151   495838     0.47854052256960         0.93555022170679    
 152   496249     0.48816200096827         0.93853849952635    
 153   497377     0.49816954294128         0.94158882786154    
 154   498579     0.50783501336292         0.94410574358744    
 155   497572     0.51778890356719         0.94687941571691    
 156   498613     0.52775056610322         0.94957533056343    
 157   498982     0.53773895855097         0.95192633387443    
 158   499175     0.54765905659523         0.95425114187810    
 159   499696     0.55773570077404         0.95628462194767    
 160   500089     0.56767950587914         0.95854844630995    
 161   500770     0.57738111214719         0.96026903001436    
 162   501893     0.58786420930980         0.96248793629705    
 163   501144     0.59781736339719         0.96417293571937    
 164   503572     0.60763598857895         0.96582522186298    
 165   502505     0.61793847414550         0.96763064034837    
 166   505103     0.62796323000214         0.96916111833473    
 167   504391     0.63801229669669         0.97067416073815    
 168   504607     0.64843650876823         0.97221413364267    
 169   506007     0.65861941851042         0.97361649490977    
 170   507645     0.66904081289228         0.97496760591496    
 171   506916     0.67895313344373         0.97629557431787    
 172   506531     0.68966883925179         0.97757296008665    
 173   508406     0.69969480086547         0.97880800134109    
 174   510086     0.71027147638849         0.97997378935319    
 175   509510     0.72063982456496         0.98109579879282    
 176   510949     0.73106932352779         0.98215562017865    
 177   511484     0.74151197360634         0.98323991856471    
 178   511173     0.75211441252194         0.98425205827174    
 179   513216     0.76273606982984         0.98524836984224    
 180   513140     0.77304911459440         0.98617128705384    
 181   513786     0.78389026787059         0.98712205356872    
 182   515812     0.79448426642924         0.98795322456524    
 183   516649     0.80518257477883         0.98881866681605    
 184   516300     0.81603597569055         0.98967238947110    
 185   517566     0.82671328371890         0.99044821990688    
 186   518230     0.83755585515874         0.99123874929388    
 187   520219     0.84844422061573         0.99198613083252    
 188   519672     0.85937176830804         0.99269182993449    
 189   521868     0.87028421598998         0.99340150047981    
 190   522626     0.88139017316367         0.99409726928421    
 191   522863     0.89239753484895         0.99472901314629    
 192   523107     0.90351244680379         0.99537828648909    
 193   524493     0.91464470027569         0.99598306545866    
 194   526326     0.92584513549151         0.99657859002545    
 195   527368     0.93712345328833         0.99716021704801    
 196   527804     0.94842344847546         0.99770459269561    
 197   528773     0.95978443043431         0.99824726219284    
 198   529897     0.97120822163406         0.99876501716148    
 199   530971     0.98267596617302         0.99926740218978    
 200   532393     0.99421334019315         0.99975262221121    
