   1   682532    -0.98944428453551         0.99814767151268    
   2   672433    -0.96905741282638         0.99436237937845    
   3   662470    -0.94965647449589         0.99030214330821    
   4   656685    -0.93104975233375         0.98629629532357    
   5   647358    -0.91348385524595         0.98226685773514    
   6   640528    -0.89617738582580         0.97791476956081    
   7   631088    -0.87991674757833         0.97373183980114    
   8   626600    -0.86361733736398         0.96920274926398    
   9   617530    -0.84827185229546         0.96490651915526    
  10   612023    -0.83291457203520         0.96011812202593    
  11   604592    -0.81824624370735         0.95530669477860    
  12   601066    -0.80383124050345         0.95056163375291    
  13   594977    -0.79012226846032         0.94598993949310    
  14   591459    -0.77594287104227         0.94121745720897    
  15   583295    -0.76309052770519         0.93646752176810    
  16   579810    -0.74952153693874         0.93119443713546    
  17   574472    -0.73690504152590         0.92604684246711    
  18   569790    -0.72427569176878         0.92057043785842    
  19   565700    -0.71110059742837         0.91508121859473    
  20   559090    -0.69969947615840         0.90977599988474    
  21   555745    -0.68722396644304         0.90360741697002    
  22   553137    -0.67566003903724         0.89832804181807    
  23   549995    -0.66390357133010         0.89258975818077    
  24   545176    -0.65261022118213         0.88612117011953    
  25   540486    -0.64117630423096         0.88025552542148    
  26   537348    -0.62956510554903         0.87324914177577    
  27   531798    -0.61941301162246         0.86747203094202    
  28   530159    -0.60846741362401         0.86185479795716    
  29   526702    -0.59728276662017         0.85418867268671    
  30   524017    -0.58698688531310         0.84786535678711    
  31   521549    -0.57666933971427         0.84129922261042    
  32   518883    -0.56634897480369         0.83302983232809    
  33   515242    -0.55691611141631         0.82695252063462    
  34   510873    -0.54634158672030         0.81895134312987    
  35   508194    -0.53599371186910         0.81069963655719    
  36   503748    -0.52714161374844         0.80433833494169    
  37   502678    -0.51657138578949         0.79557376359017    
  38   499076    -0.50811952740327         0.78899439386147    
  39   497956    -0.49773725616522         0.77999509504305    
  40   496104    -0.48804822829469         0.77166761581334    
  41   492744    -0.47897961728374         0.76297358556390    
  42   490018    -0.46986264961796         0.75410944910188    
  43   490422    -0.46106956966285         0.74536757839113    
  44   486348    -0.45109868788691         0.73402447863296    
  45   486945    -0.44205281993121         0.72526932700721    
  46   481479    -0.43314464369310         0.71508782502136    
  47   480878    -0.42409186036090         0.70443720885345    
  48   480137    -0.41551899381240         0.69476153964096    
  49   478683    -0.40665995440703         0.68408516028705    
  50   475268    -0.39826548759959         0.67466432351808    
  51   473705    -0.38949962740339         0.66305921187525    
  52   472387    -0.38086490711914         0.65151269613066    
  53   470366    -0.37170356301828         0.63936111343916    
  54   468465    -0.36298338557212         0.62651022400069    
  55   464770    -0.35557827748064         0.61433761883621    
  56   464078    -0.34701455865543         0.60178467026351    
  57   464797    -0.33777577935112         0.58865285440175    
  58   461905    -0.33024062992604         0.57646342905389    
  59   461094    -0.32163607236416         0.56210971505399    
  60   460210    -0.31321158040649         0.54725940637426    
  61   457998    -0.30501141763928         0.53385550514938    
  62   458962    -0.29646787047798         0.51909495728489    
  63   456902    -0.28844525952670         0.50427247410184    
  64   454025    -0.28014977998282         0.48825582132383    
  65   453905    -0.27102558425906         0.47114337230353    
  66   452620    -0.26439375990474         0.45847658384388    
  67   451973    -0.25675673475800         0.44215066066710    
  68   450731    -0.24829727031282         0.42419348927051    
  69   449204    -0.24130393623990         0.41057438142925    
  70   447587    -0.23358635520534         0.39402920005031    
  71   448086    -0.22514112800526         0.37772489489736    
  72   448216    -0.21742218686196         0.36088476750748    
  73   446610    -0.20923051478888         0.34086312731382    
  74   447488    -0.20103920131232         0.32406704771073    
  75   446299    -0.19341177912978         0.30639732535079    
  76   444292    -0.18537267955758         0.28781182040696    
  77   443093    -0.17802809701282         0.27111782394653    
  78   444402    -0.17080490193051         0.25629855149333    
  79   442384    -0.16266668913291         0.23601504230726    
  80   442573    -0.15526907718123         0.21917272873763    
  81   440642    -0.14823442701727         0.20438469383336    
  82   440786    -0.14031061183571         0.18753995934442    
  83   440053    -0.13279051498602         0.17052773567277    
  84   439045    -0.12551972789599         0.15461418461209    
  85   438629    -0.11766742301028         0.13966364696506    
  86   437575    -0.10976351472573         0.12297263786351    
  87   437206    -0.10091297080090         0.10564346329938    
  88   437868    -0.94602189535633E-01     0.94571806135184E-01
  89   439678    -0.86660882728838E-01     0.79663762146280E-01
  90   437263    -0.79508464633527E-01     0.68022252949030E-01
  91   438255    -0.72009062205962E-01     0.56700830192037E-01
  92   436423    -0.65202533771344E-01     0.47244113535780E-01
  93   435203    -0.56500355481097E-01     0.35770055697272E-01
  94   436226    -0.49237618360911E-01     0.27533660864682E-01
  95   436476    -0.42501132886451E-01     0.20854338418746E-01
  96   435612    -0.34655786623930E-01     0.14039010505295E-01
  97   436511    -0.26651686828482E-01     0.82932886378830E-02
  98   435042    -0.19246289984669E-01     0.44767245356427E-02
  99   435738    -0.12387959087937E-01     0.18489634212500E-02
 100   434694    -0.51732234210468E-02     0.35771423354365E-03
 101   435021     0.29374768781016E-02     0.66944183317897E-04
 102   435582     0.10165170318830E-01     0.10830272343606E-02
 103   436830     0.17881858280320E-01     0.35027761531408E-02
 104   436427     0.25151999564964E-01     0.71007272492944E-02
 105   435850     0.33263899017098E-01     0.12491134969965E-01
 106   437452     0.42296961593155E-01     0.20168183049715E-01
 107   436788     0.49171814361699E-01     0.26938960295738E-01
 108   436177     0.55940114971325E-01     0.34773206765910E-01
 109   437952     0.63206199922759E-01     0.43930814450867E-01
 110   437527     0.71079228406567E-01     0.55079915940247E-01
 111   435554     0.78091161327251E-01     0.65459928640190E-01
 112   436023     0.85850383700763E-01     0.78170394167561E-01
 113   438957     0.92972906485695E-01     0.90687064021479E-01
 114   439876     0.10047737874409         0.10452986482272    
 115   438585     0.10850956919429         0.12000716214232    
 116   439813     0.11619844952288         0.13603867060723    
 117   438202     0.12335959495891         0.14988911054579    
 118   440910     0.13200214950437         0.16902471705807    
 119   438961     0.13954113285563         0.18495917469684    
 120   440403     0.14687983431723         0.20171856243428    
 121   442633     0.15449616635082         0.21781762899176    
 122   442750     0.16220615679311         0.23598247096572    
 123   441406     0.17019069063563         0.25324586465811    
 124   443890     0.17722795180418         0.26976738127686    
 125   443824     0.18497859130646         0.28835616201797    
 126   445496     0.19287208508902         0.30590578725657    
 127   444788     0.20104718400481         0.32526857581348    
 128   448378     0.20844160831568         0.34023396790844    
 129   448518     0.21689374137253         0.35868311367630    
 130   448615     0.22482142045668         0.37664962604872    
 131   448990     0.23231439475024         0.39296683611456    
 132   449575     0.24044044858538         0.40825234453398    
 133   451601     0.24774750878926         0.42425770088787    
 134   452326     0.25561698803929         0.44175227485849    
 135   452478     0.26448157094122         0.45712634867968    
 136   455205     0.27247653612006         0.47333744369772    
 137   455825     0.28084253390972         0.49044478494073    
 138   457083     0.28826481550349         0.50347406874454    
 139   458825     0.29677490670079         0.51952228574478    
 140   460192     0.30523337826229         0.53404337807394    
 141   461902     0.31253634240435         0.54781828569063    
 142   461801     0.32104173635238         0.56141274379161    
 143   464330     0.32904778347319         0.57481175899015    
 144   465817     0.33752921720534         0.58804842181862    
 145   467397     0.34558610922747         0.59951580185355    
 146   467362     0.35538105695234         0.61614079323691    
 147   470451     0.36317555359664         0.62613353525021    
 148   471450     0.37173055597790         0.63950612995254    
 149   472846     0.38048213708446         0.65094143783431    
 150   473952     0.38934852777548         0.66346412174564    
 151   475572     0.39753840142599         0.67382701915613    
 152   477500     0.40661385048972         0.68457850720310    
 153   480538     0.41490836173883         0.69455625097286    
 154   481967     0.42362976239278         0.70518379457829    
 155   481811     0.43326032551500         0.71671623996613    
 156   485919     0.44253742960382         0.72707510575880    
 157   488652     0.45079960588311         0.73480429284925    
 158   490937     0.46015046748417         0.74505927612041    
 159   492341     0.46969748808484         0.75479412582426    
 160   494339     0.47905693754447         0.76388549944567    
 161   496538     0.48801743058009         0.77200943159109    
 162   500423     0.49729273399122         0.77937588972915    
 163   501265     0.50714100757849         0.78898558884133    
 164   503208     0.51780380259748         0.79783249678416    
 165   505547     0.52754861746290         0.80538025692611    
 166   509788     0.53647620628692         0.81195140497581    
 167   514619     0.54724798927621         0.82121087283158    
 168   514763     0.55651973358721         0.82713668990389    
 169   517025     0.56716932434071         0.83469351891067    
 170   521180     0.57829001169476         0.84265132357043    
 171   524706     0.58724637138951         0.84839389846692    
 172   525579     0.59767128990790         0.85534099930267    
 173   530752     0.60860379240499         0.86224757676428    
 174   532334     0.61920696723353         0.86885385165479    
 175   535802     0.63101838360293         0.87492359938616    
 176   539349     0.64184284666969         0.88077404822145    
 177   543182     0.65304349796741         0.88608319743704    
 178   545745     0.66484498753310         0.89282537276507    
 179   552733     0.67614430948483         0.89847832989526    
 180   556839     0.68811711975401         0.90397648959042    
 181   560711     0.69970119485919         0.90964680230626    
 182   565600     0.71239467986254         0.91545747849343    
 183   571475     0.72451198784618         0.92040968696688    
 184   574715     0.73709836434600         0.92557433268418    
 185   579059     0.74964695921490         0.93067426531609    
 186   583438     0.76304901235758         0.93582076010815    
 187   588217     0.77648472240222         0.94082299209339    
 188   592688     0.79035293129410         0.94564117361287    
 189   599776     0.80392156762039         0.95013064303473    
 190   607083     0.81885033043815         0.95512371733482    
 191   613344     0.83351042388431         0.96003607501063    
 192   619859     0.84809282344455         0.96430610586099    
 193   625804     0.86365562125779         0.96863059904762    
 194   632052     0.87984887630520         0.97327369285972    
 195   639854     0.89631407134844         0.97758888381524    
 196   647415     0.91329566197101         0.98200010285032    
 197   654260     0.93121383549418         0.98617964030686    
 198   662723     0.94978119694713         0.99031601309416    
 199   672584     0.96905200326114         0.99428166693502    
 200   682455     0.98942106247002         0.99813214287104    
