    0.00000000000000D+000   1.00000004749745     
    9.99999977648258D-003   1.00000004749745     
    1.99999995529652D-002  0.999000047449954     
    2.99999993294477D-002  0.999000047449954     
    3.99999991059303D-002  0.998000047402456     
    4.99999988824129D-002  0.997000047354959     
    5.99999986588955D-002  0.995000047259964     
    6.99999984353781D-002  0.994000047212467     
    7.99999982118607D-002  0.992000047117472     
    8.99999979883432D-002  0.989000046974979     
    9.99999977648258D-002  0.987000046879984     
   0.109999997541308       0.984000046737492     
   0.119999997317791       0.981000046595000     
   0.129999997094274       0.978000046452507     
   0.139999996870756       0.975000046310015     
   0.149999996647239       0.971000046120025     
   0.159999996423721       0.968000045977533     
   0.169999996200204       0.963000045740046     
   0.179999995976686       0.959000045550056     
   0.189999995753169       0.955000045360066     
   0.199999995529652       0.950000045122579     
   0.209999995306134       0.946000044932589     
   0.219999995082617       0.941000044695102     
   0.229999994859099       0.935000044410117     
   0.239999994635582       0.930000044172630     
   0.249999994412065       0.925000043935142     
   0.259999994188547       0.919000043650158     
   0.269999993965030       0.913000043365173     
   0.279999993741512       0.907000043080188     
   0.289999993517995       0.901000042795204     
   0.299999993294477       0.895000042510219     
   0.309999993070960       0.889000042225234     
   0.319999992847443       0.882000041892752     
   0.329999992623925       0.876000041607767     
   0.339999992400408       0.870000041322783     
   0.349999992176890       0.859000040800311     
   0.359999991953373       0.856000040657818     
   0.369999991729856       0.849000040325336     
   0.379999991506338       0.841000039945357     
   0.389999991282821       0.834000039612874     
   0.399999991059303       0.824000039137900     
   0.409999990835786       0.815000038710423     
   0.419999990612268       0.808000038377941     
   0.429999990388751       0.797000037855469     
   0.439999990165234       0.784000037238002     
   0.449999989941716       0.780000037048012     
   0.459999989718199       0.767000036430545     
   0.469999989494681       0.750000035623089     
   0.479999989271164       0.743000035290606     
   0.489999989047647       0.729000034625642     
   0.499999988824129       0.723000034340657     
   0.509999988600612       0.692000032868236     
   0.519999988377094       0.689000032725744     
   0.529999988153577       0.676000032108277     
   0.539999987930059       0.654000031063333     
   0.549999987706542       0.634000030113384     
   0.559999987483025       0.646000030683354     
   0.569999987259507       0.609000028925948     
   0.579999987035990       0.596000028308481     
   0.589999986812472       0.570000027073547     
   0.599999986588955       0.583000027691014     
   0.609999986365438       0.548000026028603     
   0.619999986141920       0.518000024603680     
   0.629999985918403       0.498000023653731     
   0.639999985694885       0.500000023748726     
   0.649999985471368       0.478000022703782     
   0.659999985247850       0.427000020281412     
   0.669999985024333       0.404000019188970     
   0.679999984800816       0.434000020613894     
   0.689999984577298       0.362000017194077     
   0.699999984353781       0.370000017574057     
   0.709999984130263       0.311000014771707     
   0.719999983906746       0.257000012206845     
   0.729999983683229       0.259000012301840     
   0.739999983459711        7.50000035623089D-002
   0.749999983236194       0.127000006032176     
   0.759999983012676        5.20000024698675D-002
   0.769999982789159        3.80000018049031D-002
   0.779999982565641        4.90000023273751D-002
   0.789999982342124        6.80000032298267D-002
   0.799999982118607        3.40000016149133D-002
   0.809999981895089        2.60000012349337D-002
   0.819999981671572        8.00000037997961D-003
   0.829999981448054        8.00000037997961D-003
   0.839999981224537        6.00000028498471D-003
   0.849999981001020        1.10000005224720D-002
   0.859999980777502        1.00000004749745D-002
   0.869999980553985        6.00000028498471D-003
   0.879999980330467        6.00000028498471D-003
   0.889999980106950        1.00000004749745D-002
   0.899999979883432        2.00000009499490D-003
   0.909999979659915        3.00000014249235D-003
   0.919999979436398        3.00000014249235D-003
   0.929999979212880        2.00000009499490D-003
   0.939999978989363        2.00000009499490D-003
   0.949999978765845        1.00000004749745D-003
   0.959999978542328        1.00000004749745D-003
   0.969999978318810        1.00000004749745D-003
   0.979999978095293        2.00000009499490D-003
   0.989999977871776        1.00000004749745D-003
   0.999999977648258        2.00000009499490D-003
    1.00999997742474        3.00000014249235D-003
    1.01999997720122        1.00000004749745D-003
    1.02999997697771        2.00000009499490D-003
    1.03999997675419        2.00000009499490D-003
    1.04999997653067        1.00000004749745D-003
    1.05999997630715        1.00000004749745D-003
    1.06999997608364        1.00000004749745D-003
    1.07999997586012        1.00000004749745D-003
    1.08999997563660        1.00000004749745D-003
    1.09999997541308        1.00000004749745D-003
    1.10999997518957        1.00000004749745D-003
    1.11999997496605        1.00000004749745D-003
    1.12999997474253        1.00000004749745D-003
    1.13999997451901        1.00000004749745D-003
    1.14999997429550        1.00000004749745D-003
    1.15999997407198        1.00000004749745D-003
    1.16999997384846        1.00000004749745D-003
    1.17999997362494        1.00000004749745D-003
    1.18999997340143        1.00000004749745D-003
    1.19999997317791        1.00000004749745D-003
    1.20999997295439        1.00000004749745D-003
    1.21999997273088        1.00000004749745D-003
    1.22999997250736        0.00000000000000D+000
    1.23999997228384        1.00000004749745D-003
    1.24999997206032        1.00000004749745D-003
    1.25999997183681        1.00000004749745D-003
    1.26999997161329        1.00000004749745D-003
    1.27999997138977        1.00000004749745D-003
    1.28999997116625        1.00000004749745D-003
    1.29999997094274        0.00000000000000D+000
    1.30999997071922        0.00000000000000D+000
    1.31999997049570        0.00000000000000D+000
    1.32999997027218        0.00000000000000D+000
    1.33999997004867        1.00000004749745D-003
    1.34999996982515        1.00000004749745D-003
    1.35999996960163        1.00000004749745D-003
    1.36999996937811        1.00000004749745D-003
    1.37999996915460        0.00000000000000D+000
    1.38999996893108        1.00000004749745D-003
    1.39999996870756        1.00000004749745D-003
    1.40999996848404        1.00000004749745D-003
    1.41999996826053        1.00000004749745D-003
    1.42999996803701        1.00000004749745D-003
    1.43999996781349        1.00000004749745D-003
    1.44999996758997        1.00000004749745D-003
    1.45999996736646        1.00000004749745D-003
    1.46999996714294        1.00000004749745D-003
    1.47999996691942        0.00000000000000D+000
    1.48999996669590        1.00000004749745D-003
    1.49999996647239        1.00000004749745D-003
    1.50999996624887        0.00000000000000D+000
    1.51999996602535        0.00000000000000D+000
    1.52999996580184        1.00000004749745D-003
    1.53999996557832        0.00000000000000D+000
    1.54999996535480        0.00000000000000D+000
    1.55999996513128        1.00000004749745D-003
    1.56999996490777        1.00000004749745D-003
    1.57999996468425        0.00000000000000D+000
    1.58999996446073        0.00000000000000D+000
    1.59999996423721        0.00000000000000D+000
    1.60999996401370        0.00000000000000D+000
    1.61999996379018        1.00000004749745D-003
    1.62999996356666        0.00000000000000D+000
    1.63999996334314        0.00000000000000D+000
    1.64999996311963        0.00000000000000D+000
    1.65999996289611        0.00000000000000D+000
    1.66999996267259        0.00000000000000D+000
    1.67999996244907        0.00000000000000D+000
    1.68999996222556        0.00000000000000D+000
    1.69999996200204        0.00000000000000D+000
    1.70999996177852        0.00000000000000D+000
    1.71999996155500        0.00000000000000D+000
    1.72999996133149        0.00000000000000D+000
    1.73999996110797        0.00000000000000D+000
    1.74999996088445        0.00000000000000D+000
    1.75999996066093        0.00000000000000D+000
    1.76999996043742        0.00000000000000D+000
    1.77999996021390        0.00000000000000D+000
    1.78999995999038        0.00000000000000D+000
    1.79999995976686        0.00000000000000D+000
    1.80999995954335        0.00000000000000D+000
    1.81999995931983        0.00000000000000D+000
    1.82999995909631        0.00000000000000D+000
    1.83999995887280        0.00000000000000D+000
    1.84999995864928        0.00000000000000D+000
    1.85999995842576        0.00000000000000D+000
    1.86999995820224        0.00000000000000D+000
    1.87999995797873        0.00000000000000D+000
    1.88999995775521        0.00000000000000D+000
    1.89999995753169        0.00000000000000D+000
    1.90999995730817        0.00000000000000D+000
    1.91999995708466        0.00000000000000D+000
    1.92999995686114        0.00000000000000D+000
    1.93999995663762        0.00000000000000D+000
    1.94999995641410        0.00000000000000D+000
    1.95999995619059        0.00000000000000D+000
    1.96999995596707        0.00000000000000D+000
    1.97999995574355        0.00000000000000D+000
    1.98999995552003        0.00000000000000D+000
