  1 -15.312364 -22.909880  27.423906
  2  -6.693085  -0.365023  32.058018
  3   2.780751   4.801418  21.296451
  4   1.593838   2.722158  12.147126
  5 -13.677695 -20.054321  26.015990
  6 -10.839047 -14.822175  24.689292
  7   9.159181  14.217757  19.691479
  8  11.150425   0.020160  39.840210
  9   9.669408  -0.621784  37.771348
 10  -7.536944  -1.669835  32.363616
 11   7.534081   1.167580  32.801938
 12   0.281167   2.457991  22.756533
 13  -2.094507  -0.968395  22.076221
 14  -4.226850  -5.841687  18.256719
 15  -5.701574  -9.277986  15.593561
 16  -0.685040  -2.157042  20.594936
 17  -3.259856  -4.552885  17.314882
 18   0.075684   0.164678  11.295739
 19   8.915610   3.617395  33.164566
 20   0.034184  -0.775664  18.986490
 21 -10.588895 -18.512372  16.568230
 22  -4.863185  -8.764661  11.521693
 23 -14.598291 -13.178063  36.584734
 24   4.160735  -1.635269  29.775781
 25  15.871447  18.736332  34.249947
 26  -6.875875 -11.047649  16.753389
 27 -11.644141  -7.057295  35.540199
 28  13.085424   9.923205  36.099822
 29  11.953221   2.217207  39.807971
 30   3.553870   2.477826  23.288969
 31  -5.458466  -9.907893  11.490657
 32  -3.389555  -5.671083  14.407215
 33   1.668188   3.072288   9.606364
 34  -4.016167  -6.148162  18.989123
 35  -0.175466  -0.401444  13.644260
 36  -4.555704  -0.164346  28.556926
 37   5.143831   7.477709  20.448918
 38   2.023742  -0.212037  24.080584
 39   2.911150   5.223306  10.974831
 40  -2.374342  -4.008486  12.817886
 41 -16.311013 -12.146112  41.390405
 42  -5.910798  -8.315631  21.235468
 43  10.619691  15.740786  22.323448
 44  -5.348490  -8.605189  15.710692
 45   2.285296   0.341062  23.760511
 46  -6.613678  -2.625725  29.737212
 47  -0.860345   0.886243  22.434030
 48  -0.132179   0.258452  17.114932
 49  -3.668453  -2.868726  22.907981
 50   7.932320   4.298004  30.607089
 51  -4.526643  -6.295456  18.389988
 52  -1.243384  -2.211383  11.849933
 53   6.655454  10.398643  17.410094
 54 -13.595758  -7.758645  38.971905
 55   8.006305   2.806454  32.188267
 56  -0.129865  -0.241029   8.496855
 57  13.556537   9.183463  37.747706
 58  -7.257973  -3.063797  30.527113
 59 -10.836947 -12.949925  27.433642
 60  -5.172938   2.494774  32.117760
 61  -0.348622  -0.652443   9.513634
 62  10.192944   0.134537  38.133707
 63 -15.595984  -7.946945  42.952149
 64  -6.505884 -11.577749  12.873519
 65   5.866882   7.792610  20.308877
 66  14.823859  16.398700  33.955364
 67  14.302810   6.925042  41.031060
 68  -8.291020 -12.129938  20.745260
 69 -12.794410 -12.712067  32.739081
 70   0.481772   0.388443  16.362622
 71  11.142241  16.176724  23.472615
 72   2.758656   4.865935  11.560369
 73  14.023064  11.825352  36.491562
 74   0.351499   0.555872  12.189813
 75 -11.781299 -15.724934  26.239504
 76   0.251192  -1.403289  21.822966
 77   2.449229   2.056011  20.809592
 78  15.394090  16.183711  35.642582
 79   2.497703   2.303715  20.384393
 80  -5.561693   3.607942  33.585307
  1  -6.462639  -0.443262  31.403058
  2  -9.504593  -6.666303  31.153088
  3 -10.832099  -6.913978  33.880073
  4 -10.900118  -5.253924  35.438152
  5  -6.942549  -0.946945  31.772829
  6  -7.801225  -2.042681  32.308852
  7 -11.999222  -9.929601  33.582905
  8  -9.389215  -5.529554  32.656393
  9  -9.411047  -5.391874  32.781756
 10  -9.334576  -6.346137  31.111587
 11  -9.858272  -5.992178  32.983934
 12 -10.434363  -6.398812  33.501206
 13  -9.987605  -5.349769  33.533881
 14  -9.369544  -3.510240  33.954467
 15  -8.850662  -2.233379  34.078968
 16  -9.886844  -4.676723  33.989096
 17  -9.598898  -3.739010  34.196654
 18 -10.505720  -4.330573  35.431151
 19 -10.126764  -6.728707  32.834496
 20 -10.149784  -4.923456  34.279999
 21  -7.034280   0.026460  32.872532
 22  -8.779325  -1.958556  34.197872
 23  -7.727232  -3.768990  30.383809
 24  -9.406111  -4.710674  33.205158
 25 -11.031739 -11.079410  30.197079
 26  -8.352091  -1.953705  33.432918
 27  -8.604297  -5.359677  30.513593
 28 -10.475777  -8.169275  32.160891
 29  -9.473930  -5.401787  32.930685
 30 -10.262443  -6.036343  33.565658
 31  -8.575649  -1.636053  34.105651
 32  -9.286870  -3.157997  34.114063
 33 -10.821559  -5.405655  35.132495
 34  -9.131776  -3.490337  33.541135
 35 -10.166429  -4.646678  34.514337
 36  -9.748561  -6.485600  31.874071
 37 -11.041073  -7.684048  33.601398
 38  -9.852798  -5.245398  33.471725
 39 -11.116531  -6.279428  34.975942
 40  -9.591186  -3.481045  34.404472
 41  -7.448150  -3.868047  29.669712
 42  -8.566099  -2.533211  33.313492
 43 -11.973184 -11.467663  31.893211
 44  -8.560294  -1.763562  33.962022
 45 -10.034192  -5.337279  33.728211
 46  -9.384561  -5.655999  31.908665
 47 -10.205729  -5.868610  33.476454
 48 -10.262856  -4.989896  34.389899
 49  -9.556247  -4.639509  33.286395
 50 -10.315619  -6.834076  33.035653
 51  -9.002187  -2.877123  33.809120
 52  -9.893041  -3.440510  34.988064
 53 -11.842322  -9.057583  33.995498
 54  -8.229601  -5.035384  30.034860
 55 -10.024363  -6.231942  33.048616
 56 -10.336116  -3.755802  35.547315
 57 -10.447771  -8.499035  31.764012
 58  -9.286806  -5.610817  31.741254
 59  -7.621061  -1.964763  32.054585
 60  -9.979969  -7.707170  31.061057
 61  -9.735369  -3.114926  34.938969
 62  -8.905288  -3.976360  33.037757
 63  -8.145053  -5.190624  29.633045
 64  -7.935223  -0.685807  33.748279
 65 -10.693606  -6.386739  34.049850
 66 -10.864670  -9.091408  31.936174
 67  -9.608317  -5.892155  32.626648
 68  -7.862179  -1.488564  32.922409
 69  -7.728860  -2.842057  31.347170
 70  -9.791964  -4.050435  34.286675
 71 -11.463763  -9.154517  33.097323
 72 -10.562325  -4.923670  35.007816
 73 -10.346514  -7.585218  32.392168
 74  -9.893889  -3.726408  34.736170
 75  -7.303663  -1.312428  32.065953
 76  -9.390834  -3.918210  33.677325
 77  -9.906359  -4.758762  33.931863
 78 -10.748863  -8.967546  31.828026
 79  -9.954861  -4.807824  33.979274
 80  -9.784781  -7.211980  31.122056
  1  -3.150990  -4.020666  18.461821
  2  -5.417404  -6.051124  22.235425
  3  -3.910006  -4.003262  21.438399
  4  -2.647204  -2.504846  20.424546
  5  -3.210100  -4.021706  18.727082
  6  -3.411909  -4.138457  19.281303
  7  -4.391955  -4.051749  22.825175
  8  -4.369715  -4.897803  21.144780
  9  -4.262265  -4.774471  21.034045
 10  -5.384248  -6.084246  22.068845
 11  -4.272178  -4.670645  21.274207
 12  -4.035715  -4.267373  21.300597
 13  -3.789404  -4.113816  20.786423
 14  -3.022950  -3.309309  19.846064
 15  -2.498068  -2.713069  19.278046
 16  -3.354951  -3.609090  20.383455
 17  -2.955998  -3.175136  19.924300
 18  -2.408735  -2.287798  20.064455
 19  -4.499004  -4.833246  21.688704
 20  -3.249657  -3.417905  20.447338
 21  -2.460766  -2.970789  18.367641
 22  -2.543901  -2.795855  19.250678
 23  -5.055273  -6.299249  20.527471
 24  -3.816873  -4.282389  20.531036
 25  -5.893391  -5.681615  24.244850
 26  -2.938321  -3.409562  19.245711
 27  -5.364311  -6.376225  21.440112
 28  -4.861450  -5.086625  22.332621
 29  -4.116759  -4.596856  20.916460
 30  -3.846225  -4.094348  21.033743
 31  -2.487255  -2.755048  19.121216
 32  -2.938503  -3.222177  19.738487
 33  -2.861256  -2.779353  20.535358
 34  -3.334144  -3.768042  19.920431
 35  -3.067887  -3.191200  20.311266
 36  -4.824645  -5.377523  21.633747
 37  -4.014327  -4.043250  21.687174
 38  -3.766969  -4.115974  20.713176
 39  -3.083009  -2.971412  20.875632
 40  -2.864687  -3.062265  19.854614
 41  -5.262639  -6.621945  20.582692
 42  -3.012277  -3.471576  19.389582
 43  -4.995105  -4.577200  23.583518
 44  -2.419841  -2.671389  19.065580
 45  -3.549890  -3.821996  20.600919
 46  -4.568431  -5.220924  21.096211
 47  -3.780142  -4.062178  20.864322
 48  -3.114424  -3.243202  20.357637
 49  -3.623773  -4.044898  20.345325
 50  -4.188787  -4.467677  21.405243
 51  -2.868392  -3.196805  19.521283
 52  -2.414703  -2.428230  19.713474
 53  -3.875576  -3.649231  22.028503
 54  -5.398292  -6.535044  21.235588
 55  -4.091364  -4.441935  21.138791
 56  -2.198425  -2.062440  19.818955
 57  -5.045594  -5.285008  22.524524
 58  -4.646872  -5.341099  21.113523
 59  -3.434548  -4.225362  19.160419
 60  -5.315395  -5.803160  22.368639
 61  -2.414965  -2.447609  19.658967
 62  -3.711730  -4.262932  20.203873
 63  -5.786685  -6.999652  21.625203
 64  -2.244163  -2.520623  18.711253
 65  -3.609660  -3.709803  21.051566
 66  -5.042837  -5.125739  22.792313
 67  -4.347024  -4.836475  21.185178
 68  -2.968368  -3.538669  19.017734
 69  -4.250802  -5.280795  19.812841
 70  -3.018922  -3.218338  20.059667
 71  -4.403689  -4.298662  22.393374
 72  -2.806869  -2.780217  20.332616
 73  -4.696945  -4.987542  22.006854
 74  -2.688154  -2.773190  19.897433
 75  -3.331572  -4.142132  18.940178
 76  -3.325577  -3.694543  20.068507
 77  -3.380962  -3.642534  20.398132
 78  -5.098091  -5.222024  22.785726
 79  -3.364725  -3.611059  20.411865
 80  -5.322199  -5.890587  22.228857
  1 -11.163154 -15.999706  23.799810
  2 -10.888992 -13.504421  26.727495
  3  -9.776498 -14.080588  22.248344
  4  -8.232603 -13.056710  18.171910
  5 -11.040462 -15.836512  23.648182
  6 -10.906758 -15.525875  23.704766
  7  -9.197876 -13.173365  21.822326
  8 -10.714480 -14.467392  24.771735
  9 -10.670170 -14.538162  24.517476
 10 -10.981401 -13.565775  26.910542
 11 -10.474530 -14.390481  24.114186
 12 -10.103903 -14.289397  23.032624
 13 -10.187804 -14.563205  22.851193
 14  -9.663752 -14.617766  20.818956
 15  -9.033909 -14.224713  19.057716
 16  -9.806902 -14.525147  21.542601
 17  -9.446473 -14.414533  20.366659
 18  -8.012100 -12.885600  17.560311
 19 -10.411771 -14.146475  24.301473
 20  -9.540964 -14.312029  20.940166
 21  -9.987247 -15.335136  20.681192
 22  -9.317636 -14.473858  19.720997
 23 -11.780623 -14.138454  28.417266
 24 -10.484518 -14.774574  23.515410
 25  -9.733997 -12.643796  24.523069
 26 -10.151418 -15.150321  21.664923
 27 -11.394716 -13.747591  27.845824
 28 -10.280993 -13.788700  24.448883
 29 -10.578606 -14.600098  24.118496
 30 -10.065060 -14.387998  22.726275
 31  -9.317439 -14.511433  19.641242
 32  -9.679741 -14.635334  20.846531
 33  -8.711874 -13.516468  19.231666
 34 -10.251565 -14.947841  22.400731
 35  -9.373468 -14.198247  20.511254
 36 -10.809896 -14.137561  25.574564
 37  -9.706138 -13.933514  22.261333
 38 -10.238524 -14.603847  22.958052
 39  -8.826496 -13.533791  19.674279
 40  -9.413537 -14.377551  20.309558
 41 -11.824316 -13.961431  28.766370
 42 -10.120929 -15.119097  21.608945
 43  -9.268028 -12.905021  22.556371
 44  -9.187519 -14.440746  19.245475
 45  -9.959100 -14.544625  22.068011
 46 -10.922458 -14.491137  25.392868
 47 -10.084597 -14.498871  22.600200
 48  -9.400217 -14.238218  20.536872
 49 -10.309175 -14.830212  22.812940
 50 -10.203844 -14.292906  23.369441
 51  -9.716964 -14.776757  20.714823
 52  -8.539162 -13.581478  18.330067
 53  -9.124587 -13.444740  21.034861
 54 -11.500914 -13.790967  28.087418
 55 -10.306373 -14.455006  23.445221
 56  -7.909347 -12.815949  17.240522
 57 -10.282768 -13.673367  24.636478
 58 -10.991086 -14.454289  25.661614
 59 -11.042780 -15.631258  23.993823
 60 -10.658437 -13.655324  25.826795
 61  -8.589376 -13.628670  18.446260
 62 -10.609235 -14.983786  23.590995
 63 -11.493741 -13.229808  28.790181
 64  -9.130199 -14.455124  18.967839
 65  -9.641229 -14.154335  21.619970
 66 -10.075472 -13.522570  24.211772
 67 -10.633177 -14.467813  24.508743
 68 -10.404195 -15.411248  22.124385
 69 -11.601489 -15.099722  26.588672
 70  -9.511817 -14.407541  20.639006
 71  -9.604803 -13.591446  22.513725
 72  -8.791040 -13.663505  19.246563
 73 -10.354294 -13.987384  24.368984
 74  -8.975169 -13.969678  19.361684
 75 -11.103406 -15.726341  24.043854
 76 -10.085495 -14.810843  22.045054
 77  -9.870934 -14.551096  21.732425
 78 -10.144157 -13.526366  24.426340
 79  -9.828322 -14.518179  21.635437
 80 -10.804493 -13.686079  26.220307
  1  -8.191445  -0.805996  34.262134
  2  -9.514262  -4.248953  33.750673
  3  -9.762039  -2.692978  35.523527
  4 -10.926700  -2.958220  37.440347
  5  -8.325147  -0.947842  34.377098
  6  -8.548059  -1.306559  34.472971
  7 -10.476518  -3.811252  35.952948
  8  -9.181852  -2.766364  34.403469
  9  -9.165501  -2.631206  34.486478
 10  -9.444081  -4.196864  33.661005
 11  -9.320145  -2.726779  34.689945
 12  -9.521885  -2.614345  35.149787
 13  -9.341492  -2.232756  35.130908
 14  -9.485397  -1.630618  35.858591
 15  -9.918099  -1.600456  36.640601
 16  -9.497140  -1.947255  35.634584
 17  -9.678794  -1.756509  36.102808
 18 -11.109187  -3.014421  37.731967
 19  -9.466796  -3.064311  34.679809
 20  -9.713146  -2.052311  35.937198
 21  -8.424304  -0.027599  35.243790
 22  -9.213883  -0.801733  35.996163
 23  -8.409604  -2.917441  32.800445
 24  -8.641289  -1.387294  34.542988
 25 -10.100649  -4.320850  34.796608
 26  -8.510344  -0.505751  35.019341
 27  -8.771413  -3.313784  33.127447
 28  -9.279922  -2.784940  34.541507
 29  -8.708522  -1.721007  34.388535
 30  -9.029601  -1.683314  34.990502
 31  -9.186702  -0.730945  36.002654
 32  -8.998905  -0.912334  35.542009
 33 -10.068656  -1.942360  36.635573
 34  -8.613706  -0.927475  34.864597
 35  -9.390393  -1.376482  35.866604
 36  -8.863300  -2.542280  33.978590
 37  -9.440635  -2.156039  35.347523
 38  -8.834379  -1.470178  34.816258
 39 -10.018475  -2.043377  36.470179
 40  -9.255251  -1.090674  35.849126
 41  -8.927857  -3.361352  33.399953
 42  -8.878121  -0.658862  35.546799
 43 -10.532381  -3.817379  36.048816
 44  -9.565577  -0.857738  36.574053
 45  -9.308318  -1.481282  35.658789
 46  -9.025579  -2.245062  34.543352
 47  -9.301238  -1.664654  35.503655
 48  -9.665445  -1.487146  36.280145
 49  -9.023186  -1.302809  35.298787
 50  -9.390844  -2.096041  35.322612
 51  -9.210713  -0.843398  35.975979
 52 -10.342318  -1.759866  37.268061
 53 -10.271884  -2.701957  36.439628
 54  -9.145670  -3.490601  33.699730
 55  -9.259079  -1.907753  35.236978
 56 -11.056744  -2.573532  37.955379
 57  -9.712539  -3.142746  35.062296
 58  -9.020751  -2.336954  34.458174
 59  -8.304300  -0.628653  34.590348
 60  -9.569156  -3.360352  34.613081
 61 -10.170603  -1.691354  37.006982
 62  -8.649721  -1.300201  34.635873
 63  -9.118443  -4.188520  33.007344
 64  -9.430280  -0.737915  36.420468
 65  -9.491600  -1.862588  35.675937
 66  -9.677465  -3.241529  34.905680
 67  -8.940321  -2.105604  34.493762
 68  -8.440084  -0.455923  34.946024
 69  -8.216054  -1.741050  33.497779
 70  -9.366985  -1.282105  35.903749
 71  -9.841565  -2.814272  35.557006
 72 -10.089028  -1.883362  36.720904
 73  -9.314711  -2.672335  34.705996
 74  -9.821989  -1.496375  36.537987
 75  -8.033604  -0.553975  34.174643
 76  -8.928005  -1.145285  35.245059
 77  -9.162964  -1.386650  35.466675
 78  -9.644856  -3.274335  34.817480
 79  -9.197717  -1.403338  35.514582
 80  -9.265478  -3.352302  34.038434
  1  -0.210875   0.328865  18.127924
  2  -2.586600  -2.760458  19.538414
  3  -0.831848  -0.344428  19.006194
  4   0.039538   1.016182  19.543144
  5  -0.265065   0.265503  18.195224
  6  -0.476374  -0.011863  18.313288
  7  -1.170782  -0.683017  19.497143
  8  -1.447180  -1.290216  18.824716
  9  -1.325170  -1.123554  18.780841
 10  -2.610374  -2.808435  19.506266
 11  -1.278304  -1.032799  18.856964
 12  -0.979070  -0.585470  18.900906
 13  -0.764292  -0.313664  18.763935
 14  -0.043188   0.715497  18.795268
 15   0.352349   1.317026  19.036204
 16  -0.344200   0.295484  18.806188
 17  -0.001265   0.797420  18.895084
 18   0.169310   1.216112  19.636797
 19  -1.475260  -1.279066  18.999542
 20  -0.257244   0.445126  18.915566
 21   0.773162   1.759247  18.347874
 22   0.569027   1.544648  18.710163
 23  -2.249043  -2.567114  18.583674
 24  -0.450864   0.027186  18.320007
 25  -1.918212  -1.746095  19.566159
 26   0.349857   1.161130  18.302461
 27  -2.321204  -2.589589  18.858630
 28  -1.304910  -1.082115  18.818554
 29  -0.738769  -0.375474  18.376354
 30  -0.436977   0.099064  18.540121
 31   0.616310   1.608451  18.704951
 32   0.299390   1.140639  18.554965
 33   0.210207   1.142953  19.121041
 34  -0.003259   0.665709  18.315867
 35   0.158139   0.986019  18.750311
 36  -1.445271  -1.352539  18.597464
 37  -0.547018   0.002497  18.782477
 38  -0.382494   0.150342  18.427804
 39   0.073635   0.947683  19.087915
 40   0.323846   1.203633  18.694506
 41  -2.246082  -2.439357  18.968413
 42   0.453989   1.350201  18.530634
 43  -1.074730  -0.537901  19.519696
 44   0.771622   1.863856  18.929848
 45  -0.027707   0.716172  18.703810
 46  -1.022975  -0.724263  18.626489
 47  -0.212646   0.455056  18.698216
 48   0.257400   1.157665  18.905186
 49  -0.078408   0.610569  18.552598
 50  -0.558767  -0.018764  18.765606
 51   0.516948   1.472281  18.707133
 52   0.576355   1.676098  19.282972
 53  -0.334485   0.419199  19.229733
 54  -2.163893  -2.281374  19.070031
 55  -0.486605   0.064136  18.687137
 56   0.513756   1.677935  19.642772
 57  -1.274256  -0.958329  19.086465
 58  -1.120045  -0.861396  18.642949
 59   0.080549   0.758146  18.188933
 60  -1.621327  -1.458440  19.111939
 61   0.521832   1.584671  19.202973
 62  -0.343683   0.185650  18.339941
 63  -2.844663  -3.202091  19.409814
 64   0.801039   1.892709  18.873657
 65  -0.218204   0.472289  18.801927
 66  -1.363632  -1.086342  19.093313
 67  -0.927431  -0.604739  18.552507
 68   0.367410   1.182158  18.283794
 69  -1.143176  -1.022317  18.162021
 70   0.235281   1.093189  18.751539
 71  -0.804203  -0.289906  19.057893
 72   0.277974   1.239006  19.136774
 73  -1.159316  -0.869468  18.818548
 74   0.404369   1.381828  19.007520
 75  -0.007374   0.599525  18.019077
 76   0.025832   0.746439  18.501870
 77  -0.028595   0.697195  18.625154
 78  -1.426628  -1.178569  19.092585
 79  -0.017133   0.717606  18.644342
 80  -1.873123  -1.863430  19.012568
  1   0.693496   1.286197   9.650280
  2  -6.863492 -11.592204  15.100849
  3  -1.250628  -2.261559  10.208104
  4   2.186840   3.952084  10.803111
  5   0.505785   0.940472   9.663270
  6  -0.278140  -0.500660   9.706349
  7  -2.152835  -3.861362  10.763524
  8  -3.677093  -6.589788  11.279791
  9  -3.259418  -5.865449  10.972073
 10  -6.965706 -11.743767  15.230869
 11  -3.027105  -5.451206  10.869638
 12  -1.873804  -3.391798  10.342101
 13  -1.146722  -2.080445  10.058303
 14   1.604413   2.934849  10.198657
 15   3.111407   5.612807  11.019490
 16   0.477903   0.885506   9.976266
 17   1.797047   3.279544  10.314229
 18   2.662960   4.789246  11.079562
 19  -3.640294  -6.510493  11.347104
 20   0.856349   1.574241  10.081918
 21   4.126404   7.432459  11.357616
 22   3.476929   6.277187  11.067574
 23  -6.537361 -11.295269  14.063886
 24  -0.322548  -0.582476   9.695565
 25  -4.615637  -8.104405  12.448921
 26   2.635425   4.814723  10.348390
 27  -6.518408 -11.217995  14.201465
 28  -3.150168  -5.672515  10.910327
 29  -1.374297  -2.508330   9.896088
 30  -0.164352  -0.290020   9.803249
 31   3.635317   6.553368  11.175476
 32   2.513508   4.582954  10.421024
 33   2.360876   4.282075  10.647376
 34   1.348921   2.484677   9.859498
 35   2.069456   3.776808  10.326155
 36  -3.812416  -6.847059  11.242808
 37  -0.443991  -0.799099   9.946140
 38  -0.015649  -0.017900   9.742098
 39   1.885856   3.433397  10.432885
 40   2.633328   4.789536  10.554898
 41  -6.247307 -10.784146  13.928417
 42   3.158598   5.731033  10.766356
 43  -1.849650  -3.319626  10.654944
 44   4.294039   7.663831  11.812365
 45   1.469747   2.694032  10.099665
 46  -2.264183  -4.108356  10.350718
 47   0.789700   1.455862   9.948921
 48   2.549328   4.628391  10.625779
 49   1.229899   2.261548   9.958409
 50  -0.458318  -0.825409   9.945496
 51   3.409137   6.158858  11.020984
 52   3.706408   6.629987  11.536981
 53   0.584323   1.076516  10.198446
 54  -5.895461 -10.225926  13.548983
 55  -0.230509  -0.409863   9.889203
 56   3.577121   6.379396  11.636188
 57  -2.858732  -5.138086  10.892970
 58  -2.612384  -4.730742  10.524867
 59   1.708394   3.143745   9.903496
 60  -4.053080  -7.208049  11.723277
 61   3.454009   6.199218  11.324312
 62   0.092908   0.181214   9.705836
 63  -7.601655 -12.638317  16.154277
 64   4.312077   7.697863  11.808112
 65   0.764488   1.408528  10.002143
 66  -3.181719  -5.705748  11.083121
 67  -1.987401  -3.613817  10.194945
 68   2.726067   4.976914  10.395840
 69  -3.054806  -5.551908  10.508601
 70   2.369630   4.314723  10.465335
 71  -1.217825  -2.200823  10.221124
 72   2.627085   4.753486  10.793798
 73  -2.657735  -4.800717  10.637432
 74   3.020038   5.454811  10.943477
 75   1.250738   2.311779   9.689499
 76   1.537864   2.823320  10.018704
 77   1.382539   2.537512  10.039013
 78  -3.402350  -6.090764  11.225599
 79   1.431228   2.625501  10.062310
 80  -4.994596  -8.795799  12.510521
  1 -15.687253 -18.716826  33.762116
  2 -13.607489  -8.888508  38.098241
  3 -15.868927 -15.429032  37.551772
  4 -14.095165 -19.976011  27.502018
  5 -15.757626 -18.425499  34.270747
  6 -15.956344 -17.075302  36.190038
  7 -15.653200 -13.971260  38.354735
  8 -15.202098 -11.337049  39.560017
  9 -15.378190 -11.919798  39.475144
 10 -13.556443  -8.835266  38.033650
 11 -15.459782 -12.305797  39.338810
 12 -15.795004 -14.265442  38.429617
 13 -15.914774 -15.557387  37.544826
 14 -14.897525 -19.799573  30.227964
 15 -12.963175 -19.816062  23.893693
 16 -15.634574 -18.425508  33.936767
 17 -14.690532 -19.928725  29.435290
 18 -13.459579 -19.906410  25.494733
 19 -15.203045 -11.462727  39.459439
 20 -15.417738 -18.974927  32.724986
 21 -13.408896 -19.912414  25.313143
 22 -14.130054 -19.976223  27.615534
 23 -13.728976  -8.413351  38.735908
 24 -16.078347 -15.395013  38.094549
 25 -14.590900  -9.958792  39.335600
 26 -15.063085 -19.685173  30.864081
 27 -13.723891  -8.551926  38.615153
 28 -15.283849 -11.162662  39.882016
 29 -15.914371 -13.605670  39.284760
 30 -16.047542 -15.721520  37.718836
 31 -13.945911 -19.972760  27.023772
 32 -15.098327 -19.560730  31.119999
 33 -15.075260 -19.378886  31.273343
 34 -15.828107 -18.180141  34.722870
 35 -15.365439 -19.118204  32.413908
 36 -15.021934 -10.300236  39.996245
 37 -15.997683 -15.296517  37.988311
 38 -16.066011 -15.954918  37.546891
 39 -15.397132 -18.902012  32.751535
 40 -14.966653 -19.640091  30.634641
 41 -13.778642  -8.599076  38.692811
 42 -14.583581 -20.242602  28.692401
 43 -15.704505 -13.316277  39.045233
 44 -13.058555 -19.880775  24.135659
 45 -15.780338 -18.645255  34.096598
 46 -15.678110 -12.391085  39.762741
 47 -16.006658 -17.600492  35.794786
 48 -15.058291 -19.841152  30.658636
 49 -15.908011 -18.288679  34.822987
 50 -16.078763 -15.455378  38.040804
 51 -14.265614 -20.256832  27.661827
 52 -13.764343 -20.087231  26.258707
 53 -15.944527 -17.315694  35.920685
 54 -13.956104  -8.812222  38.896373
 55 -16.104012 -15.841741  37.746641
 56 -13.831753 -20.019893  26.582128
 57 -15.403344 -11.693633  39.717162
 58 -15.546221 -11.880048  39.884736
 59 -15.781345 -18.976957  33.736519
 60 -14.874851 -10.266757  39.704040
 61 -13.744915 -19.940654  26.406748
 62 -16.030316 -16.504130  36.935810
 63 -13.104025  -8.447402  37.399259
 64 -12.633985 -19.510844  23.200546
 65 -15.827260 -17.690828  35.230956
 66 -15.242819 -11.397655  39.600597
 67 -15.722060 -12.952610  39.393940
 68 -14.772985 -19.985117  29.614430
 69 -15.374580 -11.210294  40.043667
 70 -14.974506 -19.682918  30.603691
 71 -15.843542 -14.377827  38.444698
 72 -14.655985 -19.803255  29.492846
 73 -15.469949 -12.018799  39.599265
 74 -14.295684 -19.977268  28.141443
 75 -15.821293 -18.389005  34.481537
 76 -15.586113 -18.807774  33.382587
 77 -15.635530 -18.599507  33.748965
 78 -15.152540 -11.115133  39.630217
 79 -15.608286 -18.666239  33.600754
 80 -14.433438  -9.437346  39.412533
  1   1.182016   3.943294  23.925215
  2   0.488448   2.463850  22.332651
  3   1.628870   4.310056  23.749321
  4  -0.549996   1.876828  23.629494
  5   1.274339   4.039193  23.931988
  6   1.570574   4.325995  23.915854
  7   1.567875   4.158431  23.534586
  8   1.436157   3.856684  23.109030
  9   1.521889   3.996233  23.234380
 10   0.457560   2.418525  22.312867
 11   1.552774   4.055004  23.303705
 12   1.660933   4.290150  23.619850
 13   1.657562   4.352297  23.779564
 14   0.301518   2.925973  23.754835
 15  -1.770628   0.332809  23.620151
 16   1.160600   3.899443  23.884509
 17   0.075587   2.654374  23.718127
 18  -1.227063   1.022252  23.595669
 19   1.425342   3.849056  23.121731
 20   0.902831   3.615593  23.846235
 21  -1.641965   0.447804  23.502415
 22  -0.802860   1.511670  23.491693
 23   0.520760   2.483487  22.269490
 24   1.784970   4.484679  23.765184
 25   1.032574   3.254343  22.709335
 26   0.285311   2.859139  23.622735
 27   0.498846   2.461377  22.282471
 28   1.484608   3.904488  23.091711
 29   1.799446   4.418347  23.567507
 30   1.726405   4.428180  23.769567
 31  -1.015862   1.242670  23.484359
 32   0.341267   2.920906  23.624209
 33   0.342676   2.910746  23.606008
 34   1.267810   3.990019  23.806021
 35   0.684363   3.321080  23.679160
 36   1.352510   3.692041  22.908385
 37   1.719933   4.399470  23.719095
 38   1.721777   4.433912  23.792569
 39   0.745206   3.383623  23.677363
 40   0.187750   2.733985  23.594855
 41   0.648588   2.668224  22.346309
 42   0.009955   2.559256  23.674595
 43   1.673754   4.252112  23.486388
 44  -1.551938   0.562692  23.516786
 45   1.324445   4.090536  23.938716
 46   1.720789   4.268842  23.389367
 47   1.609019   4.383200  23.962483
 48   0.530799   3.181496  23.765556
 49   1.468470   4.247541  23.967559
 50   1.824373   4.541184  23.831965
 51  -0.317984   2.149515  23.617482
 52  -0.817981   1.507251  23.544870
 53   1.576708   4.328781  23.915386
 54   0.752245   2.820636  22.420525
 55   1.818647   4.552607  23.874213
 56  -0.734809   1.606792  23.543547
 57   1.562044   4.033892  23.211438
 58   1.657148   4.164401  23.286382
 59   1.296781   4.075197  23.960689
 60   1.281866   3.601865  22.870918
 61  -0.912030   1.383872  23.523668
 62   1.706018   4.447145  23.880335
 63   0.178808   2.012062  22.152267
 64  -2.081975  -0.131581  23.533562
 65   1.426396   4.165497  23.872487
 66   1.478918   3.910116  23.125835
 67   1.729335   4.303409  23.464118
 68   0.165376   2.740585  23.675160
 69   1.598080   4.054797  23.161134
 70   0.408272   3.023002  23.704999
 71   1.715595   4.353928  23.636135
 72   0.070893   2.609757  23.635107
 73   1.604336   4.100769  23.274712
 74  -0.327966   2.122078  23.582298
 75   1.358168   4.120132  23.915133
 76   1.099005   3.825195  23.848131
 77   1.165932   3.895598  23.853844
 78   1.433573   3.837867  23.063916
 79   1.133898   3.859963  23.847590
 80   1.045958   3.244878  22.638422
  1   6.567627  10.466413  17.107195
  2   4.827078   8.197672  14.044030
  3   7.222118  11.303004  18.056641
  4   3.057607   5.245390  13.271344
  5   6.711707  10.647739  17.332424
  6   7.148547  11.180991  18.033741
  7   7.121532  11.230316  17.754287
  8   6.894339  11.037133  17.127686
  9   7.042998  11.197792  17.441332
 10   4.747702   8.075744  13.953798
 11   7.094573  11.246613  17.568027
 12   7.266970  11.383928  18.053223
 13   7.265603  11.346804  18.150262
 14   4.957952   8.238177  14.945175
 15   0.012649   0.077819  12.332541
 16   6.523527  10.416928  17.017215
 17   4.485307   7.522205  14.446762
 18   1.387839   2.439483  12.500816
 19   6.875407  11.010567  17.105602
 20   6.090581   9.849612  16.374572
 21   0.269010   0.518002  12.279220
 22   2.413409   4.180933  12.841043
 23   4.944552   8.387514  14.130338
 24   7.512209  11.630141  18.574227
 25   6.159151  10.125598  15.819771
 26   4.940320   8.227298  14.854201
 27   4.894701   8.308559  14.085963
 28   7.035149  11.218142  17.339714
 29   7.533852  11.701268  18.487603
 30   7.429700  11.537535  18.428422
 31   1.876789   3.274842  12.605039
 32   5.052037   8.394756  14.975347
 33   5.044452   8.385443  14.957404
 34   6.753488  10.725667  17.319497
 35   5.729165   9.374092  15.802364
 36   6.795588  10.950067  16.852391
 37   7.418595  11.536731  18.376889
 38   7.424177  11.526040  18.433020
 39   5.838121   9.527778  15.940908
 40   4.726489   7.905852  14.617694
 41   5.167197   8.721873  14.405949
 42   4.283855   7.213273  14.234003
 43   7.242711  11.387449  17.920954
 44   0.459249   0.845568  12.298682
 45   6.741319  10.685095  17.376234
 46   7.320801  11.501064  17.993996
 47   7.160586  11.187166  18.075320
 48   5.354763   8.824161  15.392036
 49   6.959703  10.947752  17.742963
 50   7.459192  11.556537  18.516516
 51   3.540918   6.034992  13.594603
 52   2.325313   4.030309  12.825271
 53   7.109792  11.137585  17.960527
 54   5.418346   9.092795  14.728327
 55   7.450762  11.537189  18.528186
 56   2.522337   4.360803  12.921559
 57   7.067794  11.235349  17.460494
 58   7.223568  11.408727  17.764450
 59   6.704554  10.634993  17.331746
 60   6.563818  10.653317  16.478102
 61   2.158490   3.750077  12.745774
 62   7.329274  11.392654  18.336033
 63   4.020961   6.928390  13.214402
 64  -0.833892  -1.380088  12.379374
 65   6.927139  10.921785  17.650781
 66   6.960681  11.114031  17.253103
 67   7.361742  11.524893  18.131160
 68   4.670357   7.809558  14.613537
 69   7.162653  11.356186  17.603408
 70   5.159395   8.542291  15.148063
 71   7.337587  11.457706  18.197309
 72   4.453736   7.479933  14.381483
 73   7.169620  11.340111  17.685213
 74   3.566691   6.078351  13.604659
 75   6.833866  10.799321  17.525944
 76   6.419579  10.285265  16.852313
 77   6.526785  10.423445  17.014637
 78   6.881429  11.026310  17.090280
 79   6.474714  10.357173  16.933355
 80   6.123493  10.084420  15.740737
  1  14.250429  18.589410  29.827045
  2  14.342457  20.438766  27.663820
  3  14.211163  17.878910  30.594044
  4  11.223583  19.029955  18.405437
  5  14.236619  18.434998  29.980537
  6  14.162347  17.970453  30.340983
  7  14.325864  17.962911  30.821253
  8  14.542256  18.162754  31.199860
  9  14.464199  18.011169  31.158426
 10  14.288910  20.500678  27.403434
 11  14.425001  17.963345  31.103971
 12  14.251360  17.817725  30.783612
 13  14.185849  17.836513  30.572984
 14  13.815988  20.070472  26.458488
 15   1.326165   2.594084   6.759595
 16  14.268835  18.636179  29.822585
 17  13.415939  20.246944  24.826096
 18   6.529064  12.317571  10.254901
 19  14.540440  18.186266  31.166562
 20  14.259699  19.096627  29.205420
 21   2.627546   5.119260   7.174742
 22  10.101764  17.759399  15.920062
 23  14.691745  20.152280  29.156182
 24  14.287366  17.209054  31.608128
 25  14.909039  18.633322  31.688093
 26  14.131175  20.015138  27.569514
 27  14.654700  20.204394  28.972513
 28  14.684778  17.583985  32.276029
 29  14.353671  17.142721  31.868546
 30  14.317180  17.295021  31.590704
 31   8.542543  15.583703  13.087135
 32  14.203540  19.925185  27.925632
 33  14.206298  19.933936  27.922428
 34  14.479667  18.050110  31.156203
 35  14.477405  19.242205  29.677120
 36  14.798500  17.835621  32.303286
 37  14.340364  17.296175  31.653824
 38  14.310474  17.305433  31.559878
 39  14.504288  19.118277  29.915184
 40  13.982116  20.167077  26.869534
 41  14.798842  20.058156  29.608741
 42  13.475246  20.398753  24.798977
 43  14.533814  17.651012  31.779110
 44   3.154416   6.135930   7.383492
 45  14.462397  18.284755  30.823799
 46  14.547389  17.543940  31.941043
 47  14.370326  17.829105  31.108717
 48  14.305077  19.789059  28.431544
 49  14.415649  18.046444  30.977364
 50  14.327479  17.495717  31.383374
 51  12.423962  20.066309  21.439386
 52   9.691660  17.246148  15.062116
 53  14.402273  17.875999  31.143478
 54  14.885827  19.759479  30.251697
 55  14.313561  17.512478  31.324511
 56  10.229595  17.943551  16.124445
 57  14.683466  17.785483  32.040750
 58  14.615258  17.626157  32.034711
 59  14.458030  18.328400  30.758193
 60  14.886415  18.326868  31.982558
 61   8.891840  16.100230  13.677659
 62  13.975511  17.874929  29.916983
 63  13.405871  20.703634  24.069671
 64  -1.813527  -3.528296   7.110767
 65  14.077726  18.286678  29.698855
 66  14.378428  18.216471  30.665088
 67  14.141387  17.816605  30.470078
 68  13.432861  20.145859  25.041761
 69  14.321516  17.998867  30.765843
 70  13.796052  19.928429  26.598309
 71  14.076811  17.854190  30.237341
 72  13.236867  20.185638  24.288338
 73  14.273782  18.002150  30.624585
 74  12.046198  19.715915  20.563265
 75  14.074424  18.383180  29.566477
 76  14.126124  18.811902  29.170237
 77  14.124076  18.701653  29.306704
 78  14.416133  18.299339  30.673024
 79  14.127087  18.755435  29.246308
 80  14.594811  19.145315  30.151327
  1   3.727032  -0.401330  27.694604
  2   3.332062  -1.424195  28.192503
  3   3.848603  -0.042083  27.486106
  4   3.743332  -1.914595  29.368975
  5   3.755615  -0.322706  27.652872
  6   3.842050  -0.096653  27.540876
  7   3.818123  -0.065231  27.455678
  8   3.754362  -0.129724  27.412215
  9   3.789171  -0.067197  27.401779
 10   3.320203  -1.478957  28.234845
 11   3.802426  -0.049728  27.405785
 12   3.851396  -0.005021  27.445510
 13   3.858911  -0.025027  27.484975
 14   3.453362  -1.374855  28.343467
 15   8.218598   5.205883  30.168123
 16   3.716372  -0.422323  27.700057
 17   3.421908  -1.640235  28.584331
 18   5.683579   0.239693  30.370299
 19   3.751109  -0.141638  27.420787
 20   3.632036  -0.673580  27.846028
 21   8.222023   4.968193  30.414809
 22   4.271294  -1.328699  29.598350
 23   3.322433  -1.240807  27.960184
 24   3.972929   0.286587  27.313211
 25   3.617870  -0.376204  27.451802
 26   3.416897  -1.282498  28.174050
 27   3.313887  -1.278586  27.989700
 28   3.838755   0.131022  27.242745
 29   3.970426   0.323814  27.260847
 30   3.953792   0.246316  27.325976
 31   4.999857  -0.516116  29.966989
 32   3.432374  -1.211501  28.119095
 33   3.429880  -1.216110  28.120073
 34   3.797138  -0.120947  27.479200
 35   3.559866  -0.762433  27.817367
 36   3.777027   0.015851  27.266865
 37   3.949234   0.247508  27.315357
 38   3.953406   0.240635  27.332400
 39   3.583006  -0.689105  27.771547
 40   3.390969  -1.412860  28.278205
 41   3.263835  -1.249636  27.867658
 42   3.326181  -1.715301  28.505613
 43   3.829712   0.026063  27.357338
 44   8.289254   5.042897  30.470765
 45   3.720869  -0.307427  27.563858
 46   3.846348   0.080729  27.320837
 47   3.828146  -0.073758  27.480069
 48   3.401064  -1.166400  28.012285
 49   3.777294  -0.184692  27.519868
 50   3.898818   0.096115  27.405380
 51   3.504690  -1.817444  28.896178
 52   4.562336  -0.918089  29.651334
 53   3.813052  -0.096302  27.478870
 54   3.323713  -1.070347  27.759177
 55   3.898502   0.086878  27.416400
 56   4.306281  -1.190808  29.513860
 57   3.775571  -0.035905  27.328988
 58   3.818031   0.041835  27.314102
 59   3.712730  -0.330994  27.577492
 60   3.633973  -0.302485  27.389811
 61   4.598062  -1.260841  30.030419
 62   3.878691  -0.025929  27.526658
 63   3.526040  -1.562651  28.665817
 64   8.719575   6.352581  30.023334
 65   3.819613  -0.179426  27.601946
 66   3.773177  -0.101583  27.418708
 67   3.853582   0.023131  27.418355
 68   3.633872  -1.243795  28.498676
 69   3.803556  -0.023399  27.379936
 70   3.639787  -1.005359  28.244717
 71   3.862182  -0.001534  27.465262
 72   3.639364  -1.342189  28.614065
 73   3.812202  -0.031503  27.406581
 74   3.776963  -1.632204  29.133379
 75   3.809978  -0.220749  27.633932
 76   3.753384  -0.395287  27.738795
 77   3.766526  -0.347712  27.706060
 78   3.758503  -0.129108  27.424784
 79   3.759839  -0.370457  27.720978
 80   3.640102  -0.447048  27.592231
  1   1.870132   2.842021  14.854180
  2   0.456473   0.558892  14.684945
  3   2.379357   3.658516  15.009136
  4  -0.315266  -0.716224  15.164318
  5   1.980507   3.019263  14.884556
  6   2.296268   3.523935  14.989817
  7   2.357228   3.626717  14.982402
  8   2.284754   3.517199  14.922542
  9   2.367832   3.648098  14.962551
 10   0.379775   0.434103  14.695069
 11   2.389310   3.681286  14.976353
 12   2.436753   3.751662  15.022008
 13   2.401398   3.692978  15.020900
 14   0.498538   0.619308  14.757057
 15   5.939759   7.810101  20.553572
 16   1.841915   2.797067  14.844415
 17   0.127062   0.015377  14.828985
 18   1.856157   2.588033  16.088553
 19   2.267342   3.489173  14.917391
 20   1.487449   2.225127  14.772690
 21   5.723930   7.543422  20.319856
 22   0.337333   0.303360  15.270530
 23   0.707147   0.972730  14.608162
 24   2.843400   4.395281  15.201020
 25   1.946118   2.982065  14.766071
 26   0.622583   0.826714  14.689017
 27   0.652860   0.884147  14.612078
 28   2.660727   4.120153  15.049837
 29   2.904915   4.495190  15.216845
 30   2.788474   4.309444  15.171086
 31   1.190681   1.610714  15.617575
 32   0.723668   0.991303  14.681859
 33   0.717465   0.981321  14.681171
 34   2.275899   3.498785  14.941357
 35   1.364381   2.032400  14.708274
 36   2.504464   3.874858  14.967650
 37   2.792770   4.317134  15.168744
 38   2.779517   4.294996  15.168372
 39   1.469481   2.202746  14.722720
 40   0.437729   0.525809  14.709348
 41   0.714384   0.988797  14.570324
 42   0.024722  -0.144616  14.781171
 43   2.500658   3.860170  15.010961
 44   5.726432   7.518836  20.381964
 45   2.018322   3.086868  14.854173
 46   2.580534   3.987787  15.040755
 47   2.341806   3.601356  14.979692
 48   0.805183   1.127193  14.652081
 49   2.188378   3.357782  14.917238
 50   2.579516   3.978178  15.080759
 51  -0.148164  -0.434519  14.947862
 52   0.816072   1.049980  15.378698
 53   2.312814   3.556165  14.963343
 54   0.969976   1.404903  14.574044
 55   2.564877   3.954425  15.077248
 56   0.524490   0.601377  15.262698
 57   2.426634   3.747352  14.954932
 58   2.531626   3.912385  15.008404
 59   1.984531   3.032536  14.844709
 60   2.061976   3.169674  14.793290
 61   0.503435   0.536780  15.511710
 62   2.511829   3.859793  15.112074
 63   0.438132   0.508040  14.899348
 64   6.393602   8.129392  21.522962
 65   2.309024   3.537632  15.033202
 66   2.448393   3.771618  15.022465
 67   2.598684   4.004849  15.111417
 68   0.844171   1.162220  14.894029
 69   2.552641   3.937276  15.064761
 70   1.175831   1.704045  14.862481
 71   2.556927   3.935610  15.109036
 72   0.707173   0.938220  14.918358
 73   2.536059   3.908974  15.067870
 74   0.279841   0.234318  15.088863
 75   2.251551   3.445132  15.017653
 76   2.016658   3.068572  14.949132
 77   2.081600   3.173133  14.965078
 78   2.413562   3.716827  15.005534
 79   2.050713   3.123469  14.957069
 80   1.987318   3.034641  14.865367
  1  -0.112411  -0.216277   7.283542
  2  -6.286996 -11.633150  11.047865
  3   2.176781   4.189300   7.731164
  4  -9.023615 -15.690120  15.514767
  5   0.388258   0.751754   7.297902
  6   1.801609   3.472630   7.594703
  7   2.093763   4.031849   7.688476
  8   1.798390   3.468650   7.563041
  9   2.159036   4.157255   7.703263
 10  -6.589293 -12.133521  11.433690
 11   2.249164   4.328656   7.743796
 12   2.435413   4.681321   7.840166
 13   2.270816   4.368110   7.772602
 14  -6.131394 -11.363027  10.895204
 15   9.211565  14.938852  18.243975
 16  -0.239138  -0.461322   7.286223
 17  -7.548166 -13.641672  12.842757
 18  -0.959264  -1.832781   7.950764
 19   1.720081   3.318606   7.537373
 20  -1.853494  -3.570482   7.601761
 21   8.734420  14.424501  17.226561
 22  -6.921600 -12.594218  12.166550
 23  -5.378636 -10.087096   9.976394
 24   3.958686   7.525528   8.781921
 25   0.120976   0.235027   7.234423
 26  -5.741513 -10.708153  10.406885
 27  -5.603190 -10.477739  10.216745
 28   3.255357   6.228132   8.259936
 29   4.221859   8.007454   8.982436
 30   3.736025   7.116271   8.614846
 31  -3.687633  -6.969382   8.982057
 32  -5.326603  -9.988487   9.958782
 33  -5.352063 -10.033138   9.984717
 34   1.550976   2.992956   7.499178
 35  -2.548155  -4.895808   7.865748
 36   2.599046   4.994414   7.884489
 37   3.757579   7.156359   8.628155
 38   3.697677   7.045372   8.588167
 39  -2.075515  -3.996775   7.660251
 40  -6.478023 -11.949509  11.293888
 41  -5.248828  -9.855622   9.860980
 42  -7.940006 -14.233946  13.453046
 43   2.695324   5.169836   7.998232
 44   8.828214  14.493436  17.509261
 45   0.542527   1.049105   7.335374
 46   3.042460   5.822989   8.187470
 47   1.977292   3.805576   7.691915
 48  -4.883442  -9.200920   9.544458
 49   1.301697   2.511846   7.475425
 50   3.005526   5.751336   8.186255
 51  -8.524723 -15.048333  14.518275
 52  -5.020728  -9.376317  10.028081
 53   1.853488   3.569399   7.643698
 54  -4.150691  -7.884717   8.871932
 55   2.940665   5.629480   8.150575
 56  -6.137975 -11.305750  11.186179
 57   2.393287   4.599564   7.837979
 58   2.841403   5.445992   8.068142
 59   0.389200   0.752968   7.321388
 60   0.789067   1.526068   7.331985
 61  -6.104522 -11.241322  11.177958
 62   3.172713   6.079690   8.167849
 63  -6.220938 -11.507827  11.024657
 64   9.692345  15.302001  19.543906
 65   2.268572   4.370267   7.705858
 66   2.948191   5.661356   8.007959
 67   3.586105   6.853569   8.413623
 68  -4.519551  -8.542393   9.246046
 69   3.409335   6.526232   8.283775
 70  -3.022475  -5.787107   8.141362
 71   3.390030   6.487487   8.291866
 72  -5.115975  -9.603821   9.813408
 73   3.327525   6.372799   8.236643
 74  -6.874713 -12.557605  11.960196
 75   2.004205   3.865535   7.602701
 76   0.921075   1.783085   7.312015
 77   1.223710   2.366902   7.370192
 78   2.795523   5.373419   7.924106
 79   1.080149   2.090103   7.340311
 80   0.841446   1.630499   7.264591
  1  -4.706727   3.370708  32.301268
  2  -2.787584   4.822214  31.023280
  3  -5.534717   2.269120  32.587012
  4  -2.190830   4.653692  30.115874
  5  -4.886339   3.154228  32.374667
  6  -5.398907   2.467752  32.549233
  7  -5.504576   2.316074  32.580652
  8  -5.397195   2.476725  32.553676
  9  -5.528047   2.283530  32.588640
 10  -2.712706   4.832773  30.939981
 11  -5.560664   2.233856  32.596458
 12  -5.627947   2.128207  32.610490
 13  -5.568694   2.217514  32.595285
 14  -2.830017   4.803273  31.059119
 15  -6.987813  -2.057020  31.386611
 16  -4.661519   3.423536  32.282031
 17  -2.491711   4.814200  30.648690
 18  -4.436569   3.547425  32.080504
 19  -5.368748   2.517436  32.545312
 20  -4.101677   4.010124  32.008419
 21  -7.284079  -1.519241  32.347097
 22  -3.170060   4.687206  31.324282
 23  -3.488272   4.891437  31.894257
 24  -6.453664   1.940429  33.671220
 25  -5.103940   3.901477  33.221560
 26  -3.406407   4.870141  31.774656
 27  -3.435266   4.887261  31.824719
 28  -6.209527   2.379306  33.638511
 29  -6.542884   1.774818  33.680571
 30  -6.377259   2.079855  33.661965
 31  -3.961689   4.644179  32.293991
 32  -3.503993   4.879057  31.903818
 33  -3.497861   4.879019  31.896127
 34  -5.605324   3.281496  33.447326
 35  -4.248692   4.636329  32.654185
 36  -5.977140   2.754671  33.581533
 37  -6.384679   2.067185  33.663470
 38  -6.364026   2.103264  33.659877
 39  -4.391152   4.541602  32.764784
 40  -3.241166   4.826482  31.531949
 41  -3.057565   4.999036  31.497682
 42  -2.455024   4.919585  30.686629
 43  -5.644010   2.449739  32.895185
 44  -6.960920  -1.579113  31.767251
 45  -4.869126   3.524590  32.646613
 46  -5.768105   2.252079  32.921256
 47  -5.385570   2.834719  32.825619
 48  -3.155776   4.957891  31.583631
 49  -5.141476   3.174838  32.748257
 50  -5.755178   2.268387  32.915305
 51  -2.347535   4.822488  30.462535
 52  -3.150918   4.857418  31.493600
 53  -5.340753   2.899582  32.812785
 54  -3.350862   4.887624  31.765685
 55  -5.732080   2.305402  32.910540
 56  -2.870206   4.923485  31.203002
 57  -5.535077   2.620265  32.871240
 58  -5.696247   2.369082  32.907880
 59  -4.814645   3.590643  32.624231
 60  -4.955531   3.425343  32.686860
 61  -3.050921   4.498532  31.023304
 62  -6.183728   1.556823  32.952417
 63  -2.999713   4.588754  31.037478
 64  -7.092832  -2.333730  31.346227
 65  -5.858523   2.065671  32.866920
 66  -6.104251   1.693705  32.940032
 67  -6.329121   1.315109  32.982919
 68  -3.496587   4.411282  31.515399
 69  -6.267696   1.423870  32.974781
 70  -3.971636   4.126135  31.892097
 71  -6.260511   1.430965  32.969650
 72  -3.317740   4.488479  31.353070
 73  -6.238850   1.471413  32.968428
 74  -2.826871   4.589578  30.820202
 75  -5.762014   2.206094  32.835437
 76  -5.363975   2.743540  32.683431
 77  -5.475336   2.600069  32.729637
 78  -6.049505   1.781188  32.926734
 79  -5.422500   2.668801  32.708065
 80  -5.334044   2.789324  32.676680
  1   0.753182   1.537172  16.900813
  2   1.694247   2.887967  16.628390
  3  -0.063599   0.348606  17.027552
  4   1.344901   2.342867  16.159404
  5   0.594183   1.305688  16.917880
  6   0.084530   0.563795  16.996362
  7  -0.027671   0.400934  17.020590
  8   0.093821   0.577767  16.997423
  9  -0.051059   0.367138  17.026688
 10   1.686206   2.874084  16.593689
 11  -0.088514   0.312700  17.034699
 12  -0.168913   0.195795  17.052056
 13  -0.102421   0.292205  17.036064
 14   1.684297   2.874068  16.638338
 15  -3.873776  -5.044034  18.881256
 16   0.791917   1.593561  16.897210
 17   1.607805   2.750625  16.453505
 18   0.829653   1.639930  16.822419
 19   0.124168   0.621892  16.991606
 20   1.213885   2.206366  16.861030
 21  -3.008495  -3.788404  18.500217
 22   1.433949   2.509533  16.733873
 23   1.780108   3.035339  17.062599
 24   0.112890   0.685309  17.496181
 25   1.424094   2.561848  17.426952
 26   1.726275   2.953350  16.998927
 27   1.755826   2.997954  17.028221
 28   0.425103   1.134203  17.464120
 29  -0.004805   0.516420  17.514070
 30   0.211981   0.827652  17.483536
 31   1.696106   2.924591  17.174891
 32   1.772401   3.024363  17.063039
 33   1.770063   3.020738  17.059373
 34   1.030081   2.000629  17.430075
 35   1.808798   3.098922  17.345138
 36   0.683380   1.504879  17.446305
 37   0.203271   0.815180  17.484817
 38   0.228420   0.851250  17.481479
 39   1.769381   3.045340  17.369915
 40   1.617238   2.786414  16.871045
 41   1.939342   3.260636  16.937089
 42   1.680416   2.860716  16.529663
 43   0.212505   0.776951  17.152735
 44  -3.366207  -4.344486  18.539493
 45   1.002343   1.922876  17.093172
 46   0.064387   0.562059  17.175058
 47   0.497558   1.190572  17.119060
 48   1.923382   3.239232  16.961830
 49   0.748058   1.554216  17.101727
 50   0.074867   0.576962  17.171592
 51   1.539113   2.644693  16.392986
 52   1.810103   3.071195  16.882243
 53   0.545728   1.260545  17.115171
 54   1.906940   3.219464  17.021652
 55   0.102567   0.617129  17.167086
 56   1.799824   3.049226  16.770228
 57   0.340908   0.963529  17.137738
 58   0.152773   0.690376  17.161898
 59   1.049815   1.991598  17.092298
 60   0.933911   1.824220  17.098642
 61   1.324253   2.334343  16.499586
 62  -0.461571  -0.208460  17.238353
 63   1.411072   2.464491  16.530185
 64  -4.026989  -5.248553  19.011972
 65  -0.106510   0.301804  17.134060
 66  -0.362350  -0.065473  17.210498
 67  -0.630557  -0.450195  17.296331
 68   1.376032   2.427092  16.702675
 69  -0.552187  -0.337733  17.271044
 70   1.235582   2.231793  16.810119
 71  -0.549265  -0.333956  17.268027
 72   1.400974   2.459002  16.647918
 73  -0.519102  -0.290427  17.259619
 74   1.358981   2.380216  16.431113
 75  -0.009837   0.440982  17.108476
 76   0.356227   0.968778  17.022578
 77   0.259329   0.829016  17.043968
 78  -0.301013   0.022658  17.192249
 79   0.305836   0.896096  17.033605
 80   0.390657   1.019083  17.019534
  1   3.360675   6.201245  10.040224
  2   6.492989  11.539408  12.960861
  3   0.415533   0.781728   8.999005
  4   5.378884   9.790373  11.373715
  5   2.797268   5.183839   9.708038
  6   0.954692   1.786946   9.061593
  7   0.546671   1.026408   9.009488
  8   0.989701   1.852073   9.069161
  9   0.462028   0.868479   9.003179
 10   6.471901  11.511775  12.913184
 11   0.325649   0.613965   8.994926
 12   0.032932   0.067547   8.989170
 13   0.274243   0.518020   8.991872
 14   6.460979  11.487643  12.924642
 15  -9.955737 -15.560238  20.111684
 16   3.496706   6.444796  10.130050
 17   6.238443  11.163171  12.533690
 18   3.616817   6.664616  10.174160
 19   1.100163   2.057622   9.089811
 20   4.938497   8.963843  11.311477
 21  -8.889364 -14.524717  17.731527
 22   5.174485   9.379775  11.467923
 23   6.275389  11.135268  12.910941
 24   0.561933   1.050151   9.280878
 25   5.119988   9.206494  11.798541
 26   6.114687  10.889691  12.673909
 27   6.204077  11.027615  12.801463
 28   1.689289   3.132999   9.517679
 29   0.136624   0.261074   9.257533
 30   0.920281   1.714105   9.328548
 31   5.999676  10.680143  12.634746
 32   6.251344  11.097220  12.880828
 33   6.244543  11.087022  12.870148
 34   3.813529   6.963816  10.645997
 35   6.325557  11.170570  13.138314
 36   2.609717   4.813359   9.896517
 37   0.888886   1.655981   9.323484
 38   0.979652   1.823985   9.338830
 39   6.203267  10.974825  12.997407
 40   5.777901  10.364009  12.200224
 41   6.814006  11.988881  13.560080
 42   6.071093  10.886247  12.358779
 43   0.965781   1.804287   9.160675
 44  -9.471635 -15.162317  18.908875
 45   3.782928   6.937427  10.442686
 46   0.426807   0.801621   9.094707
 47   1.998388   3.713722   9.446262
 48   6.762103  11.905508  13.502840
 49   2.893908   5.347276   9.866106
 50   0.464219   0.871299   9.096507
 51   5.617104  10.161438  11.754162
 52   6.432436  11.408229  13.015196
 53   2.171817   4.032055   9.515180
 54   6.702892  11.804849  13.456759
 55   0.565000   1.058936   9.105195
 56   6.417458  11.402259  12.930900
 57   1.432668   2.670069   9.264710
 58   0.748693   1.400724   9.127564
 59   3.946069   7.224956  10.565937
 60   3.546591   6.518083  10.275843
 61   5.654926  10.211145  11.852001
 62  -0.541548  -1.002839   9.081493
 63   5.937763  10.670587  12.197003
 64  -9.928443 -15.518196  20.085590
 65   0.720089   1.348758   9.071601
 66  -0.188978  -0.345995   9.049066
 67  -1.133199  -2.102061   9.194664
 68   5.819317  10.454025  12.154761
 69  -0.858408  -1.592083   9.134683
 70   5.365272   9.691166  11.706781
 71  -0.849386  -1.575365   9.131828
 72   5.900864  10.594306  12.219736
 73  -0.742568  -1.376793   9.113300
 74   5.771022  10.411485  11.945929
 75   1.065192   1.991037   9.122907
 76   2.368070   4.397990   9.526563
 77   2.024615   3.767200   9.387985
 78   0.028764   0.059960   9.040253
 79   2.189646   4.070704   9.451697
 80   2.491033   4.622764   9.584119
  1  14.872135  20.572981  29.169358
  2  15.072654  17.217331  33.744302
  3  12.353048  20.605800  20.153577
  4  15.323264  18.508965  33.003146
  5  14.597875  20.965500  27.765208
  6  13.023242  21.049414  22.053797
  7  12.524740  20.736248  20.620845
  8  13.062984  21.069179  22.174270
  9  12.414338  20.653379  20.319319
 10  15.083684  17.239929  33.749407
 11  12.231807  20.507151  19.831620
 12  11.819761  20.137465  18.778926
 13  12.161666  20.448173  19.647429
 14  15.078532  17.253621  33.720759
 15  -4.130705  -7.573535  10.460691
 16  14.925145  20.460557  29.480891
 17  15.159132  17.501759  33.668121
 18  14.980560  20.364979  29.775016
 19  13.187122  21.127273  22.553831
 20  15.206812  18.996809  32.116147
 21  -4.790296  -8.807363  10.619465
 22  15.133212  19.606615  31.176531
 23  14.999999  18.437839  32.177448
 24  11.765970  20.146142  18.522585
 25  14.978188  19.609386  30.715121
 26  15.037243  18.607866  32.085361
 27  15.018431  18.513235  32.142080
 28  13.174405  21.177894  22.417716
 29  11.122370  19.461740  17.007662
 30  12.261033  20.593101  19.790104
 31  15.012783  18.723910  31.880255
 32  15.003697  18.463028  32.158698
 33  15.005550  18.470219  32.155590
 34  14.686712  20.744414  28.352850
 35  14.929956  18.380858  32.045962
 36  14.004512  21.297169  25.275933
 37  12.219362  20.558480  19.679712
 38  12.338850  20.656095  19.998309
 39  14.943847  18.506768  31.938489
 40  15.098681  18.967397  31.839683
 41  14.952486  17.508874  33.100009
 42  15.169189  18.296659  32.813531
 43  12.630001  20.825836  20.885566
 44  -4.644778  -8.514419  10.684350
 45  14.830160  20.552633  29.063869
 46  11.917907  20.246046  18.991640
 47  13.725927  21.282911  24.304760
 48  14.960210  17.563524  33.060307
 49  14.398012  21.106412  26.906386
 50  11.970707  20.294988  19.124632
 51  15.234974  18.797212  32.426862
 52  15.045229  17.909151  32.907061
 53  13.875692  21.285355  24.838850
 54  14.962439  17.626732  32.995955
 55  12.109908  20.419363  19.481452
 56  15.069441  17.923496  32.957645
 57  13.168803  21.131626  22.475332
 58  12.354602  20.622376  20.128069
 59  14.886129  20.421081  29.410340
 60  14.735909  20.728144  28.532745
 61  15.322266  17.685314  33.906810
 62  11.761582  20.064109  18.669824
 63  15.264226  17.356938  34.104226
 64  -2.857621  -5.279765   9.690170
 65  13.358764  21.214700  23.058991
 66  12.256743  20.518322  19.915262
 67  10.848807  19.057053  16.593987
 68  15.258597  17.498326  33.937288
 69  11.284680  19.562305  17.552756
 70  15.310384  18.027161  33.501671
 71  11.298891  19.578276  17.584532
 72  15.251886  17.402935  34.021914
 73  11.462275  19.755773  17.960143
 74  15.313599  17.547923  34.031614
 75  13.709097  21.311902  24.197852
 76  14.701491  20.998787  28.055123
 77  14.489127  21.172451  27.116226
 78  12.543969  20.746253  20.680887
 79  14.595423  21.096089  27.574936
 80  14.768555  20.922677  28.374753
  1  -0.695653  -3.846135  24.894861
  2  -1.099197  -4.047465  24.490998
  3   0.415287  -2.825976  25.066933
  4  -1.069877  -4.088520  24.641028
  5  -0.547060  -3.731649  24.951632
  6   0.147026  -3.101054  25.059772
  7   0.347318  -2.897067  25.066143
  8   0.130786  -3.117172  25.058882
  9   0.391054  -2.851406  25.066694
 10  -1.101243  -4.050788  24.493580
 11   0.462980  -2.775514  25.067091
 12   0.623656  -2.602363  25.065856
 13   0.490514  -2.746216  25.067106
 14  -1.097799  -4.047971  24.495205
 15   3.340224   2.396810  23.034335
 16  -0.727477  -3.869269  24.879839
 17  -1.104421  -4.068155  24.523806
 18  -0.758721  -3.893153  24.866948
 19   0.079952  -3.167376  25.055929
 20  -0.976688  -4.022863  24.699387
 21   3.232918   2.275488  23.011915
 22  -0.765869  -3.869570  24.847696
 23  -0.829025  -3.856832  24.696258
 24   0.726847  -2.593177  25.285539
 25  -0.704068  -3.810778  24.855948
 26  -0.826405  -3.864731  24.717381
 27  -0.828600  -3.861046  24.705535
 28   0.189693  -3.130718  25.240381
 29   0.963352  -2.335600  25.289519
 30   0.541755  -2.786201  25.276689
 31  -0.804987  -3.851023  24.734087
 32  -0.827907  -3.857281  24.699467
 33  -0.827904  -3.857719  24.700347
 34  -0.481681  -3.682897  25.031432
 35  -0.807180  -3.831902  24.691816
 36  -0.152778  -3.433038  25.167091
 37   0.557456  -2.770126  25.277664
 38   0.512363  -2.816133  25.274733
 39  -0.799762  -3.832415  24.708091
 40  -0.814582  -3.875600  24.762914
 41  -0.940217  -3.902070  24.525169
 42  -0.942755  -3.949267  24.616739
 43   0.431689  -2.852513  25.153017
 44   3.430650   2.491493  23.118950
 45  -0.570834  -3.729379  24.913811
 46   0.711612  -2.564568  25.171936
 47  -0.023254  -3.284644  25.091814
 48  -0.937289  -3.902165  24.531670
 49  -0.333714  -3.549297  25.012466
 50   0.691166  -2.586152  25.170926
 51  -0.916605  -3.952279  24.676808
 52  -0.933963  -3.918312  24.572011
 53  -0.089284  -3.343215  25.078265
 54  -0.931174  -3.899529  24.539350
 55   0.636997  -2.642874  25.167928
 56  -0.942319  -3.927542  24.573222
 57   0.212871  -3.066233  25.129465
 58   0.540985  -2.741948  25.161662
 59  -0.607182  -3.754700  24.894075
 60  -0.514067  -3.688362  24.941579
 61  -1.244057  -4.241931  24.601323
 62   0.394157  -2.821792  25.022373
 63  -1.249870  -4.229642  24.562139
 64   3.026243   2.001952  22.912835
 65  -0.212370  -3.473089  25.067807
 66   0.208618  -3.029913  25.042877
 67   0.731547  -2.425337  24.975768
 68  -1.236182  -4.223311  24.579038
 69   0.571130  -2.616598  24.999144
 70  -1.212288  -4.228572  24.642194
 71   0.565903  -2.622773  24.999902
 72  -1.241594  -4.223604  24.567649
 73   0.505402  -2.693529  25.008113
 74  -1.252089  -4.242558  24.584915
 75  -0.349951  -3.607835  25.065911
 76  -0.764841  -3.974624  25.003434
 77  -0.670741  -3.897632  25.027919
 78   0.100123  -3.148166  25.052644
 79  -0.717253  -3.936227  25.016816
 80  -0.795796  -3.998865  24.993342
  1  -6.853865 -10.545991  18.393176
  2  -7.325281 -11.158572  18.960209
  3  -5.397337  -8.656591  16.409484
  4  -7.289552 -11.085034  18.990575
  5  -6.679042 -10.330854  18.141857
  6  -5.785906  -9.186041  16.898926
  7  -5.498301  -8.795991  16.533134
  8  -5.808560  -9.216320  16.928537
  9  -5.433517  -8.706692  16.453490
 10  -7.327776 -11.160634  18.966340
 11  -5.325432  -8.556555  16.322928
 12  -5.076874  -8.206025  16.033648
 13  -5.283555  -8.498003  16.273133
 14  -7.323518 -11.155688  18.959692
 15   2.649332   4.449797  13.133293
 16  -6.890853 -10.591465  18.445747
 17  -7.331380 -11.157331  18.991977
 18  -6.927432 -10.635814  18.499324
 19  -5.878948  -9.309950  17.021392
 20  -7.178790 -10.952017  18.829766
 21   2.563981   4.308746  13.082377
 22  -6.897015 -10.600950  18.446273
 23  -6.965469 -10.710734  18.469605
 24  -4.925217  -7.961314  15.988920
 25  -6.819208 -10.509570  18.322312
 26  -6.963523 -10.704063  18.479137
 27  -6.965541 -10.708860  18.475354
 28  -5.710935  -9.056441  16.907884
 29  -4.544435  -7.407013  15.593597
 30  -5.208094  -8.363418  16.304246
 31  -6.937201 -10.670510  18.445004
 32  -6.964242 -10.708658  18.469484
 33  -6.964296 -10.708534  18.470109
 34  -6.559929 -10.169451  18.009602
 35  -6.936896 -10.678987  18.418933
 36  -6.159576  -9.651516  17.484859
 37  -5.184603  -8.330354  16.277366
 38  -5.251818  -8.424797  16.354599
 39  -6.928484 -10.665943  18.414695
 40  -6.951660 -10.680974  18.486745
 41  -7.130915 -10.938256  18.638353
 42  -7.137225 -10.924915  18.705995
 43  -5.396523  -8.644722  16.453235
 44   2.822302   4.729058  13.274774
 45  -6.700309 -10.363186  18.153789
 46  -4.975517  -8.049463  15.974532
 47  -6.023737  -9.493715  17.239758
 48  -7.127406 -10.932901  18.636290
 49  -6.415915 -10.002050  17.766733
 50  -5.007234  -8.094979  16.009163
 51  -7.107371 -10.878527  18.691193
 52  -7.124596 -10.920832  18.656360
 53  -6.109353  -9.606056  17.353047
 54  -7.119904 -10.922830  18.628045
 55  -5.090487  -8.213948  16.101148
 56  -7.135146 -10.932293  18.675434
 57  -5.706633  -9.070275  16.831792
 58  -5.235441  -8.419292  16.265175
 59  -6.743059 -10.417347  18.211141
 60  -6.633130 -10.278156  18.062819
 61  -7.465759 -11.277807  19.290502
 62  -5.371546  -8.624397  16.360036
 63  -7.473794 -11.295783  19.280293
 64   2.021507   3.408240  12.761678
 65  -6.245394  -9.778857  17.548032
 66  -5.655408  -9.011316  16.724372
 67  -4.816120  -7.837746  15.708141
 68  -7.456929 -11.274214  19.259781
 69  -5.086551  -8.225395  16.015502
 70  -7.427234 -11.228011  19.245164
 71  -5.095190  -8.237635  16.025648
 72  -7.463714 -11.284030  19.265080
 73  -5.194024  -8.377052  16.142924
 74  -7.475768 -11.292160  19.298611
 75  -6.422918  -9.999793  17.811769
 76  -6.920121 -10.597847  18.572048
 77  -6.811647 -10.469270  18.405625
 78  -5.814503  -9.223292  16.937821
 79  -6.865521 -10.533192  18.488429
 80  -6.955357 -10.639576  18.625656
