   0.00000000000000      0.274038571934120     
  0.050000000000000      0.276090652975768     
  0.100000000000000       0.283932530718159     
  0.150000000000000       0.296150616206427     
  0.200000000000000       0.313155604060015     
  0.250000000000000       0.334576937861677     
  0.300000000000000       0.359957141761596     
  0.350000000000000       0.389439872030001     
  0.400000000000000       0.422282138082731     
  0.450000000000000       0.458929580829559     
  0.500000000000000       0.498609136796265     
  0.550000000000000       0.541018462659089     
  0.600000000000000       0.585634076752487     
  0.650000000000000       0.632458348603547     
  0.700000000000000       0.681148323647591     
  0.750000000000000       0.731058903020843     
  0.800000000000000       0.782435652098593     
  0.850000000000000       0.834990391989286     
  0.900000000000000       0.888729415921631     
  0.950000000000000       0.943687651785276     
   1.00000000000000        1.00000000000000     

   0.00000000000000       0.186396623895606     
  0.050000000000000       0.189929105236952     
  0.100000000000000       0.201325160577769     
  0.150000000000000       0.220908007412870     
  0.200000000000000       0.246455635836446     
  0.250000000000000       0.277435610337175     
  0.300000000000000       0.314079389037221     
  0.350000000000000       0.354436361576957     
  0.400000000000000       0.398061848660953     
  0.450000000000000       0.443990334344100     
  0.500000000000000       0.491523212299517     
  0.550000000000000       0.540262316700281     
  0.600000000000000       0.589708271930522     
  0.650000000000000       0.639850425641908     
  0.700000000000000       0.690166930359719     
  0.750000000000000       0.740833775854915     
  0.800000000000000       0.791972059687571     
  0.850000000000000       0.843376725888246     
  0.900000000000000       0.895096317762095     
  0.950000000000000       0.947318865358721     
   1.00000000000000        1.00000000000000     

  0.00000000000000D      0.129161726856949                                              
  0.050000000000000       0.135132009733325                                              
  0.100000000000000       0.152119461744255                                              
  0.150000000000000       0.178995483385152                                              
  0.200000000000000       0.214036910893266                                              
  0.250000000000000       0.254968967451441                                              
  0.300000000000000       0.299901017783051                                              
  0.350000000000000       0.347244292795895                                              
  0.400000000000000       0.395956621021044                                              
  0.450000000000000       0.445359776219055                                              
  0.500000000000000       0.495084328350278                                              
  0.550000000000000       0.544945721785242                                              
  0.600000000000000       0.594949625512164                                              
  0.650000000000000       0.645082841887664                                              
  0.700000000000000       0.695321570921375                                              
  0.750000000000000       0.745684944678743                                              
  0.800000000000000       0.796227566229060                                              
  0.850000000000000       0.846892851895962                                              
  0.900000000000000       0.897738351782440                                              
  0.950000000000000       0.948774641087503                                              
   1.00000000000000        1.00000000000000 

   0.00000000000000        9.09837015127767D-002                                         
  0.050000000000000        9.95206334081263D-002                                         
  0.100000000000000       0.123417225317220                                              
  0.150000000000000       0.159020664741956                                              
  0.200000000000000       0.202121884843968                                              
  0.250000000000000       0.249352221959637                                              
  0.300000000000000       0.298346894710634                                              
  0.350000000000000       0.347962292331510                                              
  0.400000000000000       0.397748391126599                                              
  0.450000000000000       0.447616511083153                                              
  0.500000000000000       0.497487184988596                                              
  0.550000000000000       0.547495947936297                                              
  0.600000000000000       0.597428621481564                                              
  0.650000000000000       0.647540902077463                                              
  0.700000000000000       0.697658661850290                                              
  0.750000000000000       0.747875885791779                                              
  0.800000000000000       0.798099136800653                                              
  0.850000000000000       0.848466651887370                                              
  0.900000000000000       0.898889323166630                                              
  0.950000000000000       0.949387573652461                                              
   1.00000000000000        1.00000000000000                    

