    0    13     8    13     4     2     8     7    11     4
    1    15    21    16    12    10     8     6     7    15
    2     8    10     9    11     4    10     6     7    18
    3     3     7     6    18    13    14    11     8     7
    4    10     9    16     6     8     9    11     7     9
    5     6     6    19     8    11    11    12     7    10
    6    11    14     8     8    12    12    10     4    10
    7     6     5    10     7    10    11     7     8    13
    8     3    12     7     5    12     3    12    15     5
    9     3    15    10     8    12    14    11     8     7
   10     9    11     8    11    10    12     8     6    10
   11     4     8     9    11     8     5     5    15    10
   12     8     6     6     8    14     9     7     4     7
   13     5     3    11    11     5     8    14    16    12
   14    10     4    10    13     4    12    18    14     9
   15     8     9     6    16    11    12    10     7     5
   16    11     9    10     8    10     8     7    12     9
   17    17    10     6    10     8    14     7    13    18
   18    12    11     5    10    23    10    10     9    16
   19    24    11     6    10    12     8    12     9     3
   20    14    11     9     5     1     2     9    13     3
    0    11     8    12     4     2    10     6     5     3
    1    16    21    18    10     8     7     5    11    14
    2    13    11     8    15     4    12    13     6    14
    3     4     7     9    13     8     8    10     4     9
    4     5     6    12    12    14    11    17     4    10
    5    11     9    19    10     9    15     6     9    12
    6     4    12     7     7     6    12     7     9     8
    7     4     9    13     5    16     9     9     6    16
    8     6    11     9     4    14     1     6    12     7
    9     7    12    12    11     9    13    12    13     7
   10     8    12    12    11    12    12    11    11     8
   11     4     4     8    10     9     8     4     8    10
   12     8     8     6    11    11    14     6    10    12
   13     5     7    10     6     7    10    16    13     5
   14     9     6     6    14     3    13    17    12     9
   15     5    12     4    11    10    12     6    10     7
   16    16     5     7     8    11     5    10    11     7
   17    11    11     6     9    11    11     6    17    22
   18    11    11     6    12    22     9    14    10    12
   19    23     8     6    12    13     5    10     6     4
   20    19    10    10     5     1     3     9    13     4
