 'new rms of ensemble mean '    2.642979    
 'new ensemble mean of rms '    3.520402    
 'normalized ratio is '    1.036148    
 'rms of ensemble mean is '   0.4178917    
 'mean of rms is '   0.5566245    
 'normalized ratio is '    1.036148    
 'mean bias is '  -7.9073608E-03
 'variable '            1 ' chsq '    46.29370629370629      
   7.3447090390528125E-004
 'variable '            2 ' chsq '    47.72027972027972      
   4.6556304192412830E-004
 'variable '            3 ' chsq '    25.90209790209790      
   0.1690696911249292     
 'variable '            4 ' chsq '    68.65734265734267      
   3.0125788715709030E-007
 'variable '            5 ' chsq '    42.89510489510489      
   2.1105755172409428E-003
 'variable '            6 ' chsq '    56.90909090909091      
   2.1187946823017438E-005
 'variable '            7 ' chsq '    42.09790209790209      
   2.6854639926522683E-003
 'variable '            8 ' chsq '    49.94405594405595      
   2.2559715097023552E-004
 'variable '            9 ' chsq '    42.09790209790211      
   2.6854639926522572E-003
    0    64    59    47    92    59    54    44    58    65
    1    73    45    30    60    38    42    69    53    33
    2    60    52    48    31    53    45    61    59    38
    3    40    52    62    55    57    55    61    37    62
    4    42    37    50    54    57    51    61    47    39
    5    44    40    57    55    40    44    48    46    57
    6    48    34    53    56    32    42    37    42    53
    7    42    48    48    38    51    52    53    38    41
    8    51    50    49    37    43    36    52    40    49
    9    42    42    43    44    45    38    42    50    42
   10    46    51    43    45    43    42    44    40    38
   11    55    41    36    51    41    42    37    34    39
   12    47    28    48    42    41    28    38    38    38
   13    35    53    47    44    35    27    48    31    43
   14    48    38    43    46    44    42    41    50    45
   15    28    52    39    36    41    58    39    40    43
   16    39    43    49    38    45    47    31    62    46
   17    40    43    65    52    47    62    54    51    47
   18    61    54    51    45    51    63    37    68    57
   19    53    76    47    40    72    56    51    70    58
   20    43    63    46    40    66    75    53    47    68
 var  1 rms 0.3059E+00 0.4160E+00 0.1015E+01 bias 0.3405E-01 0.1343E+01
 var  2 rms 0.2944E+00 0.3970E+00 0.1023E+01 bias -.3768E-01 0.1372E+01
 var  3 rms 0.2844E+00 0.3946E+00 0.9947E+00 bias -.8054E-02 0.1171E+01
 var  4 rms 0.2968E+00 0.4009E+00 0.1022E+01 bias 0.6741E-01 0.1466E+01
 var  5 rms 0.2887E+00 0.3864E+00 0.1031E+01 bias -.1273E-01 0.1549E+01
 var  6 rms 0.3209E+00 0.4246E+00 0.1043E+01 bias -.5383E-01 0.1422E+01
 var  7 rms 0.2870E+00 0.3917E+00 0.1011E+01 bias 0.4425E-01 0.1312E+01
 var  8 rms 0.3053E+00 0.4059E+00 0.1038E+01 bias -.1239E-01 0.1392E+01
 var  9 rms 0.2987E+00 0.4034E+00 0.1022E+01 bias -.6863E-03 0.1547E+01
 'new rms of ensemble mean '    2.894861    
 'new ensemble mean of rms '    3.850512    
 'normalized ratio is '    1.037599    
 'rms of ensemble mean is '   0.4577177    
 'mean of rms is '   0.6088194    
 'normalized ratio is '    1.037599    
 'mean bias is '  -8.3557870E-03
 'variable '            1 ' chsq '    32.36363636363636      
   3.9574383015327758E-002
 'variable '            2 ' chsq '    43.81818181818182      
   1.5916035568853020E-003
 'variable '            3 ' chsq '    37.94405594405594      
   8.9959775650846545E-003
 'variable '            4 ' chsq '    69.58041958041960      
   2.1322436545112615E-007
 'variable '            5 ' chsq '    67.18881118881120      
   5.2046187314769004E-007
 'variable '            6 ' chsq '    78.39160839160840      
   7.3488404358789916E-009
 'variable '            7 ' chsq '    52.96503496503497      
   8.2240235526558294E-005
 'variable '            8 ' chsq '    48.18181818181818      
   4.0110891352495743E-004
 'variable '            9 ' chsq '    38.40559440559441      
   7.8974125631612999E-003
    0    68    59    45    94    61    53    50    66    55
    1    62    38    28    53    37    46    61    45    48
    2    59    52    52    40    56    41    64    54    44
    3    45    43    62    60    55    62    74    44    54
    4    45    47    51    59    50    40    69    45    45
    5    46    37    62    48    36    55    39    44    39
    6    46    51    47    39    32    37    41    39    59
    7    41    41    49    43    48    45    35    51    47
    8    49    42    50    53    39    33    46    41    43
    9    46    41    34    37    42    44    39    50    39
   10    56    49    46    48    59    38    49    31    42
   11    55    39    46    41    30    31    51    39    44
   12    37    32    40    43    41    39    35    31    34
   13    39    60    48    47    39    29    40    38    39
   14    41    46    39    40    48    42    34    49    42
   15    35    52    34    36    44    53    41    43    38
   16    39    54    64    45    53    49    39    59    41
   17    43    33    52    56    38    56    47    44    59
   18    51    53    56    36    44    72    45    70    57
   19    56    74    41    44    83    50    51    66    61
   20    42    58    55    39    66    86    51    52    71
 var  1 rms 0.3271E+00 0.4473E+00 0.1009E+01 bias 0.3526E-01 0.1330E+01
 var  2 rms 0.3147E+00 0.4257E+00 0.1020E+01 bias -.4866E-01 0.1358E+01
 var  3 rms 0.3084E+00 0.4277E+00 0.9952E+00 bias -.8514E-02 0.1193E+01
 var  4 rms 0.3211E+00 0.4324E+00 0.1025E+01 bias 0.7462E-01 0.1451E+01
 var  5 rms 0.3133E+00 0.4190E+00 0.1032E+01 bias -.2357E-01 0.1563E+01
 var  6 rms 0.3470E+00 0.4598E+00 0.1042E+01 bias -.6332E-01 0.1440E+01
 var  7 rms 0.3167E+00 0.4281E+00 0.1021E+01 bias 0.5375E-01 0.1347E+01
 var  8 rms 0.3296E+00 0.4395E+00 0.1035E+01 bias -.8993E-02 0.1402E+01
 var  9 rms 0.3241E+00 0.4359E+00 0.1026E+01 bias -.8488E-03 0.1556E+01
