 'new rms of ensemble mean '    2.532918    
 'new ensemble mean of rms '    3.592692    
 'normalized ratio is '   0.9730193    
 'rms of ensemble mean is '   0.4004894    
 'mean of rms is '   0.5680544    
 'normalized ratio is '   0.9730193    
 'mean bias is '  -6.7796004E-03
 'variable '            1 ' chsq '    23.93006993006993      
   0.2454602118186878     
 'variable '            2 ' chsq '    49.35664335664337      
   2.7360982915402836E-004
 'variable '            3 ' chsq '    55.94405594405595      
   2.9638063489687717E-005
 'variable '            4 ' chsq '    35.21678321678322      
   1.8979632096857079E-002
 'variable '            5 ' chsq '    21.62237762237762      
   0.3613479258361809     
 'variable '            6 ' chsq '    46.50349650349651      
   6.8715477491294781E-004
 'variable '            7 ' chsq '    40.37762237762238      
   4.4739367700071755E-003
 'variable '            8 ' chsq '    72.09790209790209      
   8.2468905685034937E-008
 'variable '            9 ' chsq '    22.41958041958042      
   0.3181837568625240     
    0    45    33    27    50    37    18    24    41    45
    1    46    42    40    48    37    71    52    40    34
    2    44    39    40    52    44    44    50    30    40
    3    51    44    50    53    49    50    67    46    44
    4    63    38    47    41    39    57    55    48    45
    5    50    75    55    57    53    46    53    60    53
    6    55    50    41    45    47    49    42    41    50
    7    44    52    62    47    49    37    57    41    47
    8    42    37    45    57    53    46    50    45    43
    9    51    45    45    40    47    46    39    57    55
   10    56    63    45    59    43    39    62    61    35
   11    44    45    62    50    43    43    50    47    57
   12    50    48    54    65    43    54    55    42    58
   13    50    40    65    52    56    43    46    36    49
   14    46    51    57    50    41    50    46    37    52
   15    47    54    33    36    53    45    49    46    55
   16    40    45    69    36    43    54    36    55    42
   17    46    39    43    38    56    53    35    82    58
   18    61    56    54    54    48    39    47    55    54
   19    42    68    37    45    65    56    49    67    46
   20    28    37    30    26    55    61    37    24    39
 var  1 rms 0.3037E+00 0.4318E+00 0.9705E+00 bias 0.2549E-01 0.9871E+00
 var  2 rms 0.2904E+00 0.4158E+00 0.9639E+00 bias -.3153E-01 0.1001E+01
 var  3 rms 0.2800E+00 0.4153E+00 0.9305E+00 bias -.1805E-01 0.8531E+00
 var  4 rms 0.2921E+00 0.4160E+00 0.9690E+00 bias 0.4534E-01 0.9888E+00
 var  5 rms 0.2900E+00 0.4059E+00 0.9859E+00 bias -.1721E-01 0.1083E+01
 var  6 rms 0.3220E+00 0.4448E+00 0.9991E+00 bias -.4504E-01 0.1083E+01
 var  7 rms 0.2822E+00 0.4117E+00 0.9460E+00 bias 0.2442E-01 0.9468E+00
 var  8 rms 0.2935E+00 0.4165E+00 0.9725E+00 bias -.3274E-01 0.1049E+01
 var  9 rms 0.2841E+00 0.4134E+00 0.9485E+00 bias -.8619E-02 0.1107E+01
 'new rms of ensemble mean '    2.776788    
 'new ensemble mean of rms '    3.930648    
 'normalized ratio is '   0.9749874    
 'rms of ensemble mean is '   0.4390488    
 'mean of rms is '   0.6214899    
 'normalized ratio is '   0.9749874    
 'mean bias is '  -7.4870288E-03
 'variable '            1 ' chsq '    28.67132867132867      
   9.4435592259592287E-002
 'variable '            2 ' chsq '    38.99300699300699      
   6.6807479517311643E-003
 'variable '            3 ' chsq '    40.12587412587413      
   4.8155159361860100E-003
 'variable '            4 ' chsq '    23.63636363636364      
   0.2586374365269103     
 'variable '            5 ' chsq '    33.07692307692307      
   3.3090666674351836E-002
 'variable '            6 ' chsq '    62.78321678321679      
   2.6191069034938903E-006
 'variable '            7 ' chsq '    38.65734265734265      
   7.3525137059698977E-003
 'variable '            8 ' chsq '    52.08391608391608      
   1.1069483654037886E-004
 'variable '            9 ' chsq '    28.58741258741258      
   9.6206934842576626E-002
    0    43    33    27    55    35    15    29    43    45
    1    44    35    33    52    41    71    56    48    26
    2    50    52    47    49    40    46    46    32    49
    3    49    35    50    48    50    39    65    35    55
    4    55    51    53    54    50    58    57    51    48
    5    58    62    45    43    45    58    48    55    34
    6    48    65    48    49    29    47    58    42    59
    7    55    42    52    46    55    33    50    41    46
    8    43    48    42    54    48    47    47    37    45
    9    49    41    40    41    51    46    39    62    44
   10    55    45    60    56    40    37    52    58    41
   11    39    35    65    63    48    46    57    39    53
   12    50    57    57    51    46    42    55    45    48
   13    40    62    60    49    44    42    47    45    56
   14    67    50    55    37    45    59    35    45    55
   15    47    45    38    50    59    44    57    50    59
   16    44    43    50    39    47    56    30    55    43
   17    40    48    57    42    43    50    41    69    55
   18    55    53    45    49    58    41    43    58    51
   19    41    59    36    45    68    59    49    65    50
   20    29    40    41    29    59    65    40    26    39
 var  1 rms 0.3245E+00 0.4645E+00 0.9642E+00 bias 0.2567E-01 0.9853E+00
 var  2 rms 0.3165E+00 0.4484E+00 0.9742E+00 bias -.4103E-01 0.9981E+00
 var  3 rms 0.3026E+00 0.4495E+00 0.9291E+00 bias -.2111E-01 0.8577E+00
 var  4 rms 0.3188E+00 0.4506E+00 0.9765E+00 bias 0.4977E-01 0.9932E+00
 var  5 rms 0.3191E+00 0.4434E+00 0.9933E+00 bias -.2818E-01 0.1119E+01
 var  6 rms 0.3480E+00 0.4799E+00 0.1001E+01 bias -.5525E-01 0.1110E+01
 var  7 rms 0.3135E+00 0.4509E+00 0.9596E+00 bias 0.3238E-01 0.9878E+00
 var  8 rms 0.3199E+00 0.4519E+00 0.9768E+00 bias -.2990E-01 0.1061E+01
 var  9 rms 0.3124E+00 0.4485E+00 0.9612E+00 bias -.1039E-01 0.1140E+01
