 'new rms of ensemble mean ' 2.992207
 'new ensemble mean of rms ' 4.0356273
 'normalized ratio is ' 1.0232953
 'rms of ensemble mean is ' 0.47310948
 'mean of rms is ' 0.6380887
 'normalized ratio is ' 1.0232953
 'mean bias is ' -8.474241E-4
 'variable ' 1 ' chsq ' 57.670000549984 1.6234766589979463E-5
 'variable ' 2 ' chsq ' 34.36000032768253 0.023790105400930683
 'variable ' 3 ' chsq ' 29.740000283622755 0.07417755138033955
 'variable ' 4 ' chsq ' 25.540000243568432 0.18154717898473518
 'variable ' 5 ' chsq ' 48.430000461864494 3.7011184864827953E-4
 'variable ' 6 ' chsq ' 23.23000022153856 0.27764267725261054
 'variable ' 7 ' chsq ' 20.710000197505966 0.41437500004617766
 'variable ' 8 ' chsq ' 28.06000026760103 0.10798662966385393
 'variable ' 9 ' chsq ' 43.180000411796584 1.9352350984518844E-3
    0    13     8    13     4     2     8     7    11     4
    1    15    21    16    12    10     8     6     7    15
    2     8    10     9    11     4    10     6     7    18
    3     3     7     6    18    13    14    11     8     7
    4    10     9    16     6     8     9    11     7     9
    5     6     6    19     8    11    11    12     7    10
    6    11    14     8     8    12    12    10     4    10
    7     6     5    10     7    10    11     7     8    13
    8     3    12     7     5    12     3    12    15     5
    9     3    15    10     8    12    14    11     8     7
   10     9    11     8    11    10    12     8     6    10
   11     4     8     9    11     8     5     5    15    10
   12     8     6     6     8    14     9     7     4     7
   13     5     3    11    11     5     8    14    16    12
   14    10     4    10    13     4    12    18    14     9
   15     8     9     6    16    11    12    10     7     5
   16    11     9    10     8    10     8     7    12     9
   17    17    10     6    10     8    14     7    13    18
   18    12    11     5    10    23    10    10     9    16
   19    24    11     6    10    12     8    12     9     3
   20    14    11     9     5     1     2     9    13     3
 var  1 rms 0.3706E+00 0.4703E+00 0.1087E+01 bias -.6585E-01 0.1544E+01
 var  2 rms 0.2996E+00 0.4291E+00 0.9637E+00 bias 0.4037E-02 0.1150E+01
 var  3 rms 0.3147E+00 0.4418E+00 0.9831E+00 bias 0.3655E-01 0.1218E+01
 var  4 rms 0.2795E+00 0.4149E+00 0.9299E+00 bias 0.6986E-02 0.1165E+01
 var  5 rms 0.2862E+00 0.4050E+00 0.9753E+00 bias -.5694E-01 0.8535E+00
 var  6 rms 0.3105E+00 0.4257E+00 0.1007E+01 bias 0.9680E-04 0.9996E+00
 var  7 rms 0.2991E+00 0.4267E+00 0.9676E+00 bias -.1892E-01 0.9682E+00
 var  8 rms 0.3447E+00 0.4680E+00 0.1017E+01 bias -.2978E-01 0.1084E+01
 var  9 rms 0.3260E+00 0.4712E+00 0.9549E+00 bias 0.4914E-01 0.9311E+00
 'new rms of ensemble mean ' 3.3762383
 'new ensemble mean of rms ' 4.5860505
 'normalized ratio is ' 1.0160489
 'rms of ensemble mean is ' 0.53383016
 'mean of rms is ' 0.7251182
 'normalized ratio is ' 1.0160489
 'mean bias is ' -3.2655445E-3
 'variable ' 1 ' chsq ' 61.24000058403017 4.570220141912287E-6
 'variable ' 2 ' chsq ' 27.430000261592876 0.12359391494224743
 'variable ' 3 ' chsq ' 32.47000030965807 0.03854054941684698
 'variable ' 4 ' chsq ' 22.3900002135277 0.31972854038034015
 'variable ' 5 ' chsq ' 51.37000048990251 1.4059122805350573E-4
 'variable ' 6 ' chsq ' 28.480000271606463 0.09851476558573322
 'variable ' 7 ' chsq ' 34.36000032768253 0.023790105400930683
 'variable ' 8 ' chsq ' 24.49000023355486 0.2216428523213545
 'variable ' 9 ' chsq ' 43.18000041179659 1.9352350984518772E-3
    0    11     8    12     4     2    10     6     5     3
    1    16    21    18    10     8     7     5    11    14
    2    13    11     8    15     4    12    13     6    14
    3     4     7     9    13     8     8    10     4     9
    4     5     6    12    12    14    11    17     4    10
    5    11     9    19    10     9    15     6     9    12
    6     4    12     7     7     6    12     7     9     8
    7     4     9    13     5    16     9     9     6    16
    8     6    11     9     4    14     1     6    12     7
    9     7    12    12    11     9    13    12    13     7
   10     8    12    12    11    12    12    11    11     8
   11     4     4     8    10     9     8     4     8    10
   12     8     8     6    11    11    14     6    10    12
   13     5     7    10     6     7    10    16    13     5
   14     9     6     6    14     3    13    17    12     9
   15     5    12     4    11    10    12     6    10     7
   16    16     5     7     8    11     5    10    11     7
   17    11    11     6     9    11    11     6    17    22
   18    11    11     6    12    22     9    14    10    12
   19    23     8     6    12    13     5    10     6     4
   20    19    10    10     5     1     3     9    13     4
 var  1 rms 0.4228E+00 0.5332E+00 0.1094E+01 bias -.8761E-01 0.1656E+01
 var  2 rms 0.3425E+00 0.4822E+00 0.9803E+00 bias 0.1775E-01 0.1136E+01
 var  3 rms 0.3289E+00 0.4913E+00 0.9240E+00 bias 0.4563E-01 0.1249E+01
 var  4 rms 0.3241E+00 0.4693E+00 0.9531E+00 bias 0.1625E-01 0.1192E+01
 var  5 rms 0.3187E+00 0.4538E+00 0.9694E+00 bias -.7880E-01 0.8407E+00
 var  6 rms 0.3223E+00 0.4640E+00 0.9586E+00 bias 0.2277E-01 0.9141E+00
 var  7 rms 0.3407E+00 0.4815E+00 0.9767E+00 bias -.1866E-01 0.9866E+00
 var  8 rms 0.3628E+00 0.5113E+00 0.9794E+00 bias -.6392E-01 0.9795E+00
 var  9 rms 0.3718E+00 0.5400E+00 0.9502E+00 bias 0.4852E-01 0.9006E+00
