 500
 95.121412741135401,  -19.167868769581684,  1000000000000.
 113.36585095520394,  33.212024115849466,  1000000000000.
 210.5259306674298,  -44.553442640170339,  1000000000000.
 353.29507031918479,  -39.214345153146041,  1000000000000.
 330.35935134090914,  -22.728316935086401,  1000000000000.
 357.29738343654452,  -51.941102361854746,  1000000000000.
 351.92400116662498,  -43.161380275759754,  1000000000000.
 290.10020394064315,  -46.941936696881626,  1000000000000.
 155.12881219275141,  54.422703094932537,  1000000000000.
 186.74859599039092,  56.605322735497182,  1000000000000.
 5.1144692524976278,  -36.610416362147568,  1000000000000.
 38.429589060592292,  -81.442541850379385,  1000000000000.
 62.337976027568644,  -10.019085481554328,  1000000000000.
 44.418781515426645,  -46.553173626642177,  1000000000000.
 268.84140088560241,  69.790825921675577,  1000000000000.
 213.62634796131621,  -23.132894326983322,  1000000000000.
 359.79778767453467,  -32.84896649792816,  1000000000000.
 187.80903561137617,  -17.514199216617861,  1000000000000.
 187.89366397995181,  -42.305377844848955,  1000000000000.
 103.09184619540893,  11.811625396158608,  1000000000000.
 350.39213304023292,  20.35524201631015,  1000000000000.
 112.72355552224609,  33.768225066450626,  1000000000000.
 102.88064085636535,  -25.142230473800989,  1000000000000.
 341.96377267260118,  19.119869663859308,  1000000000000.
 219.05521572813856,  -16.82501751433546,  1000000000000.
 350.22073304961856,  -14.097829815895327,  1000000000000.
 315.43863227413266,  -11.008779777204291,  1000000000000.
 128.84378446204249,  -13.628493730375665,  1000000000000.
 339.53822946238017,  -31.255991733706814,  1000000000000.
 243.79751738958149,  6.8216801999309959,  1000000000000.
 228.56860984596642,  -52.53744795381462,  1000000000000.
 94.017022147461802,  13.53253437612139,  1000000000000.
 127.7485776745481,  16.72314656945985,  1000000000000.
 86.691107228762164,  -69.446386330007584,  1000000000000.
 167.93606041166157,  -4.9619847125899961,  1000000000000.
 270.29180522495676,  47.352874282861031,  1000000000000.
 255.14174769634315,  -58.839833628964819,  1000000000000.
 216.5032038778964,  84.156108384099426,  1000000000000.
 68.550863778226457,  67.584734736767288,  1000000000000.
 247.18288579989286,  -4.6550473721707624,  1000000000000.
 35.068503640134878,  37.10014406172759,  1000000000000.
 350.19108794097491,  52.793292634361315,  1000000000000.
 245.37969057297707,  61.271814225070173,  1000000000000.
 241.70773733949062,  52.95999865430727,  1000000000000.
 84.199618459396461,  -14.899458782083331,  1000000000000.
 209.54339646863821,  -19.448311785351464,  1000000000000.
 109.06514241643961,  -0.64719319252264385,  1000000000000.
 8.4012187472874871,  31.192586103775451,  1000000000000.
 87.607457524041649,  -18.576183152205761,  1000000000000.
 188.25466081789398,  21.43939841063942,  1000000000000.
 271.37143369693473,  -42.741699539993931,  1000000000000.
 232.67153155194438,  44.40958804496713,  1000000000000.
 61.895746528991012,  -18.296674423745564,  1000000000000.
 60.796553843575154,  -0.31451425131515526,  1000000000000.
 300.13451676407084,  12.705031647177966,  1000000000000.
 217.02976588449664,  -0.12394845018276716,  1000000000000.
 270.88156848684724,  21.994443849392088,  1000000000000.
 48.342844878201618,  26.001692145128523,  1000000000000.
 39.164566482684222,  16.34252231501765,  1000000000000.
 324.46025403470532,  74.378456886316243,  1000000000000.
 66.702922187840215,  -15.074642304457001,  1000000000000.
 139.36384252690581,  34.799764717246219,  1000000000000.
 210.22993960651974,  31.078916122300441,  1000000000000.
 47.328728857944185,  -52.069849871629458,  1000000000000.
 59.730565777485594,  -71.537899005996337,  1000000000000.
 202.40157861935984,  -26.661612026236853,  1000000000000.
 6.7102654576987675,  4.3490642162960356,  1000000000000.
 49.849753648951349,  -63.425415520120076,  1000000000000.
 292.50339264614354,  -68.538008264071408,  1000000000000.
 90.484797410319317,  -7.7879232529688007,  1000000000000.
 102.53338699119885,  30.960690646089329,  1000000000000.
 194.95490742236007,  -66.136138650911406,  1000000000000.
 107.80799144183422,  -21.342625422343264,  1000000000000.
 354.21724667288618,  54.480465534582073,  1000000000000.
 158.46886901802844,  -12.318758208646219,  1000000000000.
 36.375518515893987,  21.927620823963252,  1000000000000.
 177.94020849125062,  57.816629672667283,  1000000000000.
 35.81210354568492,  8.317400777589981,  1000000000000.
 68.18667790149378,  33.051032503333808,  1000000000000.
 179.38651713704354,  -45.805921883248729,  1000000000000.
 250.58650334215963,  2.0380608120165835,  1000000000000.
 287.60317153976689,  -19.327037573491292,  1000000000000.
 116.2861426571461,  36.116504901453254,  1000000000000.
 297.95329486066237,  -7.0943484826651844,  1000000000000.
 98.852444587178553,  -0.58376865231514619,  1000000000000.
 4.3917733572407087,  -69.107583481926739,  1000000000000.
 292.46924295060376,  60.119403350616757,  1000000000000.
 296.31893840242981,  -33.9868266206838,  1000000000000.
 167.68826161255731,  -64.179796484177643,  1000000000000.
 123.28383300351838,  11.56326227311486,  1000000000000.
 99.937814481155229,  14.174123569570913,  1000000000000.
 64.381618943555438,  32.037831847891553,  1000000000000.
 332.72048309046266,  7.2323567086445504,  1000000000000.
 243.45199698814511,  16.812937147966725,  1000000000000.
 0.37099656069514708,  -30.917069273152691,  1000000000000.
 36.177968378458303,  1.9654161669078041,  1000000000000.
 37.149961560572564,  -54.470865285846799,  1000000000000.
 283.91865762146352,  -75.978639114519154,  1000000000000.
 212.14283555044557,  55.67766988289047,  1000000000000.
 332.27362259747036,  21.797295639344611,  1000000000000.
 141.45250977918039,  -10.736897526713586,  1000000000000.
 359.03038936274993,  34.912999920835162,  1000000000000.
 19.804639643139666,  -35.375087037799915,  1000000000000.
 279.94905680332636,  -34.115276260773669,  1000000000000.
 65.869943427953118,  66.120349980326637,  1000000000000.
 314.67363328067938,  46.454570230126713,  1000000000000.
 249.88945564580456,  58.941986949488786,  1000000000000.
 265.8145629554856,  1.2566687476009248,  1000000000000.
 207.76132707130839,  28.495533071007767,  1000000000000.
 125.39428049919442,  -1.9609318653774253,  1000000000000.
 14.731666931735646,  -43.816874957679516,  1000000000000.
 168.31137534685382,  27.964146471883677,  1000000000000.
 21.738331796250861,  56.94589906959763,  1000000000000.
 329.29679904591035,  36.528462063421209,  1000000000000.
 66.711257203907905,  56.221917623943334,  1000000000000.
 126.46173771619635,  -16.136781737148404,  1000000000000.
 280.11371450597221,  35.252109716909892,  1000000000000.
 58.173152640008794,  16.397092127533885,  1000000000000.
 46.039097212115394,  8.3760515210610897,  1000000000000.
 338.37565580215767,  6.8898105968134944,  1000000000000.
 81.751996697549174,  57.089160977266388,  1000000000000.
 237.65562532049401,  57.590286905959914,  1000000000000.
 50.979338216119714,  14.174461842545163,  1000000000000.
 138.60659219797705,  11.620898513423921,  1000000000000.
 350.89236838642591,  13.482098031278513,  1000000000000.
 273.9732474723553,  -22.175409132475835,  1000000000000.
 167.55819351504908,  -12.603914604332854,  1000000000000.
 240.14234829905942,  -72.899035819335609,  1000000000000.
 93.583147450268768,  29.899801448461481,  1000000000000.
 213.25890812793804,  -72.359951207482965,  1000000000000.
 136.42082382678046,  3.4442340896519954,  1000000000000.
 100.43781372091708,  9.2772587462887675,  1000000000000.
 39.569433226439941,  5.5765383330799958,  1000000000000.
 262.18591366559588,  27.808529927237679,  1000000000000.
 346.33317049754726,  11.382769074880262,  1000000000000.
 259.61804973226253,  -9.5165381526927622,  1000000000000.
 321.20182351308631,  -40.527782956824389,  1000000000000.
 118.79383959692572,  67.526762650964173,  1000000000000.
 214.86055968747428,  58.810730175162526,  1000000000000.
 43.554858863964313,  -62.319650784978535,  1000000000000.
 196.381066467712,  21.531124468955479,  1000000000000.
 168.97958029203861,  29.587599602146526,  1000000000000.
 140.28169953589224,  17.984998127807764,  1000000000000.
 105.78415633976267,  -3.3123723590823522,  1000000000000.
 37.281623009465875,  -56.946396246706207,  1000000000000.
 210.38225994287041,  -26.922141398342269,  1000000000000.
 113.0210929399872,  -68.312128913953586,  1000000000000.
 90.308489738464033,  -36.69530070369813,  1000000000000.
 213.69134445166435,  -10.615998683564989,  1000000000000.
 92.733398928497479,  -1.9654544618836782,  1000000000000.
 240.91473392513564,  -10.430115554230889,  1000000000000.
 101.43295514741294,  11.035125229365901,  1000000000000.
 272.84872796121948,  14.163856717617291,  1000000000000.
 71.181865811378614,  72.312023174643855,  1000000000000.
 54.794781532509461,  -20.781791042122382,  1000000000000.
 169.07845235776352,  54.699249493525365,  1000000000000.
 282.33230915802056,  -15.564697258871622,  1000000000000.
 2.735035826664955,  0.51531952910662104,  1000000000000.
 333.51315759918441,  -67.264966513389709,  1000000000000.
 131.09600656980081,  17.331803972945242,  1000000000000.
 347.56985868400636,  -22.524769809043846,  1000000000000.
 140.34917898150408,  -43.428782927592245,  1000000000000.
 83.158156168143009,  41.656311089739951,  1000000000000.
 304.84632717587021,  80.53520576550541,  1000000000000.
 264.67505542150218,  -67.784627000883631,  1000000000000.
 79.229654691297824,  3.330867783830473,  1000000000000.
 21.881337913403343,  -33.391838662724886,  1000000000000.
 199.50732070731846,  -9.8025264018893896,  1000000000000.
 9.7256135766093337,  25.21715050388384,  1000000000000.
 323.24936147030735,  30.587879249449518,  1000000000000.
 249.76918693093529,  78.727099098507608,  1000000000000.
 28.57885556676834,  34.832708509386407,  1000000000000.
 4.7373895275128746,  73.036824510610003,  1000000000000.
 73.301488163006937,  4.695852362001216,  1000000000000.
 196.30492820107384,  30.983806125301079,  1000000000000.
 344.22631035413485,  10.555673608957362,  1000000000000.
 339.51455961478706,  48.894064086028472,  1000000000000.
 238.78475075549051,  40.582469590364283,  1000000000000.
 197.31511779674324,  39.755583957439491,  1000000000000.
 20.645648087157952,  -6.3043448182903381,  1000000000000.
 114.57258292503447,  44.610288008695591,  1000000000000.
 289.67101246209495,  10.752776142092815,  1000000000000.
 167.76513209624704,  -79.527152801303075,  1000000000000.
 273.3716961787573,  -48.12772303557292,  1000000000000.
 349.64907092746535,  19.911181448924566,  1000000000000.
 178.33097369858248,  76.380723381757704,  1000000000000.
 89.815492902074425,  35.559297361114304,  1000000000000.
 219.26180172005294,  -20.202431352717678,  1000000000000.
 165.9212740551593,  32.521597067921505,  1000000000000.
 128.03516827133257,  0.63218393065470357,  1000000000000.
 201.92893927129708,  -16.592429595038485,  1000000000000.
 349.47317779445348,  30.301345912856736,  1000000000000.
 61.22682854520022,  5.7433382401737259,  1000000000000.
 11.146717408507357,  13.092218245529608,  1000000000000.
 32.986516249208989,  54.731236260402206,  1000000000000.
 273.95224460152343,  -3.1371218345422176,  1000000000000.
 125.72066619431354,  58.804012073649794,  1000000000000.
 299.09863991412135,  4.4792311096585102,  1000000000000.
 93.290128464142327,  31.569410201747992,  1000000000000.
 184.90866205934867,  1.485538278035353,  1000000000000.
 174.25458942397273,  -11.776293659512904,  1000000000000.
 246.98953815633766,  53.192438188513776,  1000000000000.
 126.50735467872181,  6.7831623611126792,  1000000000000.
 309.85862346333795,  35.905564744184602,  1000000000000.
 143.68433892579662,  19.488957572021011,  1000000000000.
 354.71642862275303,  -15.554949555124129,  1000000000000.
 60.465046573021624,  -39.188344083161844,  1000000000000.
 156.28748289846084,  4.8181360962904582,  1000000000000.
 167.74416875346165,  53.132803429634329,  1000000000000.
 88.470267582951564,  63.800119057469374,  1000000000000.
 85.317189690838987,  30.319155568251858,  1000000000000.
 130.69539525488955,  79.418276497130535,  1000000000000.
 107.51066077791812,  19.572546111622419,  1000000000000.
 44.808093972559135,  32.138319976353259,  1000000000000.
 346.74559927751591,  -42.281323332286398,  1000000000000.
 192.41880771959501,  -15.672825541516357,  1000000000000.
 110.51169059097847,  84.367930476203085,  1000000000000.
 167.7014395561205,  53.419729093019036,  1000000000000.
 60.617888756659909,  25.941759484579244,  1000000000000.
 202.42807898434296,  23.883518031128165,  1000000000000.
 178.24621340286058,  -21.592577975269162,  1000000000000.
 341.3057179117103,  -46.089639083901339,  1000000000000.
 171.07121492665249,  16.022005039336996,  1000000000000.
 72.539571811911046,  -39.600176714354021,  1000000000000.
 68.305829639136434,  1.0781566983751993,  1000000000000.
 207.69580589232442,  -25.085504835868086,  1000000000000.
 166.16164664211215,  -9.1321503983663046,  1000000000000.
 85.144642700124862,  10.395750435619851,  1000000000000.
 187.36780324763092,  21.687482702808442,  1000000000000.
 238.36010710329427,  28.928075260619639,  1000000000000.
 290.50054998143628,  51.828960594298636,  1000000000000.
 129.25728568468841,  -29.830859273494816,  1000000000000.
 161.05199918061638,  -35.43563030284075,  1000000000000.
 160.91549991345127,  -32.5940076947414,  1000000000000.
 149.23999139579979,  33.733646972347863,  1000000000000.
 340.03252494575361,  -0.36635832890280562,  1000000000000.
 150.66816566763777,  -30.924154701383536,  1000000000000.
 148.09155101884562,  8.5696353478058338,  1000000000000.
 138.28778554471376,  55.076685839975767,  1000000000000.
 26.658261955323439,  -22.127144070119254,  1000000000000.
 7.1024733994903784,  30.368300994342896,  1000000000000.
 83.839696292747604,  -59.988435948352539,  1000000000000.
 223.65289662460614,  28.62013636949257,  1000000000000.
 96.838565547125967,  62.893846086924562,  1000000000000.
 68.45374335302229,  -67.49173613096653,  1000000000000.
 346.20293420317694,  77.519029582239639,  1000000000000.
 148.48067484875267,  1.6199010342803004,  1000000000000.
 148.60968352104504,  -21.907310312183252,  1000000000000.
 271.11127427641816,  59.548385660593155,  1000000000000.
 208.6561546410592,  -23.535986997877941,  1000000000000.
 35.493440493947872,  6.1753907773638863,  1000000000000.
 221.12295435940993,  -33.56400892438598,  1000000000000.
 196.91260836290422,  -37.712637561808648,  1000000000000.
 293.43600166383408,  -15.44907375648298,  1000000000000.
 36.752722339828892,  -52.251285494936788,  1000000000000.
 34.261529558461376,  35.928533699988144,  1000000000000.
 107.32731367927136,  -16.615572774662116,  1000000000000.
 300.9893538995193,  9.3917490810953392,  1000000000000.
 293.47183054622076,  19.479542617993065,  1000000000000.
 274.10527575033132,  16.436953447681542,  1000000000000.
 335.42359726362059,  -24.372877623776841,  1000000000000.
 76.060565948143463,  84.443351547555082,  1000000000000.
 328.73519383932097,  -44.185763277524963,  1000000000000.
 104.17154314387709,  -61.92021835978607,  1000000000000.
 192.49795808744045,  3.7031875701635113,  1000000000000.
 233.70610414860613,  -64.579998904804555,  1000000000000.
 354.14230368533691,  -77.643101573876166,  1000000000000.
 309.37944458805691,  27.896602519671752,  1000000000000.
 22.966844082838861,  38.420482132919958,  1000000000000.
 16.264917561195119,  -4.3594140990707908,  1000000000000.
 148.68352775143504,  -67.672974861954671,  1000000000000.
 301.02667209452022,  -30.371525266707003,  1000000000000.
 92.313585195271017,  79.055717261976952,  1000000000000.
 235.96348782504228,  -66.205353173451954,  1000000000000.
 124.52931606852485,  -28.868231217096252,  1000000000000.
 223.00184762567457,  81.705160587601256,  1000000000000.
 136.5920016777259,  23.959256993771014,  1000000000000.
 152.8628609255,  -36.928427509002233,  1000000000000.
 67.72812225649993,  -9.4896439069605982,  1000000000000.
 213.64341606421951,  -8.7340346287049133,  1000000000000.
 70.852093182538368,  -0.57861434305699866,  1000000000000.
 343.65185014666861,  -2.7822900225041747,  1000000000000.
 272.34111112994219,  -26.756011645782042,  1000000000000.
 19.552093123295236,  20.689821830713985,  1000000000000.
 183.12754304179703,  2.5225300588091297,  1000000000000.
 111.83245466899348,  10.584709744346842,  1000000000000.
 199.64503949352246,  -49.656472451002799,  1000000000000.
 262.29222363025099,  -0.10900650424666888,  1000000000000.
 64.586609607599314,  73.454746434136055,  1000000000000.
 218.76237796222694,  -76.683767824714096,  1000000000000.
 48.002007160146348,  17.876389021314914,  1000000000000.
 314.10517049964801,  -32.137760583374991,  1000000000000.
 51.026310371627886,  -30.795080159017168,  1000000000000.
 105.264190638812,  31.298695614541021,  1000000000000.
 106.69690635396272,  -23.282621024763646,  1000000000000.
 310.30337788625474,  -4.9116473311217934,  1000000000000.
 350.41348170092755,  -0.28834654770988311,  1000000000000.
 349.58341316572398,  -79.725030898630337,  1000000000000.
 50.564545400379131,  36.506894076107763,  1000000000000.
 321.26416756806259,  -21.865421085375193,  1000000000000.
 173.8900501494893,  -34.710606101893035,  1000000000000.
 351.19550685913657,  -66.25697629378449,  1000000000000.
 54.230260865930006,  -48.978076041677973,  1000000000000.
 204.23171632759906,  -24.470032412923405,  1000000000000.
 347.17330850915613,  -46.448311341122213,  1000000000000.
 183.96528738645247,  -1.163668399280497,  1000000000000.
 342.27680493664224,  61.186308603267157,  1000000000000.
 156.52807595876294,  57.378110856132281,  1000000000000.
 99.951404003705861,  55.428680663935317,  1000000000000.
 42.806674139023386,  -42.407956021724274,  1000000000000.
 85.872239068727296,  -7.1091940103984159,  1000000000000.
 265.02132692559479,  -71.712893843953083,  1000000000000.
 236.63700702630666,  -6.4324579594796782,  1000000000000.
 156.6721621442974,  -37.855152525102284,  1000000000000.
 73.557953795498236,  19.241232318009544,  1000000000000.
 328.34250494880001,  43.112878461640129,  1000000000000.
 324.70520463304211,  -70.961884153865668,  1000000000000.
 125.13624738284319,  -42.841631957955443,  1000000000000.
 73.015614911369369,  -49.845490780247339,  1000000000000.
 16.267928548309641,  53.514149625309201,  1000000000000.
 205.3953323951003,  19.945737381213089,  1000000000000.
 47.437283841401182,  32.310221632511521,  1000000000000.
 121.36715121540857,  63.092893144452262,  1000000000000.
 207.66851944534872,  -5.0113842972960345,  1000000000000.
 302.22662613173981,  -33.525045240508717,  1000000000000.
 262.02422100420245,  20.150275771646434,  1000000000000.
 275.29219220625276,  -59.79054193492712,  1000000000000.
 126.64873431845265,  -11.192867055582569,  1000000000000.
 166.68503255017526,  1.5853086245996444,  1000000000000.
 356.69552190825874,  33.318042912925243,  1000000000000.
 251.16310640822309,  76.425207136334834,  1000000000000.
 221.3052025278547,  -15.115468988891967,  1000000000000.
 229.74024008496463,  54.400105739035808,  1000000000000.
 64.444972207640902,  52.760207371813479,  1000000000000.
 180.55760422466855,  44.918461392818386,  1000000000000.
 279.03519165419959,  14.269336464657457,  1000000000000.
 89.003344436396361,  -31.764109497391225,  1000000000000.
 83.506168008514749,  0.23847410787718926,  1000000000000.
 104.70465640359701,  37.800845607023305,  1000000000000.
 142.43513830501868,  -27.846956839701686,  1000000000000.
 276.65976099566433,  8.5885187606164521,  1000000000000.
 220.36766254351011,  -16.545819312123708,  1000000000000.
 303.78930946524974,  -75.073011961029195,  1000000000000.
 201.55838027352064,  0.54117043043839352,  1000000000000.
 44.850922253931117,  7.2114959772234775,  1000000000000.
 125.20839853026683,  -8.3268674857005962,  1000000000000.
 31.756575385642094,  -28.722215743601183,  1000000000000.
 217.96891284641845,  35.436621395859802,  1000000000000.
 345.63776146745067,  -10.229417583853474,  1000000000000.
 160.13591615356904,  -24.056994834042886,  1000000000000.
 319.21531994860919,  -28.245239998074073,  1000000000000.
 104.87181971258153,  -58.908537145981974,  1000000000000.
 55.885195373588687,  -54.562951626443997,  1000000000000.
 162.84955373668055,  -12.431576409156751,  1000000000000.
 341.08323076644513,  5.0064948154018199E-2,  1000000000000.
 204.62002285516726,  -14.091873396161899,  1000000000000.
 140.13216050241076,  -57.454708730907207,  1000000000000.
 239.85714753956776,  30.158459031843211,  1000000000000.
 130.82762622183526,  -41.882391777371467,  1000000000000.
 190.07501188604405,  14.078177921187665,  1000000000000.
 8.6813687378966335,  -44.282129507673147,  1000000000000.
 355.5301313741117,  -15.224390852958233,  1000000000000.
 338.38895799898023,  -5.96638918909700305E-2,  1000000000000.
 143.82698958680743,  25.05178498704046,  1000000000000.
 132.49430118906568,  -4.608502087140562,  1000000000000.
 342.77301901901365,  -45.862005070166347,  1000000000000.
 61.507464119454994,  -6.8494666226878067,  1000000000000.
 260.04037629246227,  -16.933747569697314,  1000000000000.
 181.15781803420217,  -9.1556149961101685,  1000000000000.
 316.36665998685066,  -70.037356984390215,  1000000000000.
 273.60859294731756,  39.581367636866432,  1000000000000.
 342.44306024874396,  -24.365134027403553,  1000000000000.
 53.780757996794307,  -7.3650135681017943,  1000000000000.
 66.84777864195307,  -1.3405043916538153,  1000000000000.
 277.09887999499574,  -27.136369175683939,  1000000000000.
 284.68189320599373,  -48.625425312408936,  1000000000000.
 5.4924033649709827,  5.4430203722944368,  1000000000000.
 209.5728791791872,  -29.655610730044256,  1000000000000.
 155.46703713613408,  -19.23150425065058,  1000000000000.
 304.67607400976806,  -48.160547543314834,  1000000000000.
 117.91609033986836,  -47.419350271078265,  1000000000000.
 204.93207727021482,  20.872790647830026,  1000000000000.
 144.26838167548487,  72.852994771613567,  1000000000000.
 220.54261629197194,  23.987539809478267,  1000000000000.
 115.49960611576616,  61.090324385397423,  1000000000000.
 6.2343285690436403,  -27.65635636074698,  1000000000000.
 313.53786377126085,  -12.884405140656375,  1000000000000.
 225.6384448847831,  10.014272183627289,  1000000000000.
 333.65823959709451,  -23.529808130410579,  1000000000000.
 198.09328379708367,  29.381359298829757,  1000000000000.
 131.6802146213588,  -12.722536514056298,  1000000000000.
 267.46579303575595,  15.225932748854175,  1000000000000.
 340.58602966291403,  -59.947123970595584,  1000000000000.
 159.93099289257813,  -31.95053268529837,  1000000000000.
 291.34889365868037,  -15.767429668046804,  1000000000000.
 176.0964304598798,  -19.354972292268723,  1000000000000.
 12.642473332893218,  -60.535685584439811,  1000000000000.
 132.13202905336874,  61.877008402225037,  1000000000000.
 18.811766623094115,  -17.027605673125798,  1000000000000.
 329.79135801626649,  82.332267257459549,  1000000000000.
 270.09517798917443,  4.1226823214459243,  1000000000000.
 251.05335014806963,  48.053572677407971,  1000000000000.
 94.501187541318956,  -51.160870714088226,  1000000000000.
 226.94106910925527,  3.478220535301233,  1000000000000.
 359.43127420970256,  48.642660971542782,  1000000000000.
 157.64071671919595,  -47.69831653161269,  1000000000000.
 328.07338251583258,  68.532675279030698,  1000000000000.
 84.267430507827541,  -1.4607094612800118,  1000000000000.
 165.1466606474801,  -4.2852681618154875,  1000000000000.
 145.79319569782967,  -45.714617533328649,  1000000000000.
 280.87411219954691,  64.809070556156414,  1000000000000.
 247.50094123612237,  -9.5645099601407626,  1000000000000.
 31.750451226191529,  44.603852035158972,  1000000000000.
 197.82554701021553,  24.689633977354003,  1000000000000.
 228.87129561985881,  54.782134196590356,  1000000000000.
 174.35782721048795,  -25.054219505485214,  1000000000000.
 338.20837325727155,  29.924764599918639,  1000000000000.
 173.78779917599326,  2.2336667151392873,  1000000000000.
 152.22731843775864,  -28.762399280877812,  1000000000000.
 155.5859129152112,  79.216517507501976,  1000000000000.
 178.51378631817181,  26.592888361257309,  1000000000000.
 180.65328627381626,  -12.709003512901868,  1000000000000.
 101.1881942803636,  -42.725893458447999,  1000000000000.
 10.554137672723556,  -23.805680370509084,  1000000000000.
 314.46334207492998,  -35.366463737772136,  1000000000000.
 44.402696720509397,  -72.886474580472282,  1000000000000.
 100.57817265753036,  18.164699708780301,  1000000000000.
 20.480808030421429,  66.869865858540521,  1000000000000.
 312.5667102037379,  60.621972740735671,  1000000000000.
 53.502392458255414,  -57.900276277776499,  1000000000000.
 206.16961841256045,  61.000148560303344,  1000000000000.
 178.02234861248766,  26.432187691231327,  1000000000000.
 185.26718244963195,  -39.617007672110716,  1000000000000.
 57.137608451729122,  -48.488662548054798,  1000000000000.
 100.80006787884381,  17.64216920857643,  1000000000000.
 88.530350044931922,  2.2738202731040809,  1000000000000.
 292.21340105457091,  -4.9637210478751186,  1000000000000.
 65.075069005796394,  -32.076007863151183,  1000000000000.
 169.29390584675565,  -5.4346735884776844,  1000000000000.
 206.69559489330555,  -49.504839343893259,  1000000000000.
 29.184727339142626,  -61.544333464956502,  1000000000000.
 319.48839647498573,  -10.622568247586914,  1000000000000.
 339.97357799937782,  -21.737405129027707,  1000000000000.
 277.42418771136556,  -59.268417877749357,  1000000000000.
 20.363445870119335,  48.994393684360965,  1000000000000.
 264.10558625964416,  8.668813686553456,  1000000000000.
 295.99498609964087,  66.333502087663248,  1000000000000.
 342.12682625365233,  7.6698799479874644,  1000000000000.
 30.645648460381921,  -60.515192957069956,  1000000000000.
 135.54250619954303,  -42.433309741077821,  1000000000000.
 311.84820229264835,  0.99013958446046302,  1000000000000.
 62.158657714602924,  -42.032953870488505,  1000000000000.
 299.70801758465007,  11.044865512491645,  1000000000000.
 305.06465312602188,  -41.229917441898252,  1000000000000.
 96.259073686452439,  -26.18991695066946,  1000000000000.
 47.868803705596463,  -56.152813852503172,  1000000000000.
 191.28486292456947,  38.79464543482829,  1000000000000.
 88.636724094969907,  27.196409455272008,  1000000000000.
 262.87495637243342,  39.56121251000971,  1000000000000.
 135.82010635672759,  -39.994221351510426,  1000000000000.
 111.13005176431155,  44.331195365894025,  1000000000000.
 92.43362348430847,  -2.516726883967376,  1000000000000.
 38.94971254614407,  38.393765593456614,  1000000000000.
 237.55870683086232,  14.320200374485639,  1000000000000.
 192.72242801417863,  28.913777984934438,  1000000000000.
 319.04055981252429,  15.217397790474662,  1000000000000.
 10.083095493777222,  25.428667698195927,  1000000000000.
 156.86637267109137,  38.495232899184167,  1000000000000.
 13.671625193032497,  17.630611576306773,  1000000000000.
 49.242802134261439,  77.429101276626426,  1000000000000.
 258.16509318958668,  30.412707003345194,  1000000000000.
 11.197975430572029,  -27.366103350150325,  1000000000000.
 69.266336057329767,  47.916571190189394,  1000000000000.
 155.63282551119602,  -6.388828616231363,  1000000000000.
 284.55699693020773,  11.132488840851439,  1000000000000.
 267.97787792604504,  -35.433471750573567,  1000000000000.
 218.20109914070682,  43.907985664903286,  1000000000000.
 286.96266157966573,  6.107795384485625,  1000000000000.
 174.91521672468369,  -28.060638797614388,  1000000000000.
 53.614316409328808,  0.1386303925456164,  1000000000000.
 198.09184273064341,  -46.320190619219261,  1000000000000.
 103.60929484449569,  28.904688819082669,  1000000000000.
 187.15391745566612,  60.860202469198988,  1000000000000.
 205.42687637540317,  -29.707698610516474,  1000000000000.
 329.01062041772036,  37.097476811286761,  1000000000000.
 207.57582655690277,  -4.2922516466165366,  1000000000000.
 274.5562536328585,  -44.494199611917814,  1000000000000.
 257.23441653037122,  19.364646470785082,  1000000000000.
 125.92774634148739,  16.368013197134609,  1000000000000.
 43.7725777615033,  20.646692043658625,  1000000000000.
 17.111985965062331,  -55.964642604877618,  1000000000000.
 140.62139051443626,  1.7694283600035592,  1000000000000.
 289.30063965620963,  3.8875127905874636,  1000000000000.
 46.320132230803779,  36.023494795245526,  1000000000000.
 183.00779035446547,  -21.733471644045267,  1000000000000.
 212.64917383218051,  -1.1203768720478533,  1000000000000.
 37.92071670033215,  -48.246013769543232,  1000000000000.
 121.80535585171046,  -67.176667281437346,  1000000000000.
 222.06613401938247,  -68.306889809129885,  1000000000000.
 207.52853463761824,  -67.738961013233663,  1000000000000.
