 1000
 95.121412741135401,  -19.167868769581684,  1000000000000.
 113.36585095520394,  33.212024115849466,  1000000000000.
 210.5259306674298,  -44.553442640170339,  1000000000000.
 353.29507031918479,  -39.214345153146041,  1000000000000.
 330.35935134090914,  -22.728316935086401,  1000000000000.
 357.29738343654452,  -51.941102361854746,  1000000000000.
 351.92400116662498,  -43.161380275759754,  1000000000000.
 290.10020394064315,  -46.941936696881626,  1000000000000.
 155.12881219275141,  54.422703094932537,  1000000000000.
 186.74859599039092,  56.605322735497182,  1000000000000.
 5.1144692524976278,  -36.610416362147568,  1000000000000.
 38.429589060592292,  -81.442541850379385,  1000000000000.
 62.337976027568644,  -10.019085481554328,  1000000000000.
 44.418781515426645,  -46.553173626642177,  1000000000000.
 268.84140088560241,  69.790825921675577,  1000000000000.
 213.62634796131621,  -23.132894326983322,  1000000000000.
 359.79778767453467,  -32.84896649792816,  1000000000000.
 187.80903561137617,  -17.514199216617861,  1000000000000.
 187.89366397995181,  -42.305377844848955,  1000000000000.
 103.09184619540893,  11.811625396158608,  1000000000000.
 350.39213304023292,  20.35524201631015,  1000000000000.
 112.72355552224609,  33.768225066450626,  1000000000000.
 102.88064085636535,  -25.142230473800989,  1000000000000.
 341.96377267260118,  19.119869663859308,  1000000000000.
 219.05521572813856,  -16.82501751433546,  1000000000000.
 350.22073304961856,  -14.097829815895327,  1000000000000.
 315.43863227413266,  -11.008779777204291,  1000000000000.
 128.84378446204249,  -13.628493730375665,  1000000000000.
 339.53822946238017,  -31.255991733706814,  1000000000000.
 243.79751738958149,  6.8216801999309959,  1000000000000.
 228.56860984596642,  -52.53744795381462,  1000000000000.
 94.017022147461802,  13.53253437612139,  1000000000000.
 127.7485776745481,  16.72314656945985,  1000000000000.
 86.691107228762164,  -69.446386330007584,  1000000000000.
 167.93606041166157,  -4.9619847125899961,  1000000000000.
 270.29180522495676,  47.352874282861031,  1000000000000.
 255.14174769634315,  -58.839833628964819,  1000000000000.
 216.5032038778964,  84.156108384099426,  1000000000000.
 68.550863778226457,  67.584734736767288,  1000000000000.
 247.18288579989286,  -4.6550473721707624,  1000000000000.
 35.068503640134878,  37.10014406172759,  1000000000000.
 350.19108794097491,  52.793292634361315,  1000000000000.
 245.37969057297707,  61.271814225070173,  1000000000000.
 241.70773733949062,  52.95999865430727,  1000000000000.
 84.199618459396461,  -14.899458782083331,  1000000000000.
 209.54339646863821,  -19.448311785351464,  1000000000000.
 109.06514241643961,  -0.64719319252264385,  1000000000000.
 8.4012187472874871,  31.192586103775451,  1000000000000.
 87.607457524041649,  -18.576183152205761,  1000000000000.
 188.25466081789398,  21.43939841063942,  1000000000000.
 271.37143369693473,  -42.741699539993931,  1000000000000.
 232.67153155194438,  44.40958804496713,  1000000000000.
 61.895746528991012,  -18.296674423745564,  1000000000000.
 60.796553843575154,  -0.31451425131515526,  1000000000000.
 300.13451676407084,  12.705031647177966,  1000000000000.
 217.02976588449664,  -0.12394845018276716,  1000000000000.
 270.88156848684724,  21.994443849392088,  1000000000000.
 48.342844878201618,  26.001692145128523,  1000000000000.
 39.164566482684222,  16.34252231501765,  1000000000000.
 324.46025403470532,  74.378456886316243,  1000000000000.
 66.702922187840215,  -15.074642304457001,  1000000000000.
 139.36384252690581,  34.799764717246219,  1000000000000.
 210.22993960651974,  31.078916122300441,  1000000000000.
 47.328728857944185,  -52.069849871629458,  1000000000000.
 59.730565777485594,  -71.537899005996337,  1000000000000.
 202.40157861935984,  -26.661612026236853,  1000000000000.
 6.7102654576987675,  4.3490642162960356,  1000000000000.
 49.849753648951349,  -63.425415520120076,  1000000000000.
 292.50339264614354,  -68.538008264071408,  1000000000000.
 90.484797410319317,  -7.7879232529688007,  1000000000000.
 102.53338699119885,  30.960690646089329,  1000000000000.
 194.95490742236007,  -66.136138650911406,  1000000000000.
 107.80799144183422,  -21.342625422343264,  1000000000000.
 354.21724667288618,  54.480465534582073,  1000000000000.
 158.46886901802844,  -12.318758208646219,  1000000000000.
 36.375518515893987,  21.927620823963252,  1000000000000.
 177.94020849125062,  57.816629672667283,  1000000000000.
 35.81210354568492,  8.317400777589981,  1000000000000.
 68.18667790149378,  33.051032503333808,  1000000000000.
 179.38651713704354,  -45.805921883248729,  1000000000000.
 250.58650334215963,  2.0380608120165835,  1000000000000.
 287.60317153976689,  -19.327037573491292,  1000000000000.
 116.2861426571461,  36.116504901453254,  1000000000000.
 297.95329486066237,  -7.0943484826651844,  1000000000000.
 98.852444587178553,  -0.58376865231514619,  1000000000000.
 4.3917733572407087,  -69.107583481926739,  1000000000000.
 292.46924295060376,  60.119403350616757,  1000000000000.
 296.31893840242981,  -33.9868266206838,  1000000000000.
 167.68826161255731,  -64.179796484177643,  1000000000000.
 123.28383300351838,  11.56326227311486,  1000000000000.
 99.937814481155229,  14.174123569570913,  1000000000000.
 64.381618943555438,  32.037831847891553,  1000000000000.
 332.72048309046266,  7.2323567086445504,  1000000000000.
 243.45199698814511,  16.812937147966725,  1000000000000.
 0.37099656069514708,  -30.917069273152691,  1000000000000.
 36.177968378458303,  1.9654161669078041,  1000000000000.
 37.149961560572564,  -54.470865285846799,  1000000000000.
 283.91865762146352,  -75.978639114519154,  1000000000000.
 212.14283555044557,  55.67766988289047,  1000000000000.
 332.27362259747036,  21.797295639344611,  1000000000000.
 141.45250977918039,  -10.736897526713586,  1000000000000.
 359.03038936274993,  34.912999920835162,  1000000000000.
 19.804639643139666,  -35.375087037799915,  1000000000000.
 279.94905680332636,  -34.115276260773669,  1000000000000.
 65.869943427953118,  66.120349980326637,  1000000000000.
 314.67363328067938,  46.454570230126713,  1000000000000.
 249.88945564580456,  58.941986949488786,  1000000000000.
 265.8145629554856,  1.2566687476009248,  1000000000000.
 207.76132707130839,  28.495533071007767,  1000000000000.
 125.39428049919442,  -1.9609318653774253,  1000000000000.
 14.731666931735646,  -43.816874957679516,  1000000000000.
 168.31137534685382,  27.964146471883677,  1000000000000.
 21.738331796250861,  56.94589906959763,  1000000000000.
 329.29679904591035,  36.528462063421209,  1000000000000.
 66.711257203907905,  56.221917623943334,  1000000000000.
 126.46173771619635,  -16.136781737148404,  1000000000000.
 280.11371450597221,  35.252109716909892,  1000000000000.
 58.173152640008794,  16.397092127533885,  1000000000000.
 46.039097212115394,  8.3760515210610897,  1000000000000.
 338.37565580215767,  6.8898105968134944,  1000000000000.
 81.751996697549174,  57.089160977266388,  1000000000000.
 237.65562532049401,  57.590286905959914,  1000000000000.
 50.979338216119714,  14.174461842545163,  1000000000000.
 138.60659219797705,  11.620898513423921,  1000000000000.
 350.89236838642591,  13.482098031278513,  1000000000000.
 273.9732474723553,  -22.175409132475835,  1000000000000.
 167.55819351504908,  -12.603914604332854,  1000000000000.
 240.14234829905942,  -72.899035819335609,  1000000000000.
 93.583147450268768,  29.899801448461481,  1000000000000.
 213.25890812793804,  -72.359951207482965,  1000000000000.
 136.42082382678046,  3.4442340896519954,  1000000000000.
 100.43781372091708,  9.2772587462887675,  1000000000000.
 39.569433226439941,  5.5765383330799958,  1000000000000.
 262.18591366559588,  27.808529927237679,  1000000000000.
 346.33317049754726,  11.382769074880262,  1000000000000.
 259.61804973226253,  -9.5165381526927622,  1000000000000.
 321.20182351308631,  -40.527782956824389,  1000000000000.
 118.79383959692572,  67.526762650964173,  1000000000000.
 214.86055968747428,  58.810730175162526,  1000000000000.
 43.554858863964313,  -62.319650784978535,  1000000000000.
 196.381066467712,  21.531124468955479,  1000000000000.
 168.97958029203861,  29.587599602146526,  1000000000000.
 140.28169953589224,  17.984998127807764,  1000000000000.
 105.78415633976267,  -3.3123723590823522,  1000000000000.
 37.281623009465875,  -56.946396246706207,  1000000000000.
 210.38225994287041,  -26.922141398342269,  1000000000000.
 113.0210929399872,  -68.312128913953586,  1000000000000.
 90.308489738464033,  -36.69530070369813,  1000000000000.
 213.69134445166435,  -10.615998683564989,  1000000000000.
 92.733398928497479,  -1.9654544618836782,  1000000000000.
 240.91473392513564,  -10.430115554230889,  1000000000000.
 101.43295514741294,  11.035125229365901,  1000000000000.
 272.84872796121948,  14.163856717617291,  1000000000000.
 71.181865811378614,  72.312023174643855,  1000000000000.
 54.794781532509461,  -20.781791042122382,  1000000000000.
 169.07845235776352,  54.699249493525365,  1000000000000.
 282.33230915802056,  -15.564697258871622,  1000000000000.
 2.735035826664955,  0.51531952910662104,  1000000000000.
 333.51315759918441,  -67.264966513389709,  1000000000000.
 131.09600656980081,  17.331803972945242,  1000000000000.
 347.56985868400636,  -22.524769809043846,  1000000000000.
 140.34917898150408,  -43.428782927592245,  1000000000000.
 83.158156168143009,  41.656311089739951,  1000000000000.
 304.84632717587021,  80.53520576550541,  1000000000000.
 264.67505542150218,  -67.784627000883631,  1000000000000.
 79.229654691297824,  3.330867783830473,  1000000000000.
 21.881337913403343,  -33.391838662724886,  1000000000000.
 199.50732070731846,  -9.8025264018893896,  1000000000000.
 9.7256135766093337,  25.21715050388384,  1000000000000.
 323.24936147030735,  30.587879249449518,  1000000000000.
 249.76918693093529,  78.727099098507608,  1000000000000.
 28.57885556676834,  34.832708509386407,  1000000000000.
 4.7373895275128746,  73.036824510610003,  1000000000000.
 73.301488163006937,  4.695852362001216,  1000000000000.
 196.30492820107384,  30.983806125301079,  1000000000000.
 344.22631035413485,  10.555673608957362,  1000000000000.
 339.51455961478706,  48.894064086028472,  1000000000000.
 238.78475075549051,  40.582469590364283,  1000000000000.
 197.31511779674324,  39.755583957439491,  1000000000000.
 20.645648087157952,  -6.3043448182903381,  1000000000000.
 114.57258292503447,  44.610288008695591,  1000000000000.
 289.67101246209495,  10.752776142092815,  1000000000000.
 167.76513209624704,  -79.527152801303075,  1000000000000.
 273.3716961787573,  -48.12772303557292,  1000000000000.
 349.64907092746535,  19.911181448924566,  1000000000000.
 178.33097369858248,  76.380723381757704,  1000000000000.
 89.815492902074425,  35.559297361114304,  1000000000000.
 219.26180172005294,  -20.202431352717678,  1000000000000.
 165.9212740551593,  32.521597067921505,  1000000000000.
 128.03516827133257,  0.63218393065470357,  1000000000000.
 201.92893927129708,  -16.592429595038485,  1000000000000.
 349.47317779445348,  30.301345912856736,  1000000000000.
 61.22682854520022,  5.7433382401737259,  1000000000000.
 11.146717408507357,  13.092218245529608,  1000000000000.
 32.986516249208989,  54.731236260402206,  1000000000000.
 273.95224460152343,  -3.1371218345422176,  1000000000000.
 125.72066619431354,  58.804012073649794,  1000000000000.
 299.09863991412135,  4.4792311096585102,  1000000000000.
 93.290128464142327,  31.569410201747992,  1000000000000.
 184.90866205934867,  1.485538278035353,  1000000000000.
 174.25458942397273,  -11.776293659512904,  1000000000000.
 246.98953815633766,  53.192438188513776,  1000000000000.
 126.50735467872181,  6.7831623611126792,  1000000000000.
 309.85862346333795,  35.905564744184602,  1000000000000.
 143.68433892579662,  19.488957572021011,  1000000000000.
 354.71642862275303,  -15.554949555124129,  1000000000000.
 60.465046573021624,  -39.188344083161844,  1000000000000.
 156.28748289846084,  4.8181360962904582,  1000000000000.
 167.74416875346165,  53.132803429634329,  1000000000000.
 88.470267582951564,  63.800119057469374,  1000000000000.
 85.317189690838987,  30.319155568251858,  1000000000000.
 130.69539525488955,  79.418276497130535,  1000000000000.
 107.51066077791812,  19.572546111622419,  1000000000000.
 44.808093972559135,  32.138319976353259,  1000000000000.
 346.74559927751591,  -42.281323332286398,  1000000000000.
 192.41880771959501,  -15.672825541516357,  1000000000000.
 110.51169059097847,  84.367930476203085,  1000000000000.
 167.7014395561205,  53.419729093019036,  1000000000000.
 60.617888756659909,  25.941759484579244,  1000000000000.
 202.42807898434296,  23.883518031128165,  1000000000000.
 178.24621340286058,  -21.592577975269162,  1000000000000.
 341.3057179117103,  -46.089639083901339,  1000000000000.
 171.07121492665249,  16.022005039336996,  1000000000000.
 72.539571811911046,  -39.600176714354021,  1000000000000.
 68.305829639136434,  1.0781566983751993,  1000000000000.
 207.69580589232442,  -25.085504835868086,  1000000000000.
 166.16164664211215,  -9.1321503983663046,  1000000000000.
 85.144642700124862,  10.395750435619851,  1000000000000.
 187.36780324763092,  21.687482702808442,  1000000000000.
 238.36010710329427,  28.928075260619639,  1000000000000.
 290.50054998143628,  51.828960594298636,  1000000000000.
 129.25728568468841,  -29.830859273494816,  1000000000000.
 161.05199918061638,  -35.43563030284075,  1000000000000.
 160.91549991345127,  -32.5940076947414,  1000000000000.
 149.23999139579979,  33.733646972347863,  1000000000000.
 340.03252494575361,  -0.36635832890280562,  1000000000000.
 150.66816566763777,  -30.924154701383536,  1000000000000.
 148.09155101884562,  8.5696353478058338,  1000000000000.
 138.28778554471376,  55.076685839975767,  1000000000000.
 26.658261955323439,  -22.127144070119254,  1000000000000.
 7.1024733994903784,  30.368300994342896,  1000000000000.
 83.839696292747604,  -59.988435948352539,  1000000000000.
 223.65289662460614,  28.62013636949257,  1000000000000.
 96.838565547125967,  62.893846086924562,  1000000000000.
 68.45374335302229,  -67.49173613096653,  1000000000000.
 346.20293420317694,  77.519029582239639,  1000000000000.
 148.48067484875267,  1.6199010342803004,  1000000000000.
 148.60968352104504,  -21.907310312183252,  1000000000000.
 271.11127427641816,  59.548385660593155,  1000000000000.
 208.6561546410592,  -23.535986997877941,  1000000000000.
 35.493440493947872,  6.1753907773638863,  1000000000000.
 221.12295435940993,  -33.56400892438598,  1000000000000.
 196.91260836290422,  -37.712637561808648,  1000000000000.
 293.43600166383408,  -15.44907375648298,  1000000000000.
 36.752722339828892,  -52.251285494936788,  1000000000000.
 34.261529558461376,  35.928533699988144,  1000000000000.
 107.32731367927136,  -16.615572774662116,  1000000000000.
 300.9893538995193,  9.3917490810953392,  1000000000000.
 293.47183054622076,  19.479542617993065,  1000000000000.
 274.10527575033132,  16.436953447681542,  1000000000000.
 335.42359726362059,  -24.372877623776841,  1000000000000.
 76.060565948143463,  84.443351547555082,  1000000000000.
 328.73519383932097,  -44.185763277524963,  1000000000000.
 104.17154314387709,  -61.92021835978607,  1000000000000.
 192.49795808744045,  3.7031875701635113,  1000000000000.
 233.70610414860613,  -64.579998904804555,  1000000000000.
 354.14230368533691,  -77.643101573876166,  1000000000000.
 309.37944458805691,  27.896602519671752,  1000000000000.
 22.966844082838861,  38.420482132919958,  1000000000000.
 16.264917561195119,  -4.3594140990707908,  1000000000000.
 148.68352775143504,  -67.672974861954671,  1000000000000.
 301.02667209452022,  -30.371525266707003,  1000000000000.
 92.313585195271017,  79.055717261976952,  1000000000000.
 235.96348782504228,  -66.205353173451954,  1000000000000.
 124.52931606852485,  -28.868231217096252,  1000000000000.
 223.00184762567457,  81.705160587601256,  1000000000000.
 136.5920016777259,  23.959256993771014,  1000000000000.
 152.8628609255,  -36.928427509002233,  1000000000000.
 67.72812225649993,  -9.4896439069605982,  1000000000000.
 213.64341606421951,  -8.7340346287049133,  1000000000000.
 70.852093182538368,  -0.57861434305699866,  1000000000000.
 343.65185014666861,  -2.7822900225041747,  1000000000000.
 272.34111112994219,  -26.756011645782042,  1000000000000.
 19.552093123295236,  20.689821830713985,  1000000000000.
 183.12754304179703,  2.5225300588091297,  1000000000000.
 111.83245466899348,  10.584709744346842,  1000000000000.
 199.64503949352246,  -49.656472451002799,  1000000000000.
 262.29222363025099,  -0.10900650424666888,  1000000000000.
 64.586609607599314,  73.454746434136055,  1000000000000.
 218.76237796222694,  -76.683767824714096,  1000000000000.
 48.002007160146348,  17.876389021314914,  1000000000000.
 314.10517049964801,  -32.137760583374991,  1000000000000.
 51.026310371627886,  -30.795080159017168,  1000000000000.
 105.264190638812,  31.298695614541021,  1000000000000.
 106.69690635396272,  -23.282621024763646,  1000000000000.
 310.30337788625474,  -4.9116473311217934,  1000000000000.
 350.41348170092755,  -0.28834654770988311,  1000000000000.
 349.58341316572398,  -79.725030898630337,  1000000000000.
 50.564545400379131,  36.506894076107763,  1000000000000.
 321.26416756806259,  -21.865421085375193,  1000000000000.
 173.8900501494893,  -34.710606101893035,  1000000000000.
 351.19550685913657,  -66.25697629378449,  1000000000000.
 54.230260865930006,  -48.978076041677973,  1000000000000.
 204.23171632759906,  -24.470032412923405,  1000000000000.
 347.17330850915613,  -46.448311341122213,  1000000000000.
 183.96528738645247,  -1.163668399280497,  1000000000000.
 342.27680493664224,  61.186308603267157,  1000000000000.
 156.52807595876294,  57.378110856132281,  1000000000000.
 99.951404003705861,  55.428680663935317,  1000000000000.
 42.806674139023386,  -42.407956021724274,  1000000000000.
 85.872239068727296,  -7.1091940103984159,  1000000000000.
 265.02132692559479,  -71.712893843953083,  1000000000000.
 236.63700702630666,  -6.4324579594796782,  1000000000000.
 156.6721621442974,  -37.855152525102284,  1000000000000.
 73.557953795498236,  19.241232318009544,  1000000000000.
 328.34250494880001,  43.112878461640129,  1000000000000.
 324.70520463304211,  -70.961884153865668,  1000000000000.
 125.13624738284319,  -42.841631957955443,  1000000000000.
 73.015614911369369,  -49.845490780247339,  1000000000000.
 16.267928548309641,  53.514149625309201,  1000000000000.
 205.3953323951003,  19.945737381213089,  1000000000000.
 47.437283841401182,  32.310221632511521,  1000000000000.
 121.36715121540857,  63.092893144452262,  1000000000000.
 207.66851944534872,  -5.0113842972960345,  1000000000000.
 302.22662613173981,  -33.525045240508717,  1000000000000.
 262.02422100420245,  20.150275771646434,  1000000000000.
 275.29219220625276,  -59.79054193492712,  1000000000000.
 126.64873431845265,  -11.192867055582569,  1000000000000.
 166.68503255017526,  1.5853086245996444,  1000000000000.
 356.69552190825874,  33.318042912925243,  1000000000000.
 251.16310640822309,  76.425207136334834,  1000000000000.
 221.3052025278547,  -15.115468988891967,  1000000000000.
 229.74024008496463,  54.400105739035808,  1000000000000.
 64.444972207640902,  52.760207371813479,  1000000000000.
 180.55760422466855,  44.918461392818386,  1000000000000.
 279.03519165419959,  14.269336464657457,  1000000000000.
 89.003344436396361,  -31.764109497391225,  1000000000000.
 83.506168008514749,  0.23847410787718926,  1000000000000.
 104.70465640359701,  37.800845607023305,  1000000000000.
 142.43513830501868,  -27.846956839701686,  1000000000000.
 276.65976099566433,  8.5885187606164521,  1000000000000.
 220.36766254351011,  -16.545819312123708,  1000000000000.
 303.78930946524974,  -75.073011961029195,  1000000000000.
 201.55838027352064,  0.54117043043839352,  1000000000000.
 44.850922253931117,  7.2114959772234775,  1000000000000.
 125.20839853026683,  -8.3268674857005962,  1000000000000.
 31.756575385642094,  -28.722215743601183,  1000000000000.
 217.96891284641845,  35.436621395859802,  1000000000000.
 345.63776146745067,  -10.229417583853474,  1000000000000.
 160.13591615356904,  -24.056994834042886,  1000000000000.
 319.21531994860919,  -28.245239998074073,  1000000000000.
 104.87181971258153,  -58.908537145981974,  1000000000000.
 55.885195373588687,  -54.562951626443997,  1000000000000.
 162.84955373668055,  -12.431576409156751,  1000000000000.
 341.08323076644513,  5.0064948154018199E-2,  1000000000000.
 204.62002285516726,  -14.091873396161899,  1000000000000.
 140.13216050241076,  -57.454708730907207,  1000000000000.
 239.85714753956776,  30.158459031843211,  1000000000000.
 130.82762622183526,  -41.882391777371467,  1000000000000.
 190.07501188604405,  14.078177921187665,  1000000000000.
 8.6813687378966335,  -44.282129507673147,  1000000000000.
 355.5301313741117,  -15.224390852958233,  1000000000000.
 338.38895799898023,  -5.96638918909700305E-2,  1000000000000.
 143.82698958680743,  25.05178498704046,  1000000000000.
 132.49430118906568,  -4.608502087140562,  1000000000000.
 342.77301901901365,  -45.862005070166347,  1000000000000.
 61.507464119454994,  -6.8494666226878067,  1000000000000.
 260.04037629246227,  -16.933747569697314,  1000000000000.
 181.15781803420217,  -9.1556149961101685,  1000000000000.
 316.36665998685066,  -70.037356984390215,  1000000000000.
 273.60859294731756,  39.581367636866432,  1000000000000.
 342.44306024874396,  -24.365134027403553,  1000000000000.
 53.780757996794307,  -7.3650135681017943,  1000000000000.
 66.84777864195307,  -1.3405043916538153,  1000000000000.
 277.09887999499574,  -27.136369175683939,  1000000000000.
 284.68189320599373,  -48.625425312408936,  1000000000000.
 5.4924033649709827,  5.4430203722944368,  1000000000000.
 209.5728791791872,  -29.655610730044256,  1000000000000.
 155.46703713613408,  -19.23150425065058,  1000000000000.
 304.67607400976806,  -48.160547543314834,  1000000000000.
 117.91609033986836,  -47.419350271078265,  1000000000000.
 204.93207727021482,  20.872790647830026,  1000000000000.
 144.26838167548487,  72.852994771613567,  1000000000000.
 220.54261629197194,  23.987539809478267,  1000000000000.
 115.49960611576616,  61.090324385397423,  1000000000000.
 6.2343285690436403,  -27.65635636074698,  1000000000000.
 313.53786377126085,  -12.884405140656375,  1000000000000.
 225.6384448847831,  10.014272183627289,  1000000000000.
 333.65823959709451,  -23.529808130410579,  1000000000000.
 198.09328379708367,  29.381359298829757,  1000000000000.
 131.6802146213588,  -12.722536514056298,  1000000000000.
 267.46579303575595,  15.225932748854175,  1000000000000.
 340.58602966291403,  -59.947123970595584,  1000000000000.
 159.93099289257813,  -31.95053268529837,  1000000000000.
 291.34889365868037,  -15.767429668046804,  1000000000000.
 176.0964304598798,  -19.354972292268723,  1000000000000.
 12.642473332893218,  -60.535685584439811,  1000000000000.
 132.13202905336874,  61.877008402225037,  1000000000000.
 18.811766623094115,  -17.027605673125798,  1000000000000.
 329.79135801626649,  82.332267257459549,  1000000000000.
 270.09517798917443,  4.1226823214459243,  1000000000000.
 251.05335014806963,  48.053572677407971,  1000000000000.
 94.501187541318956,  -51.160870714088226,  1000000000000.
 226.94106910925527,  3.478220535301233,  1000000000000.
 359.43127420970256,  48.642660971542782,  1000000000000.
 157.64071671919595,  -47.69831653161269,  1000000000000.
 328.07338251583258,  68.532675279030698,  1000000000000.
 84.267430507827541,  -1.4607094612800118,  1000000000000.
 165.1466606474801,  -4.2852681618154875,  1000000000000.
 145.79319569782967,  -45.714617533328649,  1000000000000.
 280.87411219954691,  64.809070556156414,  1000000000000.
 247.50094123612237,  -9.5645099601407626,  1000000000000.
 31.750451226191529,  44.603852035158972,  1000000000000.
 197.82554701021553,  24.689633977354003,  1000000000000.
 228.87129561985881,  54.782134196590356,  1000000000000.
 174.35782721048795,  -25.054219505485214,  1000000000000.
 338.20837325727155,  29.924764599918639,  1000000000000.
 173.78779917599326,  2.2336667151392873,  1000000000000.
 152.22731843775864,  -28.762399280877812,  1000000000000.
 155.5859129152112,  79.216517507501976,  1000000000000.
 178.51378631817181,  26.592888361257309,  1000000000000.
 180.65328627381626,  -12.709003512901868,  1000000000000.
 101.1881942803636,  -42.725893458447999,  1000000000000.
 10.554137672723556,  -23.805680370509084,  1000000000000.
 314.46334207492998,  -35.366463737772136,  1000000000000.
 44.402696720509397,  -72.886474580472282,  1000000000000.
 100.57817265753036,  18.164699708780301,  1000000000000.
 20.480808030421429,  66.869865858540521,  1000000000000.
 312.5667102037379,  60.621972740735671,  1000000000000.
 53.502392458255414,  -57.900276277776499,  1000000000000.
 206.16961841256045,  61.000148560303344,  1000000000000.
 178.02234861248766,  26.432187691231327,  1000000000000.
 185.26718244963195,  -39.617007672110716,  1000000000000.
 57.137608451729122,  -48.488662548054798,  1000000000000.
 100.80006787884381,  17.64216920857643,  1000000000000.
 88.530350044931922,  2.2738202731040809,  1000000000000.
 292.21340105457091,  -4.9637210478751186,  1000000000000.
 65.075069005796394,  -32.076007863151183,  1000000000000.
 169.29390584675565,  -5.4346735884776844,  1000000000000.
 206.69559489330555,  -49.504839343893259,  1000000000000.
 29.184727339142626,  -61.544333464956502,  1000000000000.
 319.48839647498573,  -10.622568247586914,  1000000000000.
 339.97357799937782,  -21.737405129027707,  1000000000000.
 277.42418771136556,  -59.268417877749357,  1000000000000.
 20.363445870119335,  48.994393684360965,  1000000000000.
 264.10558625964416,  8.668813686553456,  1000000000000.
 295.99498609964087,  66.333502087663248,  1000000000000.
 342.12682625365233,  7.6698799479874644,  1000000000000.
 30.645648460381921,  -60.515192957069956,  1000000000000.
 135.54250619954303,  -42.433309741077821,  1000000000000.
 311.84820229264835,  0.99013958446046302,  1000000000000.
 62.158657714602924,  -42.032953870488505,  1000000000000.
 299.70801758465007,  11.044865512491645,  1000000000000.
 305.06465312602188,  -41.229917441898252,  1000000000000.
 96.259073686452439,  -26.18991695066946,  1000000000000.
 47.868803705596463,  -56.152813852503172,  1000000000000.
 191.28486292456947,  38.79464543482829,  1000000000000.
 88.636724094969907,  27.196409455272008,  1000000000000.
 262.87495637243342,  39.56121251000971,  1000000000000.
 135.82010635672759,  -39.994221351510426,  1000000000000.
 111.13005176431155,  44.331195365894025,  1000000000000.
 92.43362348430847,  -2.516726883967376,  1000000000000.
 38.94971254614407,  38.393765593456614,  1000000000000.
 237.55870683086232,  14.320200374485639,  1000000000000.
 192.72242801417863,  28.913777984934438,  1000000000000.
 319.04055981252429,  15.217397790474662,  1000000000000.
 10.083095493777222,  25.428667698195927,  1000000000000.
 156.86637267109137,  38.495232899184167,  1000000000000.
 13.671625193032497,  17.630611576306773,  1000000000000.
 49.242802134261439,  77.429101276626426,  1000000000000.
 258.16509318958668,  30.412707003345194,  1000000000000.
 11.197975430572029,  -27.366103350150325,  1000000000000.
 69.266336057329767,  47.916571190189394,  1000000000000.
 155.63282551119602,  -6.388828616231363,  1000000000000.
 284.55699693020773,  11.132488840851439,  1000000000000.
 267.97787792604504,  -35.433471750573567,  1000000000000.
 218.20109914070682,  43.907985664903286,  1000000000000.
 286.96266157966573,  6.107795384485625,  1000000000000.
 174.91521672468369,  -28.060638797614388,  1000000000000.
 53.614316409328808,  0.1386303925456164,  1000000000000.
 198.09184273064341,  -46.320190619219261,  1000000000000.
 103.60929484449569,  28.904688819082669,  1000000000000.
 187.15391745566612,  60.860202469198988,  1000000000000.
 205.42687637540317,  -29.707698610516474,  1000000000000.
 329.01062041772036,  37.097476811286761,  1000000000000.
 207.57582655690277,  -4.2922516466165366,  1000000000000.
 274.5562536328585,  -44.494199611917814,  1000000000000.
 257.23441653037122,  19.364646470785082,  1000000000000.
 125.92774634148739,  16.368013197134609,  1000000000000.
 43.7725777615033,  20.646692043658625,  1000000000000.
 17.111985965062331,  -55.964642604877618,  1000000000000.
 140.62139051443626,  1.7694283600035592,  1000000000000.
 289.30063965620963,  3.8875127905874636,  1000000000000.
 46.320132230803779,  36.023494795245526,  1000000000000.
 183.00779035446547,  -21.733471644045267,  1000000000000.
 212.64917383218051,  -1.1203768720478533,  1000000000000.
 37.92071670033215,  -48.246013769543232,  1000000000000.
 121.80535585171046,  -67.176667281437346,  1000000000000.
 222.06613401938247,  -68.306889809129885,  1000000000000.
 207.52853463761824,  -67.738961013233663,  1000000000000.
 333.46430958214182,  43.396498647002659,  1000000000000.
 269.36850808213762,  -71.343989956317927,  1000000000000.
 77.001439316725723,  -46.777714853205694,  1000000000000.
 227.44339566958354,  -43.092485223616663,  1000000000000.
 141.68224856544884,  -63.851274776613657,  1000000000000.
 272.15831411784433,  -48.685026955570947,  1000000000000.
 2.8209055938843051,  -24.305570988195441,  1000000000000.
 25.338886573875243,  17.255629929839159,  1000000000000.
 37.990350744909989,  27.56066489248369,  1000000000000.
 165.29211324339192,  11.528036956541124,  1000000000000.
 271.1864103842434,  19.665078796474091,  1000000000000.
 240.43739697001587,  71.621885354844991,  1000000000000.
 181.79954052781829,  -17.840472201289966,  1000000000000.
 165.25044518259685,  -50.471363841586502,  1000000000000.
 194.93601813879508,  48.89836477736511,  1000000000000.
 148.8086411951152,  35.266297601794733,  1000000000000.
 25.540933186440583,  -28.655377065545512,  1000000000000.
 181.2121405886995,  9.5517848654591262,  1000000000000.
 174.39397499399652,  -29.161399584167079,  1000000000000.
 338.58348624708628,  24.394431112923638,  1000000000000.
 105.84895443530166,  -66.375837896251682,  1000000000000.
 100.17327069169234,  6.3592145707960483,  1000000000000.
 131.56274914553182,  15.729029029483419,  1000000000000.
 258.84042246441533,  83.70506667985299,  1000000000000.
 284.96456380592463,  -46.690491307521306,  1000000000000.
 193.06735735353692,  -63.539382364347723,  1000000000000.
 344.56511013089914,  -29.02981135810272,  1000000000000.
 27.41412401798226,  -42.418220493296026,  1000000000000.
 174.71985063409622,  50.317408720614551,  1000000000000.
 104.35658135418983,  -5.8581722875647575,  1000000000000.
 89.610208361060216,  6.3472861101952978,  1000000000000.
 345.75380639740638,  -45.944989909328527,  1000000000000.
 82.776058791816922,  -1.169033642629858,  1000000000000.
 150.91883430150494,  -54.824665445318374,  1000000000000.
 359.30678309283883,  18.822459384724407,  1000000000000.
 185.98630969768982,  34.434860514189367,  1000000000000.
 152.6427269163635,  84.189535372239291,  1000000000000.
 287.42819470795337,  4.1985625275674243,  1000000000000.
 118.25420873153266,  -62.211920335980338,  1000000000000.
 319.41815783363506,  -49.341076689620117,  1000000000000.
 332.23270426443491,  -57.268405046526695,  1000000000000.
 208.91995557106563,  -53.946904306078359,  1000000000000.
 198.14222551733531,  -47.664475654747619,  1000000000000.
 321.22007044627003,  23.503143442031885,  1000000000000.
 324.42717606237522,  -7.1251370198487907,  1000000000000.
 36.150021294469269,  -71.884925024562548,  1000000000000.
 157.37171927551634,  55.665836644101013,  1000000000000.
 47.066451569758243,  -6.7699509139614245,  1000000000000.
 116.42817716218485,  61.513468519254424,  1000000000000.
 305.61846427533283,  50.753094171363919,  1000000000000.
 153.64389454775721,  4.0416978265352901,  1000000000000.
 238.69751362990667,  -21.164971850642843,  1000000000000.
 178.14939883702502,  25.933157427881017,  1000000000000.
 264.82426343215911,  -3.0597409879080852,  1000000000000.
 249.84888331750983,  -43.300970863682245,  1000000000000.
 252.49874778483854,  12.943850144302091,  1000000000000.
 31.367369864230028,  41.720263755507105,  1000000000000.
 214.80114273649309,  29.031199817289227,  1000000000000.
 340.51337809491827,  -49.342296864549304,  1000000000000.
 73.071179792368937,  -48.463885234193306,  1000000000000.
 20.797456663034268,  -51.403820094162988,  1000000000000.
 342.22573319709454,  32.54513841067979,  1000000000000.
 253.58812271425222,  -43.560938469309953,  1000000000000.
 278.17309321816867,  -20.33269671212209,  1000000000000.
 175.86389615092622,  6.7400189450419932,  1000000000000.
 285.44227003897237,  -17.341643263047089,  1000000000000.
 201.7518313897973,  41.392979767075829,  1000000000000.
 358.25700808301309,  34.563376694900441,  1000000000000.
 148.58566931550055,  26.495979156097643,  1000000000000.
 42.063545777093481,  16.146792840116618,  1000000000000.
 214.8994902787062,  -60.144485516724799,  1000000000000.
 202.4672049092681,  -36.870400616423801,  1000000000000.
 239.06709982183438,  -34.673189965759889,  1000000000000.
 214.81923959263432,  11.535318594241335,  1000000000000.
 245.43587699962768,  11.134149407992256,  1000000000000.
 320.07359287140582,  -13.453797173048624,  1000000000000.
 308.48876363535658,  -22.958834065233514,  1000000000000.
 224.22381081707698,  -48.774630471385628,  1000000000000.
 230.81986555316007,  -60.030882458241756,  1000000000000.
 163.79261713685733,  9.3628700402922753,  1000000000000.
 110.67846464336725,  -15.95040232115158,  1000000000000.
 185.90764661019176,  -31.751514762307522,  1000000000000.
 44.918992872366573,  -16.77324389612734,  1000000000000.
 230.80042000350838,  -21.489300107965551,  1000000000000.
 297.19075899541224,  25.435823228806317,  1000000000000.
 134.82262486644635,  43.18332607654115,  1000000000000.
 51.905469820626024,  -9.8983057311161957,  1000000000000.
 14.221691603334506,  -26.907384603011053,  1000000000000.
 67.916755550029876,  78.964001379004927,  1000000000000.
 36.540938382465555,  7.7516028973876763,  1000000000000.
 150.47742184866937,  57.439804549440147,  1000000000000.
 272.13499576663082,  3.538228079386077,  1000000000000.
 310.79929345466087,  -68.452722721158977,  1000000000000.
 252.64394858080021,  -24.455660660691791,  1000000000000.
 265.07777555575541,  -35.290863638127277,  1000000000000.
 11.42879622980567,  -14.909194305814218,  1000000000000.
 1.7242793009608874,  -65.166622280183532,  1000000000000.
 112.47391365446852,  -36.346813984986241,  1000000000000.
 133.57058555985452,  34.865356182992841,  1000000000000.
 215.68519292412361,  -54.841166852610151,  1000000000000.
 339.61531119966583,  -45.438811936015917,  1000000000000.
 271.85993996161721,  -28.930429619076513,  1000000000000.
 297.21013393623957,  -63.233891497996012,  1000000000000.
 277.08924404240526,  9.0023093502395728,  1000000000000.
 281.48629672408612,  -69.021453080106468,  1000000000000.
 193.46198043757346,  -53.282976839123947,  1000000000000.
 92.262340966574016,  14.485528050547687,  1000000000000.
 29.604846766688695,  -14.390851801765907,  1000000000000.
 295.99942804084748,  11.166196468426953,  1000000000000.
 279.62481314887589,  -7.52956603777967,  1000000000000.
 196.81059345600426,  -57.292612578820282,  1000000000000.
 90.269053317000029,  3.2985136497938146,  1000000000000.
 119.62876543048591,  38.36006801448395,  1000000000000.
 243.05124235324053,  33.423396753522667,  1000000000000.
 328.88628521933003,  48.746212745754683,  1000000000000.
 171.05438265432426,  -56.842758369737751,  1000000000000.
 54.996674666084971,  -46.584418595535809,  1000000000000.
 180.01867969984096,  44.143017445060934,  1000000000000.
 68.110746393293667,  0.75859133196463568,  1000000000000.
 162.715612881201,  -80.569012840095226,  1000000000000.
 328.78085113903171,  -17.06175158314743,  1000000000000.
 17.225476410336654,  42.575962854369287,  1000000000000.
 304.06729521558259,  15.78367059910841,  1000000000000.
 167.46000846408847,  -27.733427819516937,  1000000000000.
 181.14033315620156,  -29.570225870496483,  1000000000000.
 234.26999651200589,  55.190993039619705,  1000000000000.
 295.50444441689626,  23.451009373517095,  1000000000000.
 183.43265510347209,  -14.412382553618539,  1000000000000.
 88.986714785379647,  -21.991241782135653,  1000000000000.
 225.48757322348993,  -70.552394524634636,  1000000000000.
 70.334813669816512,  31.519661512337962,  1000000000000.
 156.63646352629542,  3.6024453300043029,  1000000000000.
 115.9891009683187,  57.00894137249648,  1000000000000.
 225.76837345847611,  68.123770085792671,  1000000000000.
 122.57110499140259,  27.733790116152374,  1000000000000.
 88.134459102869656,  -44.028332317894453,  1000000000000.
 14.985451930568104,  -8.3910841005872303,  1000000000000.
 118.13512180314819,  74.759102776333435,  1000000000000.
 92.218734321360202,  10.025174332803607,  1000000000000.
 119.30829740729837,  44.564452740263988,  1000000000000.
 30.026875974728995,  -25.665788697379973,  1000000000000.
 225.68095653781069,  -44.27220120201482,  1000000000000.
 352.7469658737017,  34.301957540845414,  1000000000000.
 349.30307188536977,  -5.8086479641717013,  1000000000000.
 36.546857346430301,  -7.0697393291930712,  1000000000000.
 206.33808636311383,  19.797698248427743,  1000000000000.
 184.92201797013985,  24.329485183076599,  1000000000000.
 244.05128118192573,  24.018584586779561,  1000000000000.
 7.5845450908655039,  -69.415099261418334,  1000000000000.
 52.330669697051874,  69.40270799334435,  1000000000000.
 317.96354332955036,  -45.329978043148643,  1000000000000.
 68.622802717322713,  41.969011015821394,  1000000000000.
 165.63088823604744,  0.24366464463005694,  1000000000000.
 317.02389564440568,  -59.942055068252039,  1000000000000.
 7.3317486609679179,  -59.873441218443205,  1000000000000.
 216.07092355046854,  -44.573986700437459,  1000000000000.
 16.189445833293462,  9.9146918069251111,  1000000000000.
 358.6256558444062,  42.335837066211454,  1000000000000.
 269.87390987343599,  74.521225203337423,  1000000000000.
 9.9344001944660647,  -51.101993293907483,  1000000000000.
 334.68067254405582,  -48.813277076158428,  1000000000000.
 8.5319966465835364,  -49.417369544650292,  1000000000000.
 274.18783789461003,  -73.580598309354272,  1000000000000.
 170.7467171980754,  -48.510470076356796,  1000000000000.
 251.13603883188327,  18.289103404221539,  1000000000000.
 238.72697911249648,  68.864613988668481,  1000000000000.
 81.503451931789954,  27.717812475639374,  1000000000000.
 235.70061043359581,  -28.036585709887575,  1000000000000.
 14.226163799542718,  -19.562587409782406,  1000000000000.
 118.44858629168979,  -31.509437933545328,  1000000000000.
 100.27049482714555,  -10.685925837904405,  1000000000000.
 150.05433099379141,  -13.546004810927057,  1000000000000.
 150.91775206586573,  54.226484643772046,  1000000000000.
 211.24914292566109,  -7.2551459468774668,  1000000000000.
 262.7639885269561,  -40.822856529723325,  1000000000000.
 284.09638297165418,  59.576181566747699,  1000000000000.
 199.59960288622426,  8.6452208335453467,  1000000000000.
 212.05608128459374,  83.449867275150197,  1000000000000.
 288.04517985135192,  65.840441638144455,  1000000000000.
 43.485037079306096,  51.689299548924588,  1000000000000.
 58.417160461800535,  41.067129164805706,  1000000000000.
 166.24805242746012,  -38.576505967454146,  1000000000000.
 235.58449641837748,  21.302426434726268,  1000000000000.
 300.52516980982614,  21.4264240033426,  1000000000000.
 163.14197843601761,  16.759481655297581,  1000000000000.
 94.466104537874557,  26.761681147775366,  1000000000000.
 150.52690660721305,  -10.623054271039935,  1000000000000.
 259.53563497264969,  17.352440411216378,  1000000000000.
 189.8579418374284,  57.250025777678374,  1000000000000.
 110.80203651554839,  46.916938569065067,  1000000000000.
 275.25568357853314,  26.242841931675308,  1000000000000.
 235.65264779829786,  41.445854676497625,  1000000000000.
 345.92538056334843,  77.958227367960177,  1000000000000.
 342.67356786377661,  -18.567028456336971,  1000000000000.
 240.83394128598178,  36.115520162579614,  1000000000000.
 51.620755813831693,  -50.877524306964396,  1000000000000.
 129.62487144183893,  -2.8532934989653498,  1000000000000.
 256.37410716416616,  -43.547824882083816,  1000000000000.
 274.85839823270044,  20.091156305163288,  1000000000000.
 191.42780592510348,  77.273429573170731,  1000000000000.
 234.05225844708329,  -34.982457043692222,  1000000000000.
 23.436681658098252,  12.139259682613273,  1000000000000.
 43.338406603947845,  -23.742834402520085,  1000000000000.
 169.4454994384084,  -43.881903577045179,  1000000000000.
 354.57093049684931,  48.976803861012108,  1000000000000.
 51.951860308405912,  0.89151180899768234,  1000000000000.
 97.745806669457366,  -35.474593861581432,  1000000000000.
 219.47999428611178,  44.132698016908215,  1000000000000.
 215.91084354034055,  3.5531631280088103,  1000000000000.
 330.88517259495211,  4.2959103148946145,  1000000000000.
 345.44749038176172,  -1.8595360150694662,  1000000000000.
 72.817388567296263,  -33.123894013585677,  1000000000000.
 98.182974818965633,  -19.233123665648016,  1000000000000.
 211.88132316636563,  39.892736068284606,  1000000000000.
 150.48289473979125,  -34.941788446555059,  1000000000000.
 98.66512557478174,  -28.15127391144814,  1000000000000.
 312.75854024009465,  -26.053820927260144,  1000000000000.
 46.93657143022827,  -6.1497057436469502,  1000000000000.
 237.21042392706897,  39.207241873184799,  1000000000000.
 82.663485281920174,  -59.243934536916321,  1000000000000.
 340.92887488212648,  -21.925555536275215,  1000000000000.
 273.15839011511781,  -68.973245373136365,  1000000000000.
 279.15632935963316,  68.197948141047391,  1000000000000.
 334.60181446850959,  -56.087158817938281,  1000000000000.
 140.7208307967575,  34.809057351039783,  1000000000000.
 13.65896037220034,  50.471555044731154,  1000000000000.
 209.34903280290965,  -24.718589157976265,  1000000000000.
 163.36009688007596,  29.698755786036934,  1000000000000.
 222.06800095546737,  7.3632802146259069,  1000000000000.
 326.70249696201182,  -1.2586495588971287,  1000000000000.
 96.71917816356229,  42.642808129070637,  1000000000000.
 212.01741387729339,  -67.728336416351979,  1000000000000.
 317.24844128548102,  -63.124090320757006,  1000000000000.
 61.073311804263568,  -16.165662474368535,  1000000000000.
 330.89026594510182,  -44.487920615224098,  1000000000000.
 238.57768275718382,  25.934581926759339,  1000000000000.
 6.0685231259227521,  32.321454834042733,  1000000000000.
 166.17081299763336,  67.713909048417591,  1000000000000.
 199.59625011972949,  -28.093785618143119,  1000000000000.
 294.28376820640239,  24.563594824578598,  1000000000000.
 211.35723531953289,  -2.7726326330649114,  1000000000000.
 5.3892226388924769,  -55.906733156119067,  1000000000000.
 290.44259765847579,  41.576159211525031,  1000000000000.
 301.97793202677587,  11.36309588247285,  1000000000000.
 220.16842097376215,  -16.492837413087472,  1000000000000.
 292.28585075092258,  -56.643891879993461,  1000000000000.
 173.37315601555764,  -10.841838368521495,  1000000000000.
 166.28377153105549,  58.943303500738764,  1000000000000.
 211.9286800631653,  -70.990251079554184,  1000000000000.
 15.600298706584567,  -27.721762588775153,  1000000000000.
 263.08493596509413,  10.020426326922184,  1000000000000.
 317.78620401280762,  38.753639176861221,  1000000000000.
 44.105599949431195,  -16.282011206982112,  1000000000000.
 188.62017311506412,  5.2740928770184743,  1000000000000.
 24.461941667849374,  31.930683419772254,  1000000000000.
 143.991536323601,  51.192235352378901,  1000000000000.
 179.29647352424399,  -28.078186715897623,  1000000000000.
 163.71800580484563,  29.39786839886429,  1000000000000.
 232.23829232173745,  -19.793229109601757,  1000000000000.
 336.15195979468615,  3.96094965315207659E-2,  1000000000000.
 340.64249904315039,  -3.5252051583002095,  1000000000000.
 288.16593755696624,  8.9049457519083077,  1000000000000.
 64.951461099843499,  -10.992659782906806,  1000000000000.
 354.39362461739586,  -43.301441162473957,  1000000000000.
 4.8479046376533859,  -10.374583691278184,  1000000000000.
 139.10402640862327,  -48.397208732608696,  1000000000000.
 11.125224016960203,  65.007727168937095,  1000000000000.
 346.55204706682559,  -49.928981840505834,  1000000000000.
 272.04170994367428,  22.920625344090737,  1000000000000.
 286.42072756675032,  36.704933416102442,  1000000000000.
 55.338227417052025,  -39.739930366241474,  1000000000000.
 85.365098841339517,  54.583963459076713,  1000000000000.
 346.29979846733403,  53.614648232926889,  1000000000000.
 129.29858605606449,  59.246541129005259,  1000000000000.
 326.95024248264815,  -62.875964752849448,  1000000000000.
 20.433312208990486,  -15.96233230331832,  1000000000000.
 338.07581359625703,  63.044884320072448,  1000000000000.
 72.51176401942179,  -57.129210274287878,  1000000000000.
 164.53910717111032,  11.19615075829695,  1000000000000.
 271.62811248126047,  -64.522115535280548,  1000000000000.
 321.16902329539772,  5.6657028347358684,  1000000000000.
 125.90256577437222,  1.5978695568668375,  1000000000000.
 43.171572395503603,  -19.690467906824814,  1000000000000.
 122.49401175642608,  54.350176888268251,  1000000000000.
 98.010217580843658,  -55.714968271902158,  1000000000000.
 248.41219546082289,  5.9923578031927907,  1000000000000.
 181.14031452838407,  36.884922446537999,  1000000000000.
 178.54006602591576,  -52.156442679256017,  1000000000000.
 299.31656963671037,  14.056900891555259,  1000000000000.
 338.23167702605974,  7.1494223135868937,  1000000000000.
 140.46891341445848,  -5.3657721487809544,  1000000000000.
 321.89105511892387,  40.708009514623278,  1000000000000.
 109.35534866395665,  -13.63144297181999,  1000000000000.
 64.060007422548438,  46.466889134693837,  1000000000000.
 338.86494664750307,  -19.419709500465004,  1000000000000.
 160.63671207020695,  -47.996230021682464,  1000000000000.
 217.18789119730496,  -69.670614654199497,  1000000000000.
 134.65170289450691,  56.897253576790241,  1000000000000.
 308.06091533233496,  8.356415103549045,  1000000000000.
 349.75826220312382,  -14.099713508266053,  1000000000000.
 195.18063770192902,  -11.522807470669026,  1000000000000.
 299.8200271983099,  -37.695816060690454,  1000000000000.
 44.42934951824941,  40.593179991366725,  1000000000000.
 262.2944390761694,  -0.25008223401551311,  1000000000000.
 101.54925299517242,  84.677218579865496,  1000000000000.
 96.852018581777742,  51.970023300711183,  1000000000000.
 261.24318011036132,  -6.9838813347694764,  1000000000000.
 53.324753759476337,  -72.699306511827615,  1000000000000.
 278.80788079163096,  -12.683622344835168,  1000000000000.
 300.80571011939583,  48.112714023703681,  1000000000000.
 116.42333529469678,  -14.328444507582384,  1000000000000.
 155.05696399059426,  40.552914781171339,  1000000000000.
 64.58477815900406,  60.690419520951203,  1000000000000.
 97.453698210732384,  -1.0149047302340468,  1000000000000.
 124.07073459959909,  -2.8143795627334538,  1000000000000.
 331.21430475113743,  -10.323374134170349,  1000000000000.
 176.23906022796376,  44.975533391431817,  1000000000000.
 58.331982030724134,  26.932983154475671,  1000000000000.
 3.3062755727108595,  -20.411184326127412,  1000000000000.
 243.55133005887564,  33.023378558309517,  1000000000000.
 151.28944690214576,  -3.357138976666544,  1000000000000.
 330.63218801123821,  49.730970149556356,  1000000000000.
 121.35925609772335,  -45.117360521456348,  1000000000000.
 91.332739447177715,  0.38050397836254846,  1000000000000.
 277.50194210512257,  19.162982234719614,  1000000000000.
 163.62485660086065,  16.725408676577626,  1000000000000.
 219.59129577328801,  -1.9699262593994773,  1000000000000.
 219.28526058506242,  -4.6999293538513065,  1000000000000.
 49.114625102172795,  6.69349411166084,  1000000000000.
 136.40766314228591,  -22.951354557307461,  1000000000000.
 250.72265950795111,  -75.995196454492984,  1000000000000.
 275.56494182913946,  -52.490058578348055,  1000000000000.
 247.59620300604109,  13.545503470488361,  1000000000000.
 111.88561977494646,  38.223871793519606,  1000000000000.
 15.908424507639324,  12.807815721318041,  1000000000000.
 42.485894780815272,  -52.873328925719413,  1000000000000.
 154.43175922723111,  57.085920552203334,  1000000000000.
 171.37144707043876,  3.8116133438607398,  1000000000000.
 163.22219414967472,  16.759970385370643,  1000000000000.
 161.46963053307095,  36.807336345588418,  1000000000000.
 340.57543218409251,  -44.890358960302322,  1000000000000.
 189.57842356941009,  -6.2606615817463274,  1000000000000.
 251.97466234949971,  -8.2852177170099672,  1000000000000.
 187.09676885008204,  58.133458937702819,  1000000000000.
 11.539547940393419,  -29.183663780428823,  1000000000000.
 21.801560223069032,  -36.167814789146391,  1000000000000.
 16.901427255941854,  -35.215550796152321,  1000000000000.
 196.28784063630616,  -71.426470096949572,  1000000000000.
 84.609218694862605,  29.495892028587633,  1000000000000.
 205.22855377503311,  26.933511888169601,  1000000000000.
 289.50427943105569,  72.6456843217819,  1000000000000.
 111.05703916861995,  -7.2567241266372804,  1000000000000.
 231.96672413796654,  -17.353188903483964,  1000000000000.
 39.361412745856398,  35.608078660346287,  1000000000000.
 295.97574270567088,  65.627305379785852,  1000000000000.
 82.918572384143587,  43.456311165040347,  1000000000000.
 194.56960200351409,  -15.184753757631794,  1000000000000.
 57.718504361297462,  -71.750960557531357,  1000000000000.
 96.844821502317544,  27.498937089120641,  1000000000000.
 284.81321640321096,  -15.407970145155977,  1000000000000.
 331.67468212225174,  42.898956270605389,  1000000000000.
 347.32305188112548,  -65.867171409926513,  1000000000000.
 82.842316897706482,  12.417494425067114,  1000000000000.
 78.881538654250505,  -39.989013341272106,  1000000000000.
 77.811515351917166,  -19.429057488984096,  1000000000000.
 63.517025434729049,  -44.626644974161273,  1000000000000.
 308.77729514106693,  43.109415295917792,  1000000000000.
 107.78431488338573,  -77.975444417678204,  1000000000000.
 322.31236270714385,  51.184978347436754,  1000000000000.
 233.26382538557053,  29.794265812889222,  1000000000000.
 152.19447719438131,  -26.442803152356827,  1000000000000.
 195.35303027419113,  -33.471309489883296,  1000000000000.
 358.20902899823454,  12.574470098222809,  1000000000000.
 238.29985239034221,  8.227748353424376,  1000000000000.
 199.72494061690045,  -57.513916232205659,  1000000000000.
 264.3949431535309,  49.096997742110631,  1000000000000.
 106.21065858715995,  -64.353667525137183,  1000000000000.
 91.802884893549773,  38.369936326582284,  1000000000000.
 166.5491856978542,  38.186198436020241,  1000000000000.
 145.69909446620778,  23.993292408194939,  1000000000000.
 221.16377290688908,  34.847006044146788,  1000000000000.
 331.15612785307076,  9.7589229640995594,  1000000000000.
 51.364324965666356,  56.393591458116852,  1000000000000.
 215.0010746693271,  -26.207929195432083,  1000000000000.
 197.21510617132682,  8.5660599876794805,  1000000000000.
 146.27753321664923,  31.4523784870443,  1000000000000.
 249.27019469426421,  -4.2561730065956658,  1000000000000.
 0.36112552893871452,  7.1998089517191266,  1000000000000.
 338.42167267883042,  11.027393938402371,  1000000000000.
 102.41431579332937,  21.947158307101414,  1000000000000.
 352.9918704400568,  39.900455164831648,  1000000000000.
 338.5366202245051,  -7.2734699833397869,  1000000000000.
 269.7591414874567,  -14.145402787860764,  1000000000000.
 280.60023891037429,  -55.443012933674169,  1000000000000.
 105.87103548781408,  -35.768099405291906,  1000000000000.
 162.46226907027918,  -33.183541168674871,  1000000000000.
 310.6158737764938,  49.447054675695334,  1000000000000.
 121.93228137374399,  5.3915751028103251,  1000000000000.
 168.09103390941834,  -19.19044584814278,  1000000000000.
 321.59342140376918,  -4.088931031143944,  1000000000000.
 138.82054592721639,  6.2387199536451972,  1000000000000.
 349.15365302460066,  -55.346443581077146,  1000000000000.
 45.060633331725285,  44.901826633732931,  1000000000000.
 55.232093755915116,  -59.108258815318706,  1000000000000.
 181.06550812771263,  26.268605878435974,  1000000000000.
 179.75301456781384,  52.009920537074777,  1000000000000.
 17.116351821287253,  -32.869455021298961,  1000000000000.
 328.08524497109931,  -34.472432530260996,  1000000000000.
 53.190694339847255,  29.526043303873873,  1000000000000.
 329.29571802247443,  4.0366900766288039,  1000000000000.
 104.236568820689,  9.7441143344282111,  1000000000000.
 345.97425896362711,  4.7611405691466029,  1000000000000.
 158.22067424572987,  7.8157929921388209,  1000000000000.
 211.59126881838594,  -23.38890735976517,  1000000000000.
 280.53859369100928,  4.4213992487611993,  1000000000000.
 241.57950003737454,  15.594631032838439,  1000000000000.
 121.35792940581489,  -54.399727355483272,  1000000000000.
 321.1786185201222,  -16.161804996936286,  1000000000000.
 151.96243554628268,  -3.3293461839666159,  1000000000000.
 299.6704464352037,  15.222459108654167,  1000000000000.
 48.561709438723369,  -51.862921118665156,  1000000000000.
 321.80016588622408,  -70.201575592853175,  1000000000000.
 79.244850899263639,  -71.954402004576494,  1000000000000.
 106.00976409427075,  28.778438430845483,  1000000000000.
 259.92676200623595,  30.985632649943952,  1000000000000.
 336.31529872105818,  -11.523172395456317,  1000000000000.
 239.31740664259144,  -50.661049337352033,  1000000000000.
 101.83957425551752,  -23.72176071090546,  1000000000000.
 120.5204258070307,  -27.452029833854684,  1000000000000.
 49.725527135076277,  -22.093800455304216,  1000000000000.
 260.2337771876355,  -63.332417340855365,  1000000000000.
 307.89683251072842,  18.59211773778258,  1000000000000.
 283.72180592116445,  24.19132887015985,  1000000000000.
 250.10164290288475,  -15.981134188021338,  1000000000000.
 144.91676796928274,  -34.141143720307646,  1000000000000.
 282.90240325261141,  41.626073270559303,  1000000000000.
 5.0212172356613962,  -79.539994349343658,  1000000000000.
 45.653625223188101,  1.990885305829331,  1000000000000.
 255.05929028300491,  -6.0265624522317909,  1000000000000.
 21.295563719583242,  -26.117587406034513,  1000000000000.
 86.411938070779442,  78.045907003500005,  1000000000000.
 35.729935836980331,  -70.042293792042344,  1000000000000.
 59.618807674541898,  78.445233755455433,  1000000000000.
 76.568496087639119,  -17.295040777926364,  1000000000000.
 354.59324927845188,  -7.5215669521290094,  1000000000000.
 251.35080880289024,  -62.534776771546937,  1000000000000.
 307.79696473079832,  -4.9939875671111409,  1000000000000.
 153.50073404829945,  -68.692579091132799,  1000000000000.
 281.84546598102861,  27.354305646965955,  1000000000000.
 184.55425542213055,  -1.4295851961651165,  1000000000000.
 292.01816511385425,  55.370799926202324,  1000000000000.
 353.55368776707121,  39.918469134911469,  1000000000000.
 329.44224784185133,  27.96058601548221,  1000000000000.
 118.83271204937108,  -1.6644310226315866,  1000000000000.
 86.575162303298328,  -23.135075860821463,  1000000000000.
 333.89578249748644,  -38.680006742897973,  1000000000000.
 301.46918263759676,  3.1419704550578667,  1000000000000.
 206.32805975867078,  38.693727949117395,  1000000000000.
 356.69785073683926,  16.085364964811173,  1000000000000.
 253.75583882273173,  17.989458648811748,  1000000000000.
 299.836272709318,  55.527134097858465,  1000000000000.
 4.7833282463641069,  -55.926171038028059,  1000000000000.
 246.01603551222587,  56.184207992810414,  1000000000000.
 81.100132277109537,  -5.856142223666895,  1000000000000.
 135.26156750038587,  28.76438125656988,  1000000000000.
 97.569632389005918,  -49.643057261589142,  1000000000000.
 356.44485662151862,  -36.211101123700637,  1000000000000.
 110.32863759644867,  33.315165197368906,  1000000000000.
 113.75041726803262,  -4.5722434810020056,  1000000000000.
 186.29730331360761,  -11.428513052520913,  1000000000000.
 209.18782326251053,  -55.213357297226786,  1000000000000.
 173.31138251701125,  56.078109827265934,  1000000000000.
 246.50388987911103,  -10.29940941612063,  1000000000000.
 164.81557384457821,  6.3541556841429161,  1000000000000.
 114.97306454072393,  -19.913495645734631,  1000000000000.
 207.09855201269423,  3.3721585575903088,  1000000000000.
 7.6654994930296994,  56.392653969445057,  1000000000000.
 274.94512957443305,  -17.289400683921428,  1000000000000.
 73.3684665990544,  14.767679697555179,  1000000000000.
 36.933360582726863,  -7.2055266640119431,  1000000000000.
 10.810931143089732,  -11.956347226428898,  1000000000000.
 293.15518009639095,  -56.733175432318369,  1000000000000.
 227.28625909859869,  -1.0997099425367536,  1000000000000.
 171.73790500800516,  -0.51295901281580625,  1000000000000.
 210.7576754768474,  26.271693111046162,  1000000000000.
 203.40151038155855,  47.590636812168285,  1000000000000.
 98.573702938751296,  -71.400198436530005,  1000000000000.
 106.12947577341895,  -8.0573214850670585,  1000000000000.
 166.19296928515934,  -65.867803535036344,  1000000000000.
 282.29033887367723,  1.3805809176788217,  1000000000000.
 49.88323424787464,  -29.39336779087834,  1000000000000.
 3.6579516200447415E-2,  48.721528794585645,  1000000000000.
 110.31002211298798,  59.701544580351054,  1000000000000.
 235.92171957858878,  -25.072800757021472,  1000000000000.
 52.668272332975448,  63.197446272739221,  1000000000000.
 81.34374546942351,  76.466071233690883,  1000000000000.
 266.26666212309362,  -34.797178882246669,  1000000000000.
 167.70233638313712,  53.805979420788603,  1000000000000.
 277.23701953733314,  -1.5734310031597289,  1000000000000.
 8.0337336554468379,  -22.743899141104094,  1000000000000.
