 250
 113.36585095520394,  33.212024115849466,  1000000000000.
 155.12881219275141,  54.422703094932537,  1000000000000.
 186.74859599039092,  56.605322735497182,  1000000000000.
 268.84140088560241,  69.790825921675577,  1000000000000.
 103.09184619540893,  11.811625396158608,  1000000000000.
 350.39213304023292,  20.35524201631015,  1000000000000.
 112.72355552224609,  33.768225066450626,  1000000000000.
 341.96377267260118,  19.119869663859308,  1000000000000.
 243.79751738958149,  6.8216801999309959,  1000000000000.
 94.017022147461802,  13.53253437612139,  1000000000000.
 127.7485776745481,  16.72314656945985,  1000000000000.
 270.29180522495676,  47.352874282861031,  1000000000000.
 216.5032038778964,  84.156108384099426,  1000000000000.
 68.550863778226457,  67.584734736767288,  1000000000000.
 35.068503640134878,  37.10014406172759,  1000000000000.
 350.19108794097491,  52.793292634361315,  1000000000000.
 245.37969057297707,  61.271814225070173,  1000000000000.
 241.70773733949062,  52.95999865430727,  1000000000000.
 8.4012187472874871,  31.192586103775451,  1000000000000.
 188.25466081789398,  21.43939841063942,  1000000000000.
 232.67153155194438,  44.40958804496713,  1000000000000.
 300.13451676407084,  12.705031647177966,  1000000000000.
 270.88156848684724,  21.994443849392088,  1000000000000.
 48.342844878201618,  26.001692145128523,  1000000000000.
 39.164566482684222,  16.34252231501765,  1000000000000.
 324.46025403470532,  74.378456886316243,  1000000000000.
 139.36384252690581,  34.799764717246219,  1000000000000.
 210.22993960651974,  31.078916122300441,  1000000000000.
 6.7102654576987675,  4.3490642162960356,  1000000000000.
 102.53338699119885,  30.960690646089329,  1000000000000.
 354.21724667288618,  54.480465534582073,  1000000000000.
 36.375518515893987,  21.927620823963252,  1000000000000.
 177.94020849125062,  57.816629672667283,  1000000000000.
 35.81210354568492,  8.317400777589981,  1000000000000.
 68.18667790149378,  33.051032503333808,  1000000000000.
 250.58650334215963,  2.0380608120165835,  1000000000000.
 116.2861426571461,  36.116504901453254,  1000000000000.
 292.46924295060376,  60.119403350616757,  1000000000000.
 123.28383300351838,  11.56326227311486,  1000000000000.
 99.937814481155229,  14.174123569570913,  1000000000000.
 64.381618943555438,  32.037831847891553,  1000000000000.
 332.72048309046266,  7.2323567086445504,  1000000000000.
 243.45199698814511,  16.812937147966725,  1000000000000.
 36.177968378458303,  1.9654161669078041,  1000000000000.
 212.14283555044557,  55.67766988289047,  1000000000000.
 332.27362259747036,  21.797295639344611,  1000000000000.
 359.03038936274993,  34.912999920835162,  1000000000000.
 65.869943427953118,  66.120349980326637,  1000000000000.
 314.67363328067938,  46.454570230126713,  1000000000000.
 249.88945564580456,  58.941986949488786,  1000000000000.
 265.8145629554856,  1.2566687476009248,  1000000000000.
 207.76132707130839,  28.495533071007767,  1000000000000.
 168.31137534685382,  27.964146471883677,  1000000000000.
 21.738331796250861,  56.94589906959763,  1000000000000.
 329.29679904591035,  36.528462063421209,  1000000000000.
 66.711257203907905,  56.221917623943334,  1000000000000.
 280.11371450597221,  35.252109716909892,  1000000000000.
 58.173152640008794,  16.397092127533885,  1000000000000.
 46.039097212115394,  8.3760515210610897,  1000000000000.
 338.37565580215767,  6.8898105968134944,  1000000000000.
 81.751996697549174,  57.089160977266388,  1000000000000.
 237.65562532049401,  57.590286905959914,  1000000000000.
 50.979338216119714,  14.174461842545163,  1000000000000.
 138.60659219797705,  11.620898513423921,  1000000000000.
 350.89236838642591,  13.482098031278513,  1000000000000.
 93.583147450268768,  29.899801448461481,  1000000000000.
 136.42082382678046,  3.4442340896519954,  1000000000000.
 100.43781372091708,  9.2772587462887675,  1000000000000.
 39.569433226439941,  5.5765383330799958,  1000000000000.
 262.18591366559588,  27.808529927237679,  1000000000000.
 346.33317049754726,  11.382769074880262,  1000000000000.
 118.79383959692572,  67.526762650964173,  1000000000000.
 214.86055968747428,  58.810730175162526,  1000000000000.
 196.381066467712,  21.531124468955479,  1000000000000.
 168.97958029203861,  29.587599602146526,  1000000000000.
 140.28169953589224,  17.984998127807764,  1000000000000.
 101.43295514741294,  11.035125229365901,  1000000000000.
 272.84872796121948,  14.163856717617291,  1000000000000.
 71.181865811378614,  72.312023174643855,  1000000000000.
 169.07845235776352,  54.699249493525365,  1000000000000.
 2.735035826664955,  0.51531952910662104,  1000000000000.
 131.09600656980081,  17.331803972945242,  1000000000000.
 83.158156168143009,  41.656311089739951,  1000000000000.
 304.84632717587021,  80.53520576550541,  1000000000000.
 79.229654691297824,  3.330867783830473,  1000000000000.
 9.7256135766093337,  25.21715050388384,  1000000000000.
 323.24936147030735,  30.587879249449518,  1000000000000.
 249.76918693093529,  78.727099098507608,  1000000000000.
 28.57885556676834,  34.832708509386407,  1000000000000.
 4.7373895275128746,  73.036824510610003,  1000000000000.
 73.301488163006937,  4.695852362001216,  1000000000000.
 196.30492820107384,  30.983806125301079,  1000000000000.
 344.22631035413485,  10.555673608957362,  1000000000000.
 339.51455961478706,  48.894064086028472,  1000000000000.
 238.78475075549051,  40.582469590364283,  1000000000000.
 197.31511779674324,  39.755583957439491,  1000000000000.
 114.57258292503447,  44.610288008695591,  1000000000000.
 289.67101246209495,  10.752776142092815,  1000000000000.
 349.64907092746535,  19.911181448924566,  1000000000000.
 178.33097369858248,  76.380723381757704,  1000000000000.
 89.815492902074425,  35.559297361114304,  1000000000000.
 165.9212740551593,  32.521597067921505,  1000000000000.
 128.03516827133257,  0.63218393065470357,  1000000000000.
 349.47317779445348,  30.301345912856736,  1000000000000.
 61.22682854520022,  5.7433382401737259,  1000000000000.
 11.146717408507357,  13.092218245529608,  1000000000000.
 32.986516249208989,  54.731236260402206,  1000000000000.
 125.72066619431354,  58.804012073649794,  1000000000000.
 299.09863991412135,  4.4792311096585102,  1000000000000.
 93.290128464142327,  31.569410201747992,  1000000000000.
 184.90866205934867,  1.485538278035353,  1000000000000.
 246.98953815633766,  53.192438188513776,  1000000000000.
 126.50735467872181,  6.7831623611126792,  1000000000000.
 309.85862346333795,  35.905564744184602,  1000000000000.
 143.68433892579662,  19.488957572021011,  1000000000000.
 156.28748289846084,  4.8181360962904582,  1000000000000.
 167.74416875346165,  53.132803429634329,  1000000000000.
 88.470267582951564,  63.800119057469374,  1000000000000.
 85.317189690838987,  30.319155568251858,  1000000000000.
 130.69539525488955,  79.418276497130535,  1000000000000.
 107.51066077791812,  19.572546111622419,  1000000000000.
 44.808093972559135,  32.138319976353259,  1000000000000.
 110.51169059097847,  84.367930476203085,  1000000000000.
 167.7014395561205,  53.419729093019036,  1000000000000.
 60.617888756659909,  25.941759484579244,  1000000000000.
 202.42807898434296,  23.883518031128165,  1000000000000.
 171.07121492665249,  16.022005039336996,  1000000000000.
 68.305829639136434,  1.0781566983751993,  1000000000000.
 85.144642700124862,  10.395750435619851,  1000000000000.
 187.36780324763092,  21.687482702808442,  1000000000000.
 238.36010710329427,  28.928075260619639,  1000000000000.
 290.50054998143628,  51.828960594298636,  1000000000000.
 149.23999139579979,  33.733646972347863,  1000000000000.
 148.09155101884562,  8.5696353478058338,  1000000000000.
 138.28778554471376,  55.076685839975767,  1000000000000.
 7.1024733994903784,  30.368300994342896,  1000000000000.
 223.65289662460614,  28.62013636949257,  1000000000000.
 96.838565547125967,  62.893846086924562,  1000000000000.
 346.20293420317694,  77.519029582239639,  1000000000000.
 148.48067484875267,  1.6199010342803004,  1000000000000.
 271.11127427641816,  59.548385660593155,  1000000000000.
 35.493440493947872,  6.1753907773638863,  1000000000000.
 34.261529558461376,  35.928533699988144,  1000000000000.
 300.9893538995193,  9.3917490810953392,  1000000000000.
 293.47183054622076,  19.479542617993065,  1000000000000.
 274.10527575033132,  16.436953447681542,  1000000000000.
 76.060565948143463,  84.443351547555082,  1000000000000.
 192.49795808744045,  3.7031875701635113,  1000000000000.
 309.37944458805691,  27.896602519671752,  1000000000000.
 22.966844082838861,  38.420482132919958,  1000000000000.
 92.313585195271017,  79.055717261976952,  1000000000000.
 223.00184762567457,  81.705160587601256,  1000000000000.
 136.5920016777259,  23.959256993771014,  1000000000000.
 19.552093123295236,  20.689821830713985,  1000000000000.
 183.12754304179703,  2.5225300588091297,  1000000000000.
 111.83245466899348,  10.584709744346842,  1000000000000.
 64.586609607599314,  73.454746434136055,  1000000000000.
 48.002007160146348,  17.876389021314914,  1000000000000.
 105.264190638812,  31.298695614541021,  1000000000000.
 50.564545400379131,  36.506894076107763,  1000000000000.
 342.27680493664224,  61.186308603267157,  1000000000000.
 156.52807595876294,  57.378110856132281,  1000000000000.
 99.951404003705861,  55.428680663935317,  1000000000000.
 73.557953795498236,  19.241232318009544,  1000000000000.
 328.34250494880001,  43.112878461640129,  1000000000000.
 16.267928548309641,  53.514149625309201,  1000000000000.
 205.3953323951003,  19.945737381213089,  1000000000000.
 47.437283841401182,  32.310221632511521,  1000000000000.
 121.36715121540857,  63.092893144452262,  1000000000000.
 262.02422100420245,  20.150275771646434,  1000000000000.
 166.68503255017526,  1.5853086245996444,  1000000000000.
 356.69552190825874,  33.318042912925243,  1000000000000.
 251.16310640822309,  76.425207136334834,  1000000000000.
 229.74024008496463,  54.400105739035808,  1000000000000.
 64.444972207640902,  52.760207371813479,  1000000000000.
 180.55760422466855,  44.918461392818386,  1000000000000.
 279.03519165419959,  14.269336464657457,  1000000000000.
 83.506168008514749,  0.23847410787718926,  1000000000000.
 104.70465640359701,  37.800845607023305,  1000000000000.
 276.65976099566433,  8.5885187606164521,  1000000000000.
 201.55838027352064,  0.54117043043839352,  1000000000000.
 44.850922253931117,  7.2114959772234775,  1000000000000.
 217.96891284641845,  35.436621395859802,  1000000000000.
 341.08323076644513,  5.0064948154018199E-2,  1000000000000.
 239.85714753956776,  30.158459031843211,  1000000000000.
 190.07501188604405,  14.078177921187665,  1000000000000.
 143.82698958680743,  25.05178498704046,  1000000000000.
 273.60859294731756,  39.581367636866432,  1000000000000.
 5.4924033649709827,  5.4430203722944368,  1000000000000.
 204.93207727021482,  20.872790647830026,  1000000000000.
 144.26838167548487,  72.852994771613567,  1000000000000.
 220.54261629197194,  23.987539809478267,  1000000000000.
 115.49960611576616,  61.090324385397423,  1000000000000.
 225.6384448847831,  10.014272183627289,  1000000000000.
 198.09328379708367,  29.381359298829757,  1000000000000.
 267.46579303575595,  15.225932748854175,  1000000000000.
 132.13202905336874,  61.877008402225037,  1000000000000.
 329.79135801626649,  82.332267257459549,  1000000000000.
 270.09517798917443,  4.1226823214459243,  1000000000000.
 251.05335014806963,  48.053572677407971,  1000000000000.
 226.94106910925527,  3.478220535301233,  1000000000000.
 359.43127420970256,  48.642660971542782,  1000000000000.
 328.07338251583258,  68.532675279030698,  1000000000000.
 280.87411219954691,  64.809070556156414,  1000000000000.
 31.750451226191529,  44.603852035158972,  1000000000000.
 197.82554701021553,  24.689633977354003,  1000000000000.
 228.87129561985881,  54.782134196590356,  1000000000000.
 338.20837325727155,  29.924764599918639,  1000000000000.
 173.78779917599326,  2.2336667151392873,  1000000000000.
 155.5859129152112,  79.216517507501976,  1000000000000.
 178.51378631817181,  26.592888361257309,  1000000000000.
 100.57817265753036,  18.164699708780301,  1000000000000.
 20.480808030421429,  66.869865858540521,  1000000000000.
 312.5667102037379,  60.621972740735671,  1000000000000.
 206.16961841256045,  61.000148560303344,  1000000000000.
 178.02234861248766,  26.432187691231327,  1000000000000.
 100.80006787884381,  17.64216920857643,  1000000000000.
 88.530350044931922,  2.2738202731040809,  1000000000000.
 20.363445870119335,  48.994393684360965,  1000000000000.
 264.10558625964416,  8.668813686553456,  1000000000000.
 295.99498609964087,  66.333502087663248,  1000000000000.
 342.12682625365233,  7.6698799479874644,  1000000000000.
 311.84820229264835,  0.99013958446046302,  1000000000000.
 299.70801758465007,  11.044865512491645,  1000000000000.
 191.28486292456947,  38.79464543482829,  1000000000000.
 88.636724094969907,  27.196409455272008,  1000000000000.
 262.87495637243342,  39.56121251000971,  1000000000000.
 111.13005176431155,  44.331195365894025,  1000000000000.
 38.94971254614407,  38.393765593456614,  1000000000000.
 237.55870683086232,  14.320200374485639,  1000000000000.
 192.72242801417863,  28.913777984934438,  1000000000000.
 319.04055981252429,  15.217397790474662,  1000000000000.
 10.083095493777222,  25.428667698195927,  1000000000000.
 156.86637267109137,  38.495232899184167,  1000000000000.
 13.671625193032497,  17.630611576306773,  1000000000000.
 49.242802134261439,  77.429101276626426,  1000000000000.
 258.16509318958668,  30.412707003345194,  1000000000000.
 69.266336057329767,  47.916571190189394,  1000000000000.
 284.55699693020773,  11.132488840851439,  1000000000000.
 218.20109914070682,  43.907985664903286,  1000000000000.
 286.96266157966573,  6.107795384485625,  1000000000000.
 53.614316409328808,  0.1386303925456164,  1000000000000.
 103.60929484449569,  28.904688819082669,  1000000000000.
 187.15391745566612,  60.860202469198988,  1000000000000.
 329.01062041772036,  37.097476811286761,  1000000000000.
 257.23441653037122,  19.364646470785082,  1000000000000.
 125.92774634148739,  16.368013197134609,  1000000000000.
 43.7725777615033,  20.646692043658625,  1000000000000.
 140.62139051443626,  1.7694283600035592,  1000000000000.
 289.30063965620963,  3.8875127905874636,  1000000000000.
