 100
 95.121412741135401,  -19.167868769581684,  1000000000000.
 113.36585095520394,  33.212024115849466,  1000000000000.
 210.5259306674298,  -44.553442640170339,  1000000000000.
 353.29507031918479,  -39.214345153146041,  1000000000000.
 330.35935134090914,  -22.728316935086401,  1000000000000.
 357.29738343654452,  -51.941102361854746,  1000000000000.
 351.92400116662498,  -43.161380275759754,  1000000000000.
 290.10020394064315,  -46.941936696881626,  1000000000000.
 155.12881219275141,  54.422703094932537,  1000000000000.
 186.74859599039092,  56.605322735497182,  1000000000000.
 5.1144692524976278,  -36.610416362147568,  1000000000000.
 38.429589060592292,  -81.442541850379385,  1000000000000.
 62.337976027568644,  -10.019085481554328,  1000000000000.
 44.418781515426645,  -46.553173626642177,  1000000000000.
 268.84140088560241,  69.790825921675577,  1000000000000.
 213.62634796131621,  -23.132894326983322,  1000000000000.
 359.79778767453467,  -32.84896649792816,  1000000000000.
 187.80903561137617,  -17.514199216617861,  1000000000000.
 187.89366397995181,  -42.305377844848955,  1000000000000.
 103.09184619540893,  11.811625396158608,  1000000000000.
 350.39213304023292,  20.35524201631015,  1000000000000.
 112.72355552224609,  33.768225066450626,  1000000000000.
 102.88064085636535,  -25.142230473800989,  1000000000000.
 341.96377267260118,  19.119869663859308,  1000000000000.
 219.05521572813856,  -16.82501751433546,  1000000000000.
 350.22073304961856,  -14.097829815895327,  1000000000000.
 315.43863227413266,  -11.008779777204291,  1000000000000.
 128.84378446204249,  -13.628493730375665,  1000000000000.
 339.53822946238017,  -31.255991733706814,  1000000000000.
 243.79751738958149,  6.8216801999309959,  1000000000000.
 228.56860984596642,  -52.53744795381462,  1000000000000.
 94.017022147461802,  13.53253437612139,  1000000000000.
 127.7485776745481,  16.72314656945985,  1000000000000.
 86.691107228762164,  -69.446386330007584,  1000000000000.
 167.93606041166157,  -4.9619847125899961,  1000000000000.
 270.29180522495676,  47.352874282861031,  1000000000000.
 255.14174769634315,  -58.839833628964819,  1000000000000.
 216.5032038778964,  84.156108384099426,  1000000000000.
 68.550863778226457,  67.584734736767288,  1000000000000.
 247.18288579989286,  -4.6550473721707624,  1000000000000.
 35.068503640134878,  37.10014406172759,  1000000000000.
 350.19108794097491,  52.793292634361315,  1000000000000.
 245.37969057297707,  61.271814225070173,  1000000000000.
 241.70773733949062,  52.95999865430727,  1000000000000.
 84.199618459396461,  -14.899458782083331,  1000000000000.
 209.54339646863821,  -19.448311785351464,  1000000000000.
 109.06514241643961,  -0.64719319252264385,  1000000000000.
 8.4012187472874871,  31.192586103775451,  1000000000000.
 87.607457524041649,  -18.576183152205761,  1000000000000.
 188.25466081789398,  21.43939841063942,  1000000000000.
 271.37143369693473,  -42.741699539993931,  1000000000000.
 232.67153155194438,  44.40958804496713,  1000000000000.
 61.895746528991012,  -18.296674423745564,  1000000000000.
 60.796553843575154,  -0.31451425131515526,  1000000000000.
 300.13451676407084,  12.705031647177966,  1000000000000.
 217.02976588449664,  -0.12394845018276716,  1000000000000.
 270.88156848684724,  21.994443849392088,  1000000000000.
 48.342844878201618,  26.001692145128523,  1000000000000.
 39.164566482684222,  16.34252231501765,  1000000000000.
 324.46025403470532,  74.378456886316243,  1000000000000.
 66.702922187840215,  -15.074642304457001,  1000000000000.
 139.36384252690581,  34.799764717246219,  1000000000000.
 210.22993960651974,  31.078916122300441,  1000000000000.
 47.328728857944185,  -52.069849871629458,  1000000000000.
 59.730565777485594,  -71.537899005996337,  1000000000000.
 202.40157861935984,  -26.661612026236853,  1000000000000.
 6.7102654576987675,  4.3490642162960356,  1000000000000.
 49.849753648951349,  -63.425415520120076,  1000000000000.
 292.50339264614354,  -68.538008264071408,  1000000000000.
 90.484797410319317,  -7.7879232529688007,  1000000000000.
 102.53338699119885,  30.960690646089329,  1000000000000.
 194.95490742236007,  -66.136138650911406,  1000000000000.
 107.80799144183422,  -21.342625422343264,  1000000000000.
 354.21724667288618,  54.480465534582073,  1000000000000.
 158.46886901802844,  -12.318758208646219,  1000000000000.
 36.375518515893987,  21.927620823963252,  1000000000000.
 177.94020849125062,  57.816629672667283,  1000000000000.
 35.81210354568492,  8.317400777589981,  1000000000000.
 68.18667790149378,  33.051032503333808,  1000000000000.
 179.38651713704354,  -45.805921883248729,  1000000000000.
 250.58650334215963,  2.0380608120165835,  1000000000000.
 287.60317153976689,  -19.327037573491292,  1000000000000.
 116.2861426571461,  36.116504901453254,  1000000000000.
 297.95329486066237,  -7.0943484826651844,  1000000000000.
 98.852444587178553,  -0.58376865231514619,  1000000000000.
 4.3917733572407087,  -69.107583481926739,  1000000000000.
 292.46924295060376,  60.119403350616757,  1000000000000.
 296.31893840242981,  -33.9868266206838,  1000000000000.
 167.68826161255731,  -64.179796484177643,  1000000000000.
 123.28383300351838,  11.56326227311486,  1000000000000.
 99.937814481155229,  14.174123569570913,  1000000000000.
 64.381618943555438,  32.037831847891553,  1000000000000.
 332.72048309046266,  7.2323567086445504,  1000000000000.
 243.45199698814511,  16.812937147966725,  1000000000000.
 0.37099656069514708,  -30.917069273152691,  1000000000000.
 36.177968378458303,  1.9654161669078041,  1000000000000.
 37.149961560572564,  -54.470865285846799,  1000000000000.
 283.91865762146352,  -75.978639114519154,  1000000000000.
 212.14283555044557,  55.67766988289047,  1000000000000.
 332.27362259747036,  21.797295639344611,  1000000000000.
