 250
 95.121412741135401,  -19.167868769581684,  1000000000000.
 113.36585095520394,  33.212024115849466,  1000000000000.
 210.5259306674298,  -44.553442640170339,  1000000000000.
 353.29507031918479,  -39.214345153146041,  1000000000000.
 330.35935134090914,  -22.728316935086401,  1000000000000.
 357.29738343654452,  -51.941102361854746,  1000000000000.
 351.92400116662498,  -43.161380275759754,  1000000000000.
 290.10020394064315,  -46.941936696881626,  1000000000000.
 155.12881219275141,  54.422703094932537,  1000000000000.
 186.74859599039092,  56.605322735497182,  1000000000000.
 5.1144692524976278,  -36.610416362147568,  1000000000000.
 38.429589060592292,  -81.442541850379385,  1000000000000.
 62.337976027568644,  -10.019085481554328,  1000000000000.
 44.418781515426645,  -46.553173626642177,  1000000000000.
 268.84140088560241,  69.790825921675577,  1000000000000.
 213.62634796131621,  -23.132894326983322,  1000000000000.
 359.79778767453467,  -32.84896649792816,  1000000000000.
 187.80903561137617,  -17.514199216617861,  1000000000000.
 187.89366397995181,  -42.305377844848955,  1000000000000.
 103.09184619540893,  11.811625396158608,  1000000000000.
 350.39213304023292,  20.35524201631015,  1000000000000.
 112.72355552224609,  33.768225066450626,  1000000000000.
 102.88064085636535,  -25.142230473800989,  1000000000000.
 341.96377267260118,  19.119869663859308,  1000000000000.
 219.05521572813856,  -16.82501751433546,  1000000000000.
 350.22073304961856,  -14.097829815895327,  1000000000000.
 315.43863227413266,  -11.008779777204291,  1000000000000.
 128.84378446204249,  -13.628493730375665,  1000000000000.
 339.53822946238017,  -31.255991733706814,  1000000000000.
 243.79751738958149,  6.8216801999309959,  1000000000000.
 228.56860984596642,  -52.53744795381462,  1000000000000.
 94.017022147461802,  13.53253437612139,  1000000000000.
 127.7485776745481,  16.72314656945985,  1000000000000.
 86.691107228762164,  -69.446386330007584,  1000000000000.
 167.93606041166157,  -4.9619847125899961,  1000000000000.
 270.29180522495676,  47.352874282861031,  1000000000000.
 255.14174769634315,  -58.839833628964819,  1000000000000.
 216.5032038778964,  84.156108384099426,  1000000000000.
 68.550863778226457,  67.584734736767288,  1000000000000.
 247.18288579989286,  -4.6550473721707624,  1000000000000.
 35.068503640134878,  37.10014406172759,  1000000000000.
 350.19108794097491,  52.793292634361315,  1000000000000.
 245.37969057297707,  61.271814225070173,  1000000000000.
 241.70773733949062,  52.95999865430727,  1000000000000.
 84.199618459396461,  -14.899458782083331,  1000000000000.
 209.54339646863821,  -19.448311785351464,  1000000000000.
 109.06514241643961,  -0.64719319252264385,  1000000000000.
 8.4012187472874871,  31.192586103775451,  1000000000000.
 87.607457524041649,  -18.576183152205761,  1000000000000.
 188.25466081789398,  21.43939841063942,  1000000000000.
 271.37143369693473,  -42.741699539993931,  1000000000000.
 232.67153155194438,  44.40958804496713,  1000000000000.
 61.895746528991012,  -18.296674423745564,  1000000000000.
 60.796553843575154,  -0.31451425131515526,  1000000000000.
 300.13451676407084,  12.705031647177966,  1000000000000.
 217.02976588449664,  -0.12394845018276716,  1000000000000.
 270.88156848684724,  21.994443849392088,  1000000000000.
 48.342844878201618,  26.001692145128523,  1000000000000.
 39.164566482684222,  16.34252231501765,  1000000000000.
 324.46025403470532,  74.378456886316243,  1000000000000.
 66.702922187840215,  -15.074642304457001,  1000000000000.
 139.36384252690581,  34.799764717246219,  1000000000000.
 210.22993960651974,  31.078916122300441,  1000000000000.
 47.328728857944185,  -52.069849871629458,  1000000000000.
 59.730565777485594,  -71.537899005996337,  1000000000000.
 202.40157861935984,  -26.661612026236853,  1000000000000.
 6.7102654576987675,  4.3490642162960356,  1000000000000.
 49.849753648951349,  -63.425415520120076,  1000000000000.
 292.50339264614354,  -68.538008264071408,  1000000000000.
 90.484797410319317,  -7.7879232529688007,  1000000000000.
 102.53338699119885,  30.960690646089329,  1000000000000.
 194.95490742236007,  -66.136138650911406,  1000000000000.
 107.80799144183422,  -21.342625422343264,  1000000000000.
 354.21724667288618,  54.480465534582073,  1000000000000.
 158.46886901802844,  -12.318758208646219,  1000000000000.
 36.375518515893987,  21.927620823963252,  1000000000000.
 177.94020849125062,  57.816629672667283,  1000000000000.
 35.81210354568492,  8.317400777589981,  1000000000000.
 68.18667790149378,  33.051032503333808,  1000000000000.
 179.38651713704354,  -45.805921883248729,  1000000000000.
 250.58650334215963,  2.0380608120165835,  1000000000000.
 287.60317153976689,  -19.327037573491292,  1000000000000.
 116.2861426571461,  36.116504901453254,  1000000000000.
 297.95329486066237,  -7.0943484826651844,  1000000000000.
 98.852444587178553,  -0.58376865231514619,  1000000000000.
 4.3917733572407087,  -69.107583481926739,  1000000000000.
 292.46924295060376,  60.119403350616757,  1000000000000.
 296.31893840242981,  -33.9868266206838,  1000000000000.
 167.68826161255731,  -64.179796484177643,  1000000000000.
 123.28383300351838,  11.56326227311486,  1000000000000.
 99.937814481155229,  14.174123569570913,  1000000000000.
 64.381618943555438,  32.037831847891553,  1000000000000.
 332.72048309046266,  7.2323567086445504,  1000000000000.
 243.45199698814511,  16.812937147966725,  1000000000000.
 0.37099656069514708,  -30.917069273152691,  1000000000000.
 36.177968378458303,  1.9654161669078041,  1000000000000.
 37.149961560572564,  -54.470865285846799,  1000000000000.
 283.91865762146352,  -75.978639114519154,  1000000000000.
 212.14283555044557,  55.67766988289047,  1000000000000.
 332.27362259747036,  21.797295639344611,  1000000000000.
 141.45250977918039,  -10.736897526713586,  1000000000000.
 359.03038936274993,  34.912999920835162,  1000000000000.
 19.804639643139666,  -35.375087037799915,  1000000000000.
 279.94905680332636,  -34.115276260773669,  1000000000000.
 65.869943427953118,  66.120349980326637,  1000000000000.
 314.67363328067938,  46.454570230126713,  1000000000000.
 249.88945564580456,  58.941986949488786,  1000000000000.
 265.8145629554856,  1.2566687476009248,  1000000000000.
 207.76132707130839,  28.495533071007767,  1000000000000.
 125.39428049919442,  -1.9609318653774253,  1000000000000.
 14.731666931735646,  -43.816874957679516,  1000000000000.
 168.31137534685382,  27.964146471883677,  1000000000000.
 21.738331796250861,  56.94589906959763,  1000000000000.
 329.29679904591035,  36.528462063421209,  1000000000000.
 66.711257203907905,  56.221917623943334,  1000000000000.
 126.46173771619635,  -16.136781737148404,  1000000000000.
 280.11371450597221,  35.252109716909892,  1000000000000.
 58.173152640008794,  16.397092127533885,  1000000000000.
 46.039097212115394,  8.3760515210610897,  1000000000000.
 338.37565580215767,  6.8898105968134944,  1000000000000.
 81.751996697549174,  57.089160977266388,  1000000000000.
 237.65562532049401,  57.590286905959914,  1000000000000.
 50.979338216119714,  14.174461842545163,  1000000000000.
 138.60659219797705,  11.620898513423921,  1000000000000.
 350.89236838642591,  13.482098031278513,  1000000000000.
 273.9732474723553,  -22.175409132475835,  1000000000000.
 167.55819351504908,  -12.603914604332854,  1000000000000.
 240.14234829905942,  -72.899035819335609,  1000000000000.
 93.583147450268768,  29.899801448461481,  1000000000000.
 213.25890812793804,  -72.359951207482965,  1000000000000.
 136.42082382678046,  3.4442340896519954,  1000000000000.
 100.43781372091708,  9.2772587462887675,  1000000000000.
 39.569433226439941,  5.5765383330799958,  1000000000000.
 262.18591366559588,  27.808529927237679,  1000000000000.
 346.33317049754726,  11.382769074880262,  1000000000000.
 259.61804973226253,  -9.5165381526927622,  1000000000000.
 321.20182351308631,  -40.527782956824389,  1000000000000.
 118.79383959692572,  67.526762650964173,  1000000000000.
 214.86055968747428,  58.810730175162526,  1000000000000.
 43.554858863964313,  -62.319650784978535,  1000000000000.
 196.381066467712,  21.531124468955479,  1000000000000.
 168.97958029203861,  29.587599602146526,  1000000000000.
 140.28169953589224,  17.984998127807764,  1000000000000.
 105.78415633976267,  -3.3123723590823522,  1000000000000.
 37.281623009465875,  -56.946396246706207,  1000000000000.
 210.38225994287041,  -26.922141398342269,  1000000000000.
 113.0210929399872,  -68.312128913953586,  1000000000000.
 90.308489738464033,  -36.69530070369813,  1000000000000.
 213.69134445166435,  -10.615998683564989,  1000000000000.
 92.733398928497479,  -1.9654544618836782,  1000000000000.
 240.91473392513564,  -10.430115554230889,  1000000000000.
 101.43295514741294,  11.035125229365901,  1000000000000.
 272.84872796121948,  14.163856717617291,  1000000000000.
 71.181865811378614,  72.312023174643855,  1000000000000.
 54.794781532509461,  -20.781791042122382,  1000000000000.
 169.07845235776352,  54.699249493525365,  1000000000000.
 282.33230915802056,  -15.564697258871622,  1000000000000.
 2.735035826664955,  0.51531952910662104,  1000000000000.
 333.51315759918441,  -67.264966513389709,  1000000000000.
 131.09600656980081,  17.331803972945242,  1000000000000.
 347.56985868400636,  -22.524769809043846,  1000000000000.
 140.34917898150408,  -43.428782927592245,  1000000000000.
 83.158156168143009,  41.656311089739951,  1000000000000.
 304.84632717587021,  80.53520576550541,  1000000000000.
 264.67505542150218,  -67.784627000883631,  1000000000000.
 79.229654691297824,  3.330867783830473,  1000000000000.
 21.881337913403343,  -33.391838662724886,  1000000000000.
 199.50732070731846,  -9.8025264018893896,  1000000000000.
 9.7256135766093337,  25.21715050388384,  1000000000000.
 323.24936147030735,  30.587879249449518,  1000000000000.
 249.76918693093529,  78.727099098507608,  1000000000000.
 28.57885556676834,  34.832708509386407,  1000000000000.
 4.7373895275128746,  73.036824510610003,  1000000000000.
 73.301488163006937,  4.695852362001216,  1000000000000.
 196.30492820107384,  30.983806125301079,  1000000000000.
 344.22631035413485,  10.555673608957362,  1000000000000.
 339.51455961478706,  48.894064086028472,  1000000000000.
 238.78475075549051,  40.582469590364283,  1000000000000.
 197.31511779674324,  39.755583957439491,  1000000000000.
 20.645648087157952,  -6.3043448182903381,  1000000000000.
 114.57258292503447,  44.610288008695591,  1000000000000.
 289.67101246209495,  10.752776142092815,  1000000000000.
 167.76513209624704,  -79.527152801303075,  1000000000000.
 273.3716961787573,  -48.12772303557292,  1000000000000.
 349.64907092746535,  19.911181448924566,  1000000000000.
 178.33097369858248,  76.380723381757704,  1000000000000.
 89.815492902074425,  35.559297361114304,  1000000000000.
 219.26180172005294,  -20.202431352717678,  1000000000000.
 165.9212740551593,  32.521597067921505,  1000000000000.
 128.03516827133257,  0.63218393065470357,  1000000000000.
 201.92893927129708,  -16.592429595038485,  1000000000000.
 349.47317779445348,  30.301345912856736,  1000000000000.
 61.22682854520022,  5.7433382401737259,  1000000000000.
 11.146717408507357,  13.092218245529608,  1000000000000.
 32.986516249208989,  54.731236260402206,  1000000000000.
 273.95224460152343,  -3.1371218345422176,  1000000000000.
 125.72066619431354,  58.804012073649794,  1000000000000.
 299.09863991412135,  4.4792311096585102,  1000000000000.
 93.290128464142327,  31.569410201747992,  1000000000000.
 184.90866205934867,  1.485538278035353,  1000000000000.
 174.25458942397273,  -11.776293659512904,  1000000000000.
 246.98953815633766,  53.192438188513776,  1000000000000.
 126.50735467872181,  6.7831623611126792,  1000000000000.
 309.85862346333795,  35.905564744184602,  1000000000000.
 143.68433892579662,  19.488957572021011,  1000000000000.
 354.71642862275303,  -15.554949555124129,  1000000000000.
 60.465046573021624,  -39.188344083161844,  1000000000000.
 156.28748289846084,  4.8181360962904582,  1000000000000.
 167.74416875346165,  53.132803429634329,  1000000000000.
 88.470267582951564,  63.800119057469374,  1000000000000.
 85.317189690838987,  30.319155568251858,  1000000000000.
 130.69539525488955,  79.418276497130535,  1000000000000.
 107.51066077791812,  19.572546111622419,  1000000000000.
 44.808093972559135,  32.138319976353259,  1000000000000.
 346.74559927751591,  -42.281323332286398,  1000000000000.
 192.41880771959501,  -15.672825541516357,  1000000000000.
 110.51169059097847,  84.367930476203085,  1000000000000.
 167.7014395561205,  53.419729093019036,  1000000000000.
 60.617888756659909,  25.941759484579244,  1000000000000.
 202.42807898434296,  23.883518031128165,  1000000000000.
 178.24621340286058,  -21.592577975269162,  1000000000000.
 341.3057179117103,  -46.089639083901339,  1000000000000.
 171.07121492665249,  16.022005039336996,  1000000000000.
 72.539571811911046,  -39.600176714354021,  1000000000000.
 68.305829639136434,  1.0781566983751993,  1000000000000.
 207.69580589232442,  -25.085504835868086,  1000000000000.
 166.16164664211215,  -9.1321503983663046,  1000000000000.
 85.144642700124862,  10.395750435619851,  1000000000000.
 187.36780324763092,  21.687482702808442,  1000000000000.
 238.36010710329427,  28.928075260619639,  1000000000000.
 290.50054998143628,  51.828960594298636,  1000000000000.
 129.25728568468841,  -29.830859273494816,  1000000000000.
 161.05199918061638,  -35.43563030284075,  1000000000000.
 160.91549991345127,  -32.5940076947414,  1000000000000.
 149.23999139579979,  33.733646972347863,  1000000000000.
 340.03252494575361,  -0.36635832890280562,  1000000000000.
 150.66816566763777,  -30.924154701383536,  1000000000000.
 148.09155101884562,  8.5696353478058338,  1000000000000.
 138.28778554471376,  55.076685839975767,  1000000000000.
 26.658261955323439,  -22.127144070119254,  1000000000000.
 7.1024733994903784,  30.368300994342896,  1000000000000.
 83.839696292747604,  -59.988435948352539,  1000000000000.
 223.65289662460614,  28.62013636949257,  1000000000000.
 96.838565547125967,  62.893846086924562,  1000000000000.
 68.45374335302229,  -67.49173613096653,  1000000000000.
 346.20293420317694,  77.519029582239639,  1000000000000.
 148.48067484875267,  1.6199010342803004,  1000000000000.
 148.60968352104504,  -21.907310312183252,  1000000000000.
 271.11127427641816,  59.548385660593155,  1000000000000.
 208.6561546410592,  -23.535986997877941,  1000000000000.
