 input the number of observations
 20
 0.18629807732689174,  4.
 0.12880610724809649,  4.
 0.39481324894437753,  4.
 6.7192581501982776E-2,  4.
 0.67889194969477762,  4.
 0.24177714647292917,  4.
 0.18615393717412571,  4.
 0.88755585216651023,  4.
 0.72544285761715011,  4.
 0.93802491184436432,  4.
 0.5815110869843314,  4.
 0.26820366108129423,  4.
 0.49041029814838255,  4.
 0.93121288972203065,  4.
 0.95991539312467478,  4.
 0.31169803968590298,  4.
 0.16611424553678855,  4.
 0.520301294544117,  4.
 0.6587589089805066,  4.
 0.23226428352104372,  4.
