 400
 0.18629807732689174,  4.
 0.12880610724809649,  4.
 0.39481324894437753,  4.
 6.7192581501982776E-2,  4.
 0.67889194969477762,  4.
 0.24177714647292917,  4.
 0.18615393717412571,  4.
 0.88755585216651023,  4.
 0.72544285761715011,  4.
 0.93802491184436432,  4.
 0.5815110869843314,  4.
 0.26820366108129423,  4.
 0.49041029814838255,  4.
 0.93121288972203065,  4.
 0.95991539312467478,  4.
 0.31169803968590298,  4.
 0.16611424553678855,  4.
 0.520301294544117,  4.
 0.6587589089805066,  4.
 0.23226428352104372,  4.
 0.39246935329712612,  4.
 0.66779872107413629,  4.
 0.26615037123294133,  4.
 0.80802769804249741,  4.
 0.21830766227506954,  4.
 0.25534647839693708,  4.
 0.74512711105278162,  4.
 0.75988774661773029,  4.
 2.1981954244134367E-3,  4.
 0.82246199815438115,  4.
 0.56990324696139427,  4.
 0.37207346780521428,  4.
 0.48270426956124857,  4.
 0.7854376643474722,  4.
 0.87410020458216098,  4.
 0.16506195994614542,  4.
 0.99199774296685272,  4.
 0.92167032701976181,  4.
 4.6754746110363718E-2,  4.
 0.13795229558046515,  4.
 0.37759691737963713,  4.
 0.74605730878536092,  4.
 0.61368704042096756,  4.
 0.81168384481295075,  4.
 0.20333210540887822,  4.
 0.2147920336857638,  4.
 0.50641987417698908,  4.
 0.9170763104078884,  4.
 0.3080889324974676,  4.
 0.94056177141798281,  4.
 0.84188752510087128,  4.
 0.46712560556781585,  4.
 0.95941481130146966,  4.
 0.93071694894036461,  4.
 0.43028087112303098,  4.
 0.48125438436650469,  4.
 0.19946660430046409,  4.
 0.81238452765319535,  4.
 0.66300195546163965,  4.
 0.27209436605034498,  4.
 0.74507081092965799,  4.
 0.53722366529322441,  4.
 0.18053514274249594,  4.
 6.33582406153215122E-2,  4.
 0.11473162787340552,  4.
 0.40195261685207606,  4.
 0.56495960410493395,  4.
 0.93174233450668564,  4.
 5.05665819865122323E-2,  4.
 0.79334982590884706,  4.
 0.42141285431709213,  4.
 0.86114095610120611,  4.
 0.45679924973660019,  4.
 0.98061622889078393,  4.
 0.36244043234017748,  4.
 0.51931011502162538,  4.
 0.95687273997556399,  4.
 0.12406047277972607,  4.
 0.83263940752585575,  4.
 0.94012628783188312,  4.
 0.73639955415407377,  4.
 0.67772594145601284,  4.
 0.90277091483346039,  4.
 7.58316483801490665E-2,  4.
 0.89648439795912938,  4.
 7.63316402089611323E-2,  4.
 0.60643748263485697,  4.
 0.89637105593320521,  4.
 0.89734135246540558,  4.
 0.16930573439010393,  4.
 0.40209505599564715,  4.
 0.57548616529683949,  4.
 0.19290225769675071,  4.
 0.62738785489156312,  4.
 0.12883483983371602,  4.
 0.57848046868738057,  4.
 0.87408861946053051,  4.
 0.4498281501997422,  4.
 0.91135788725229372,  4.
 0.95644109513217279,  4.
 1.20001711759834279E-2,  4.
 0.26276862050963701,  4.
 0.59332076120772781,  4.
 0.26216839938263481,  4.
 0.86763648441545804,  4.
 0.49716646654625868,  4.
 0.88089418172567902,  4.
 0.50438071855166966,  4.
 0.11110081302701599,  4.
 0.44016594778886259,  4.
 0.83192900323771812,  4.
 0.66404184709481784,  4.
 0.53203555503673949,  4.
 0.96214312214591469,  4.
 7.09293352819952323E-3,  4.
 0.19574910807703166,  4.
 0.4204782753331146,  4.
 0.78308816540216619,  4.
 0.94007154390431868,  4.
 0.38079175846776225,  4.
 0.94567795522365261,  4.
 0.62797951702514454,  4.
 0.2254114478165726,  4.
 0.49794319112780161,  4.
 0.52353296190064458,  4.
 0.64738023795120625,  4.
 0.69385837343917567,  4.
 0.61473168016173174,  4.
 0.29120401724944889,  4.
 0.11364531649858545,  4.
 0.39414479998773666,  4.
 0.98466322095775538,  4.
 0.31486824413542763,  4.
 0.17698324950726932,  4.
 0.50166721851266938,  4.
 0.82828197689809413,  4.
 0.29069321068664883,  4.
 2.33711505668234218E-2,  4.
 0.23852007291003538,  4.
 0.91925417685214306,  4.
 0.62126807028645137,  4.
 0.27906120985040234,  4.
 0.69732653117605026,  4.
 0.25269121294338576,  4.
 0.65624473915624648,  4.
 0.41969274166613868,  4.
 0.65308329487721473,  4.
 0.21254326107006433,  4.
 0.79295821896345597,  4.
 0.83127753060908072,  4.
 0.18489844118545967,  4.
 0.51665838044722956,  4.
 0.45021041676682289,  4.
 0.12910263884413148,  4.
 0.46268350304796019,  4.
 0.9622863412906737,  4.
 0.94785928151168086,  4.
 0.67658202497244091,  4.
 0.41164878842613084,  4.
 0.17771059127610281,  4.
 0.94679307392694734,  4.
 4.9963510482964428E-2,  4.
 1.83597249014390458E-3,  4.
 0.77927052875257907,  4.
 0.72863487103506031,  4.
 0.41688773252308098,  4.
 0.8158219460271301,  4.
 0.31484125486874326,  4.
 0.30254596206287981,  4.
 0.45654997564605687,  4.
 0.98456850458664924,  4.
 0.51327170886270779,  4.
 0.47253211359841851,  4.
 0.60249088502066095,  4.
 0.52125203941032294,  4.
 0.81916426817901911,  4.
 0.34508055365347023,  4.
 0.47819986098441913,  4.
 0.51022388547858388,  4.
 0.58582537779408139,  4.
 0.27113130440971694,  4.
 0.60753253465500801,  4.
 0.19609248695181652,  4.
 0.40683096996837964,  4.
 0.65708989290528319,  4.
 0.73833618090541608,  4.
 0.90581133042188944,  4.
 0.25402721049135057,  4.
 0.49749583358517069,  4.
 0.32423238838216345,  4.
 0.534985659149954,  4.
 4.43291855625389877E-2,  4.
 0.75920036833335913,  4.
 0.88683367837960103,  4.
 0.47557304841479808,  4.
 0.67072701755861119,  4.
 0.30067022743305311,  4.
 0.90355985545777873,  4.
 0.45227700019100264,  4.
 0.3521782346958392,  4.
 0.78525457648665742,  4.
 0.83561405734036132,  4.
 0.95916211821628683,  4.
 3.44067657159298282E-2,  4.
 0.92334153705626931,  4.
 0.28345984518949979,  4.
 0.29035630358200104,  4.
 0.13309091923177277,  4.
 0.1149799510621059,  4.
 0.35872771011647187,  4.
 0.24941778691961905,  4.
 0.46213076387917823,  4.
 0.41158546146928526,  4.
 0.40623707324345215,  4.
 0.46633610707979928,  4.
 0.51153387436943842,  4.
 0.81169016868732002,  4.
 0.85428241972924912,  4.
 0.15987721057026491,  4.
 5.91145794421836859E-2,  4.
 0.59229164235175746,  4.
 0.12523817255966704,  4.
 0.12900649648614704,  4.
 0.89242188142323919,  4.
 0.54927713671943057,  4.
 5.86768221838559409E-2,  4.
 4.40816779239315976E-2,  4.
 0.14906937202087139,  4.
 0.64293063701921604,  4.
 0.19107138405726523,  4.
 0.51579010800075453,  4.
 0.22907042739692449,  4.
 0.45835874450609898,  4.
 0.98845397308840266,  4.
 0.94912361832813419,  4.
 0.48343073975598616,  4.
 3.11162901804121483E-2,  4.
 0.80528464784244203,  4.
 0.53821391972757204,  4.
 0.6786445813631129,  4.
 0.74362964268467535,  4.
 5.89738010448479441E-2,  4.
 0.64294131787968012,  4.
 0.74026649126414568,  4.
 0.23175970857144704,  4.
 0.51320015257077256,  4.
 0.24866864961410257,  4.
 0.92382176510572611,  4.
 0.10329723025659249,  4.
 0.951778172272298,  4.
 9.30437946063829464E-3,  4.
 0.59296660947639146,  4.
 0.9238329206085607,  4.
 0.21849245396008485,  4.
 0.6278953545693855,  4.
 0.12137185058529858,  4.
 0.30955090136646868,  4.
 0.19625436184616063,  4.
 0.48944768698680574,  4.
 0.47514168690906883,  4.
 0.12568970078446243,  4.
 0.44361376820112175,  4.
 0.77117527875335568,  4.
 3.34908445459213069E-2,  4.
 0.49138755793902628,  4.
 0.48075755176570606,  4.
 0.81060809721538418,  4.
 0.85438391037377837,  4.
 5.88560806473464593E-2,  4.
 0.29832960717044349,  4.
 4.35562530586058733E-2,  4.
 0.40014484599761307,  4.
 0.71537855558181551,  4.
 0.36099617979794374,  4.
 0.33749940875252005,  4.
 0.87906788175130934,  4.
 0.85903187984724128,  4.
 0.68194617491349474,  4.
 0.93508012761514825,  4.
 0.57702961037920431,  4.
 0.71619074344786593,  4.
 0.29898117068732116,  4.
 0.98373047247656087,  4.
 0.76707780522887603,  4.
 0.31606529691110108,  4.
 0.82430351383549028,  4.
 0.80283394973959399,  4.
 1.31685499343568244E-2,  4.
 0.72944520906977017,  4.
 0.91645691786860539,  4.
 0.50953173544932151,  4.
 0.9136334753306451,  4.
 0.67070332511605346,  4.
 0.21979089941374733,  4.
 0.87718600612223607,  4.
 0.95629896821713156,  4.
 0.27988987152533923,  4.
 0.11723397427440813,  4.
 0.80561017652535494,  4.
 0.62014068915845233,  4.
 0.48630962906947828,  4.
 0.24352905902732155,  4.
 8.67395551988460051E-2,  4.
 9.71733926835555567E-2,  4.
 0.74545430567484794,  4.
 0.52049638018916711,  4.
 0.8287046212881608,  4.
 0.36260280550277652,  4.
 0.42230665737509593,  4.
 0.23797305868827737,  4.
 0.48479520858855957,  4.
 0.50237065802192937,  4.
 0.13262525162102629,  4.
 0.71172602936799811,  4.
 0.43316594164246741,  4.
 0.96448980788344607,  4.
 0.34916830106600671,  4.
 0.66253578605365282,  4.
 0.21641060419505287,  4.
 0.50831052922715347,  4.
 0.65330729198533166,  4.
 0.4816380768116838,  4.
 0.4678427763731613,  4.
 0.8154600231352237,  4.
 0.96119146131862543,  4.
 0.11193048409815357,  4.
 0.7389363730652756,  4.
 0.18853676243314341,  4.
 0.59299329006767176,  4.
 0.8712207476681656,  4.
 2.44162782441394582E-2,  4.
 0.8468582268653243,  4.
 0.47433758832571715,  4.
 0.79679738223483865,  4.
 0.90214356237833171,  4.
 5.61172081824398497E-2,  4.
 0.12224149946162965,  4.
 0.91988564171625997,  4.
 0.29030012575430097,  4.
 0.36286285697808868,  4.
 6.59867211022448219E-2,  4.
 0.67132975548453544,  4.
 0.82119276299666566,  4.
 0.87984649113341207,  4.
 0.95821890523337705,  4.
 3.36263667789165541E-2,  4.
 0.54700775849309202,  4.
 0.62041508148644597,  4.
 0.65781492042450074,  4.
 7.80643425144505743E-2,  4.
 0.36368232685253621,  4.
 0.49596757718298906,  4.
 0.2730014633398411,  4.
 0.42321970221119332,  4.
 0.74669062914446205,  4.
 0.40202415201046598,  4.
 1.10193690609972379E-2,  4.
 0.91326559499241633,  4.
 0.46030537206482475,  4.
 0.4679937886166442,  4.
 0.42549959356032824,  4.
 0.74365011531222003,  4.
 0.89107233757578674,  4.
 0.44609744470021317,  4.
 0.75610193994285446,  4.
 0.31342833873544301,  4.
 8.91958870845516033E-2,  4.
 0.1300531751873967,  4.
 0.73187967684568522,  4.
 0.59236095412077705,  4.
 3.64469481172544768E-2,  4.
 0.76498047081328013,  4.
 9.12098289419266683E-2,  4.
 0.20286472656972013,  4.
 0.24130628435203877,  4.
 0.2506332189718834,  4.
 0.66525753565021584,  4.
 0.65539964457071442,  4.
 0.87647871508741393,  4.
 0.42930255482679125,  4.
 0.93994903947667008,  4.
 0.26514447866393881,  4.
 0.82508534391448096,  4.
 0.14281626845409215,  4.
 0.98182606050395049,  4.
 0.84929535340529216,  4.
 4.44379788520196245E-2,  4.
 0.72889845376933315,  4.
 0.16046121624875956,  4.
 0.61083796334878337,  4.
 0.50276975319975636,  4.
 0.95570548754613915,  4.
 1.25244128065020183E-2,  4.
 0.67735146557861847,  4.
 0.87393727021601353,  4.
 0.69840555242017899,  4.
 5.37146800277226999E-2,  4.
 0.27658529509266566,  4.
 0.8697175156706286,  4.
 0.10388809317050877,  4.
