 40
 0.18629807732689174,  64.
 0.12880610724809649,  64.
 0.39481324894437753,  64.
 6.7192581501982776E-2,  64.
 0.67889194969477762,  64.
 0.24177714647292917,  64.
 0.18615393717412571,  64.
 0.88755585216651023,  64.
 0.72544285761715011,  64.
 0.93802491184436432,  64.
 0.5815110869843314,  64.
 0.26820366108129423,  64.
 0.49041029814838255,  64.
 0.93121288972203065,  64.
 0.95991539312467478,  64.
 0.31169803968590298,  64.
 0.16611424553678855,  64.
 0.520301294544117,  64.
 0.6587589089805066,  64.
 0.23226428352104372,  64.
 0.39246935329712612,  64.
 0.66779872107413629,  64.
 0.26615037123294133,  64.
 0.80802769804249741,  64.
 0.21830766227506954,  64.
 0.25534647839693708,  64.
 0.74512711105278162,  64.
 0.75988774661773029,  64.
 2.1981954244134367E-3,  64.
 0.82246199815438115,  64.
 0.56990324696139427,  64.
 0.37207346780521428,  64.
 0.48270426956124857,  64.
 0.7854376643474722,  64.
 0.87410020458216098,  64.
 0.16506195994614542,  64.
 0.99199774296685272,  64.
 0.92167032701976181,  64.
 4.6754746110363718E-2,  64.
 0.13795229558046515,  64.
