       1 0.699967E+01
       2 0.588107E+01
       3 0.673700E+01
       4 0.677723E+01
       5 0.790718E+01
       6 0.105613E+02
       7 0.675443E+01
       8 0.634286E+01
       9 0.656389E+01
      10 0.826350E+01
      11 0.399188E+01
      12 0.874481E+01
      13 0.575086E+01
      14 0.663428E+01
      15 0.508758E+01
      16 0.112900E+02
      17 0.658029E+01
      18 0.655515E+01
      19 0.616033E+01
      20 0.614194E+01
      21 0.113707E+02
      22 0.893760E+01
      23 0.749456E+01
      24 0.410087E+01
      25 0.322285E+01
      26 0.337826E+01
      27 0.631361E+01
      28 0.651699E+01
      29 0.766305E+01
      30 0.945099E+01
      31 0.622778E+01
      32 0.542822E+01
      33 0.159737E+01
      34 -.167052E+01
      35 -.418116E+01
      36 -.349533E+00
      37 0.432521E+01
      38 0.642528E+01
      39 0.429609E+01
      40 0.542681E+01
      41 0.418080E+00
      42 -.288902E+01
      43 -.362995E+01
      44 -.828086E+01
      45 -.649324E+01
      46 -.643895E+01
      47 -.281391E+01
      48 -.197476E+01
      49 -.229959E+00
      50 -.752429E+00
      51 0.177361E+01
      52 0.232618E+01
      53 0.347251E+01
      54 0.263514E+01
      55 0.100491E+01
      56 0.425475E+00
      57 -.217825E+00
      58 -.311072E+01
      59 -.450684E+01
      60 -.128857E+01
      61 0.272830E+01
      62 0.341153E+01
      63 0.557230E+01
      64 0.817477E+01
      65 0.343488E+01
      66 0.521705E+01
      67 0.442663E+01
      68 0.545039E+01
      69 0.627151E+01
      70 0.594795E+01
      71 0.840978E+01
      72 0.149971E+01
      73 0.257087E+01
      74 0.714892E+00
      75 -.473879E+01
      76 -.300542E+01
      77 -.250245E+01
      78 -.352578E+01
      79 -.834227E+01
      80 -.181502E+01
      81 -.441920E+01
      82 -.100593E+01
      83 0.240914E+01
      84 0.145038E+01
      85 0.324574E+01
      86 0.302040E+01
      87 -.563165E+00
      88 0.327391E+00
      89 -.307993E+01
      90 -.531138E+01
      91 0.289154E+01
      92 -.275460E+01
      93 0.936954E+00
      94 -.106608E+01
      95 0.163311E+01
      96 0.425910E+01
      97 -.126137E+01
      98 0.414310E+01
      99 0.498655E+01
     100 0.642279E+01
     101 0.615230E+01
     102 0.699619E+01
     103 0.532384E+01
     104 0.262209E+01
     105 0.570987E+01
     106 -.212258E+01
     107 -.401157E+01
     108 -.246825E+01
     109 -.118298E+00
     110 -.581883E+01
     111 -.284724E+01
     112 -.446861E+01
     113 -.400035E+01
     114 0.218260E+01
     115 0.221201E+01
     116 0.519729E+01
     117 0.502626E+01
     118 0.161138E+01
     119 0.281905E+01
     120 0.208508E+01
     121 -.353265E+00
     122 0.140439E+00
     123 0.275984E+01
     124 0.203964E+01
     125 0.101223E+01
     126 0.193718E+01
     127 0.397026E+00
     128 0.459024E+01
     129 0.138766E+00
     130 0.447788E+01
     131 0.560396E+01
     132 0.483267E+01
     133 0.587684E+01
     134 0.857982E+01
     135 0.636531E+01
     136 0.612810E+01
     137 0.170521E+01
     138 -.190151E+01
     139 -.633172E+01
     140 -.154148E+01
     141 -.377817E+01
     142 -.268926E+01
     143 -.866153E+01
     144 -.684890E+01
     145 0.533964E+00
     146 -.221508E+01
     147 0.238383E+01
     148 -.252627E+01
     149 -.223573E+01
     150 0.306812E+01
     151 0.352308E-01
     152 0.153206E+01
     153 0.248514E+01
     154 0.221261E+01
     155 0.611185E+01
     156 0.762750E+01
     157 0.103904E+02
     158 0.714553E+01
     159 0.913589E+01
     160 0.878702E+01
     161 0.632115E+01
     162 0.105334E+02
     163 0.887022E+01
     164 0.136305E+02
     165 0.749053E+01
     166 0.580078E+01
     167 0.593242E+01
     168 0.739638E+01
     169 0.313458E+01
     170 0.219377E+01
     171 -.266926E+01
     172 -.216482E+01
     173 -.270211E+01
     174 -.445692E+01
     175 -.433686E+01
     176 -.899018E+01
     177 -.259870E+00
     178 -.524710E+01
     179 -.497822E+00
     180 0.219727E+01
     181 0.594012E+00
     182 0.622849E+00
     183 0.225979E+01
     184 0.135102E+01
     185 -.398282E+00
     186 0.274627E+01
     187 0.112240E+01
     188 0.478305E+01
     189 0.352994E+00
     190 0.220411E+01
     191 -.114742E+00
     192 0.205665E+01
     193 0.479005E+01
     194 0.775519E+01
     195 0.435162E+01
     196 0.551686E+01
     197 0.266800E+01
     198 0.119118E+01
     199 0.356684E+01
     200 0.105407E+00
