       1 0.109887E+02
       2 0.847951E+01
       3 0.985175E+01
       4 0.886460E+01
       5 0.108009E+02
       6 0.674031E+01
       7 0.730709E+01
       8 0.813337E+01
       9 0.418711E+01
      10 0.937284E+01
      11 0.564042E+01
      12 0.118907E+02
      13 0.683817E+01
      14 0.655664E+01
      15 0.990251E+01
      16 0.879031E+01
      17 0.727334E+01
      18 0.104411E+02
      19 0.771024E+01
      20 0.720451E+01
      21 0.936837E+01
      22 0.740091E+01
      23 0.780058E+01
      24 0.594973E+01
      25 0.126568E+01
      26 0.533734E+01
      27 0.889375E+01
      28 0.102642E+02
      29 0.110296E+02
      30 0.589160E+01
      31 0.619709E+00
      32 -.216321E+01
      33 -.182252E+01
      34 0.138374E+01
      35 -.645206E+00
      36 0.702177E+01
      37 0.964478E+01
      38 0.146598E-02
      39 -.155255E+01
      40 -.495673E+01
      41 -.316747E+01
      42 -.960760E+00
      43 0.257372E+01
      44 0.585823E+01
      45 0.439780E+01
      46 -.580210E+00
      47 0.321115E+01
      48 -.319085E+01
      49 -.259270E+01
      50 -.214927E+01
      51 0.801417E+00
      52 0.437443E+01
      53 0.655761E+01
      54 0.923976E+01
      55 0.832602E+01
      56 0.933030E+01
      57 0.746845E+01
      58 0.106292E+02
      59 0.700626E+01
      60 0.927823E+01
      61 0.106594E+02
      62 0.860181E+01
      63 0.422402E+01
      64 0.765981E+01
      65 0.297599E+01
      66 0.688018E+01
      67 0.683089E+01
      68 0.218742E+01
      69 0.326491E+00
      70 -.517682E+00
      71 0.143833E+01
      72 0.156674E+00
      73 -.116231E+01
      74 -.369877E+01
      75 -.216594E+01
      76 -.256633E+01
      77 0.433956E+01
      78 0.741785E+00
      79 0.633666E+00
      80 0.165050E+01
      81 0.814753E+01
      82 0.134434E+01
      83 0.355774E+01
      84 0.238022E+01
      85 -.204561E+01
      86 -.298509E+01
      87 0.387158E+00
      88 0.319467E+01
      89 0.337354E+01
      90 0.307809E+01
      91 0.370122E+01
      92 0.203921E+01
      93 0.423955E+01
      94 0.373262E+01
      95 0.716573E+01
      96 0.515397E+01
      97 0.709870E+01
      98 0.655153E+01
      99 0.477153E+01
     100 0.408351E+01
     101 0.380444E+01
     102 -.103662E+01
     103 0.772488E-01
     104 -.356478E+01
     105 -.356467E+01
     106 -.186408E+01
     107 -.242762E+01
     108 0.144065E+01
     109 0.375890E+01
     110 0.220426E+01
     111 0.209416E+01
     112 0.168687E+00
     113 0.128668E+01
     114 -.273578E+01
     115 0.114432E+01
     116 0.182636E+01
     117 0.275284E+01
     118 0.788932E+01
     119 0.572044E+01
     120 0.777617E+01
     121 0.101126E+02
     122 0.917145E+01
     123 0.792071E+01
     124 0.584103E+01
     125 0.734219E+01
     126 0.551711E+01
     127 0.937516E+01
     128 0.620714E+01
     129 0.734580E+01
     130 0.491540E+01
     131 0.542941E+01
     132 0.800549E+01
     133 0.143247E+01
     134 0.966707E+00
     135 -.109813E+01
     136 0.172863E+00
     137 -.315055E+01
     138 -.214183E+01
     139 -.369135E+01
     140 -.873967E+00
     141 0.242147E+01
     142 0.319280E+01
     143 0.377171E+00
     144 0.308614E+01
     145 0.918007E+00
     146 -.206109E+01
     147 -.110458E+01
     148 -.136386E+01
     149 0.776147E+00
     150 -.174466E+00
     151 0.587326E+00
     152 0.352063E+00
     153 0.196806E+01
     154 0.788480E+00
     155 0.332752E+01
     156 0.347528E+01
     157 0.523233E+01
     158 -.134605E+01
     159 0.396718E+01
     160 0.116345E+01
     161 0.228565E+00
     162 -.484593E+00
     163 -.206189E+01
     164 -.270592E+01
     165 -.248816E+01
     166 -.173424E+00
     167 -.297947E+01
     168 -.534154E+01
     169 0.580710E-01
     170 -.413578E+00
     171 0.673973E+00
     172 -.328580E+01
     173 -.103639E+01
     174 0.124459E+01
     175 -.325048E+01
     176 0.658451E+00
     177 0.107443E+01
     178 0.908923E+00
     179 0.226277E+01
     180 0.377818E+01
     181 0.356397E+01
     182 0.545027E+00
     183 0.333095E+01
     184 0.384612E+01
     185 0.602358E+01
     186 0.652024E+01
     187 0.393242E+01
     188 0.441970E+01
     189 0.571104E+01
     190 0.510159E+01
     191 0.216483E+01
     192 0.535991E+01
     193 0.160928E+01
     194 0.391388E+01
     195 -.544589E+00
     196 -.129384E+01
     197 0.935032E+00
     198 -.363477E+00
     199 -.429423E+01
     200 -.131230E+01
