       1 0.739425E+01
       2 0.850002E+01
       3 0.899661E+01
       4 0.697516E+01
       5 0.819967E+01
       6 0.715365E+01
       7 0.743204E+01
       8 0.749158E+01
       9 0.755605E+01
      10 0.583756E+01
      11 0.643445E+01
      12 0.105861E+02
      13 0.664412E+01
      14 0.604723E+01
      15 0.106450E+02
      16 0.857995E+01
      17 0.831555E+01
      18 0.527540E+01
      19 0.113136E+02
      20 0.596880E+01
      21 0.583176E+01
      22 0.555551E+01
      23 0.377117E+01
      24 0.502154E+01
      25 0.470660E+01
      26 0.782219E+01
      27 0.120632E+02
      28 0.743227E+01
      29 0.534195E+01
      30 -.400371E+01
      31 -.944558E+01
      32 -.754845E+01
      33 -.999335E+00
      34 -.182585E+01
      35 -.986919E+01
      36 -.103199E+01
      37 0.119767E+01
      38 0.204924E+01
      39 -.297776E+00
      40 0.106052E+01
      41 -.136054E+01
      42 0.116779E+01
      43 -.305950E+01
      44 0.181266E+01
      45 0.563228E+01
      46 0.536029E+01
      47 0.327016E+01
      48 0.492517E+01
      49 0.609954E+01
      50 0.162058E+01
      51 0.719032E+01
      52 0.388401E+01
      53 0.944896E+01
      54 0.616141E+01
      55 0.801253E+01
      56 0.369955E+01
      57 0.628389E+01
      58 -.235211E+01
      59 -.271045E+01
      60 0.495058E+00
      61 -.265479E+01
      62 -.417980E+01
      63 -.174664E+01
      64 -.342076E+01
      65 -.167339E+01
      66 -.514026E+00
      67 -.243986E+01
      68 0.853363E-01
      69 0.190942E+01
      70 0.749780E+00
      71 -.618243E+00
      72 0.362416E+00
      73 0.124165E+01
      74 -.232651E+00
      75 0.608437E+00
      76 -.276722E+01
      77 -.124183E+01
      78 0.918344E+00
      79 0.273111E+01
      80 0.646275E+01
      81 0.840141E+01
      82 0.105316E+02
      83 0.105184E+02
      84 0.109094E+02
      85 0.843529E+01
      86 0.767894E+01
      87 0.597257E+01
      88 0.279685E+01
      89 0.746602E+01
      90 0.148676E+01
      91 0.333390E+01
      92 0.458769E+01
      93 0.543782E+01
      94 0.654891E+01
      95 0.960588E+00
      96 0.461058E+01
      97 0.234669E+01
      98 0.433490E+01
      99 0.413024E+01
     100 0.203193E+01
     101 0.325329E+01
     102 -.928445E-01
     103 0.372288E+01
     104 0.156988E+01
     105 0.368245E+01
     106 0.548359E+01
     107 0.326134E+01
     108 0.693235E+00
     109 -.229491E+01
     110 0.343828E+01
     111 0.517679E+01
     112 0.253062E+01
     113 0.288807E+01
     114 0.594826E+01
     115 0.415243E+01
     116 0.400704E+01
     117 0.678096E+01
     118 0.720179E+01
     119 0.132070E+01
     120 -.146236E+01
     121 -.276202E+01
     122 -.231655E-01
     123 -.108598E+01
     124 0.959429E+00
     125 0.877624E-02
     126 -.304628E+01
     127 -.185955E+01
     128 -.821833E+00
     129 -.376953E+01
     130 0.292751E+01
     131 0.106788E+01
     132 -.406597E+01
     133 -.257952E+01
     134 -.216331E+01
     135 -.159016E+01
     136 -.314429E+01
     137 0.417827E+01
     138 -.650806E+00
     139 0.210188E+01
     140 -.219079E+01
     141 -.136651E+01
     142 0.393101E+01
     143 0.388514E+01
     144 0.592533E+01
     145 0.438101E+01
     146 0.583002E+01
     147 0.461333E+01
     148 0.599885E+01
     149 0.220971E+01
     150 0.859707E+01
     151 0.785766E+01
     152 0.561256E+01
     153 0.308005E+01
     154 0.487820E+01
     155 0.105914E+01
     156 0.393279E+01
     157 0.232296E+01
     158 0.164995E+01
     159 -.321010E-01
     160 0.461874E+00
     161 -.368832E+01
     162 -.200678E+01
     163 -.323219E+01
     164 0.255508E+01
     165 0.430340E+00
     166 0.908425E+00
     167 0.379667E+01
     168 0.423806E+01
     169 0.429398E+01
     170 0.357898E+01
     171 0.172030E+01
     172 -.338107E+01
     173 0.147351E+01
     174 -.273678E+00
     175 0.144803E+01
     176 0.297344E+01
     177 0.184509E+01
     178 0.173313E+01
     179 0.129745E+01
     180 0.483864E+01
     181 0.356672E+01
     182 0.302691E+01
     183 0.511242E+01
     184 0.491884E+01
     185 0.511253E+01
     186 0.500199E+01
     187 0.648126E+01
     188 0.465523E+01
     189 0.527136E+01
     190 0.651659E+00
     191 -.788297E+00
     192 0.937717E+00
     193 0.980617E+00
     194 -.129305E+01
     195 -.177783E+01
     196 0.182207E+01
     197 -.832567E+00
     198 0.155556E+01
     199 0.924983E+00
     200 -.117836E+01
