       1 0.732555E+01
       2 0.897254E+01
       3 0.811654E+01
       4 0.927718E+01
       5 0.553323E+01
       6 0.722241E+01
       7 0.554394E+01
       8 0.514132E+01
       9 0.557899E+01
      10 0.545255E+01
      11 0.908557E+01
      12 0.935477E+01
      13 0.713395E+01
      14 0.127602E+02
      15 0.430476E+01
      16 0.681575E+01
      17 0.461716E+01
      18 0.925890E+01
      19 0.433033E+01
      20 0.648782E+01
      21 0.109574E+02
      22 0.601397E+01
      23 0.127413E+02
      24 0.111282E+02
      25 0.129222E+02
      26 0.100077E+02
      27 0.665745E+01
      28 -.598931E+01
      29 -.613719E+01
      30 -.500627E+01
      31 -.546154E+01
      32 -.115052E+01
      33 -.508830E+01
      34 -.193070E+01
      35 0.319479E+01
      36 -.178877E+01
      37 0.114116E+01
      38 0.118217E+01
      39 0.193932E+01
      40 0.411391E+01
      41 0.515015E+01
      42 0.750891E+01
      43 0.251446E+01
      44 0.393398E+01
      45 0.284450E+01
      46 0.217144E+01
      47 0.717782E+00
      48 0.396097E+01
      49 0.659895E+01
      50 0.756446E+01
      51 0.849484E+01
      52 0.104764E+02
      53 0.507971E+01
      54 0.735295E+00
      55 -.132352E+01
      56 0.818932E+00
      57 -.147382E+01
      58 -.630826E+01
      59 -.274224E+01
      60 -.419813E+01
      61 0.119886E+00
      62 0.263973E+00
      63 0.247946E+01
      64 0.764070E+00
      65 0.263123E+01
      66 0.330692E+01
      67 0.692546E+01
      68 0.912311E+01
      69 0.171881E+01
      70 0.495118E+01
      71 0.836715E+01
      72 0.865214E+01
      73 0.727734E+01
      74 0.829465E+01
      75 0.301502E+01
      76 0.951658E+01
      77 0.779970E+01
      78 0.618064E+01
      79 0.416886E+01
      80 0.532372E+01
      81 0.142692E+01
      82 -.167253E+01
      83 -.244040E+01
      84 -.221383E+01
      85 -.728582E+01
      86 0.221041E+00
      87 -.369162E+01
      88 -.411114E+01
      89 -.442594E+01
      90 -.472399E+00
      91 -.654302E+00
      92 -.154533E+01
      93 0.355263E+00
      94 0.912916E+00
      95 0.172271E+01
      96 0.107438E+01
      97 -.160273E+00
      98 0.123070E+01
      99 0.482625E+01
     100 0.413515E+01
     101 0.414756E+01
     102 0.797225E+00
     103 0.697482E+01
     104 0.410798E+01
     105 0.742677E+01
     106 0.494293E+01
     107 0.814521E+01
     108 0.113530E+02
     109 0.665507E+01
     110 0.107007E+02
     111 0.960140E+01
     112 0.272049E+01
     113 0.198239E+01
     114 0.505639E+01
     115 0.101287E+01
     116 0.666028E+00
     117 -.235997E+01
     118 0.187712E+01
     119 -.371516E+00
     120 -.112242E+01
     121 -.465930E+01
     122 -.648755E+01
     123 -.489344E+01
     124 -.239020E+01
     125 -.278536E+00
     126 0.291240E+01
     127 0.416645E+01
     128 0.145578E+01
     129 0.327124E+01
     130 0.208794E+01
     131 0.631680E+01
     132 0.292344E+01
     133 0.800520E+01
     134 0.343036E+01
     135 0.262439E+01
     136 0.359342E+01
     137 0.516792E+01
     138 0.752167E+01
     139 0.763744E+01
     140 0.385787E+01
     141 0.565244E+01
     142 0.733657E+01
     143 0.438119E+01
     144 0.585876E+01
     145 0.453451E+01
     146 0.360518E+01
     147 0.649931E+00
     148 0.518933E+01
     149 0.278955E+01
     150 0.769017E+01
     151 0.340869E+01
     152 0.341136E+01
     153 -.187588E+01
     154 0.146886E+01
     155 0.350825E+00
     156 0.342097E+00
     157 0.198805E+00
     158 -.928264E+00
     159 0.112972E+01
     160 -.287336E+01
     161 -.531891E+00
     162 -.147890E+01
     163 0.515112E+01
     164 0.474703E+01
     165 0.468431E+01
     166 0.636570E+01
     167 0.306191E+01
     168 0.525991E+01
     169 0.757986E+01
     170 0.550315E+01
     171 0.106873E+02
     172 0.124765E+02
     173 0.105962E+02
     174 0.102965E+02
     175 0.106523E+02
     176 0.124244E+02
     177 0.742405E+01
     178 0.105901E+02
     179 0.514805E+01
     180 0.578335E+01
     181 0.862761E+01
     182 0.524289E+01
     183 0.331864E+01
     184 0.160476E+01
     185 -.558139E+00
     186 -.240410E+01
     187 -.110382E+01
     188 -.369047E+01
     189 -.521960E+00
     190 -.314320E+01
     191 -.683507E+01
     192 -.731320E+00
     193 0.874847E+00
     194 -.794747E+00
     195 -.241511E+01
     196 -.108412E+01
     197 -.348067E+00
     198 0.385050E+01
     199 0.428688E+01
     200 -.197352E+01
