       1 0.760377E+01
       2 0.893460E+01
       3 0.756586E+01
       4 0.704065E+01
       5 0.149673E+02
       6 0.846173E+01
       7 0.571922E+01
       8 0.898479E+01
       9 0.588571E+01
      10 0.757405E+01
      11 0.118585E+02
      12 0.655301E+01
      13 0.954596E+01
      14 0.417757E+01
      15 0.111226E+02
      16 0.467285E+01
      17 0.745191E+01
      18 0.736536E+01
      19 0.573789E+01
      20 0.874905E+01
      21 0.832769E+01
      22 0.102423E+02
      23 0.156793E+02
      24 0.959189E+01
      25 0.615009E+01
      26 -.125980E+01
      27 -.683367E+01
      28 -.577606E+01
      29 -.270061E+01
      30 -.186977E+01
      31 0.101590E+01
      32 -.285946E-01
      33 -.485551E+01
      34 -.270175E+01
      35 -.792215E+00
      36 0.127261E+01
      37 -.461203E+01
      38 0.205157E+01
      39 0.337280E+01
      40 -.185809E+01
      41 0.103369E+01
      42 -.184577E+01
      43 0.418137E+01
      44 0.299555E+01
      45 -.369214E+01
      46 0.596584E+01
      47 0.146306E+01
      48 0.606240E+01
      49 0.327091E+01
      50 0.268660E+01
      51 -.274426E+00
      52 -.680009E+00
      53 -.333132E+00
      54 0.961574E+00
      55 -.292500E+01
      56 -.210100E+00
      57 0.123745E+01
      58 0.179217E+00
      59 0.222082E+01
      60 -.286217E+01
      61 -.266353E+01
      62 -.475343E+01
      63 -.463336E+01
      64 0.310990E+00
      65 -.135631E+01
      66 0.341555E+01
      67 0.676263E+01
      68 0.621262E+01
      69 0.883078E+01
      70 0.667864E+01
      71 0.136366E+02
      72 0.986067E+01
      73 0.833032E+01
      74 0.531325E+01
      75 0.330719E+01
      76 0.912537E+00
      77 0.299271E+01
      78 -.382688E+00
      79 -.656376E-01
      80 -.128221E+01
      81 -.508646E+01
      82 -.889688E+01
      83 -.302268E+01
      84 -.412446E+00
      85 -.252946E+01
      86 -.136069E+01
      87 0.228077E+01
      88 0.221593E+01
      89 0.528945E+01
      90 0.142762E+01
      91 0.452666E+01
      92 0.764454E+01
      93 0.450671E+01
      94 0.439530E+01
      95 0.581453E+01
      96 0.545149E+01
      97 0.572820E+01
      98 0.516422E+01
      99 0.887376E+01
     100 0.160446E+01
     101 0.432293E+01
     102 0.555666E+01
     103 0.651569E+01
     104 0.305432E+01
     105 0.607444E+01
     106 0.439572E+00
     107 0.317938E+01
     108 0.494201E+01
     109 0.130826E+01
     110 -.689557E+00
     111 -.845245E+00
     112 -.457760E+01
     113 -.154097E+01
     114 -.177629E+01
     115 -.383766E+01
     116 -.180464E+01
     117 -.128536E+01
     118 -.540033E+00
     119 -.141723E+01
     120 -.184796E+01
     121 -.110459E+01
     122 -.210853E+01
     123 -.331998E+01
     124 -.218247E+01
     125 0.653289E+00
     126 0.112927E+01
     127 -.153388E+01
     128 0.164877E+01
     129 0.460765E+01
     130 0.566609E+01
     131 0.451521E+01
     132 0.600784E+01
     133 0.707831E+01
     134 0.105899E+02
     135 0.914191E+01
     136 0.108732E+02
     137 0.126550E+02
     138 0.112046E+02
     139 0.748303E+01
     140 0.667740E+01
     141 0.781971E+01
     142 0.439332E+01
     143 0.513550E+01
     144 -.166715E+01
     145 0.183933E+01
     146 -.358704E+00
     147 -.295071E+01
     148 -.244585E+01
     149 -.426444E+01
     150 -.483208E+01
     151 -.760717E+01
     152 -.727633E+01
     153 -.297190E+01
     154 -.195297E+01
     155 -.329195E+01
     156 -.588620E+01
     157 0.101302E+01
     158 -.117917E+01
     159 0.928766E+00
     160 0.255216E+01
     161 -.130928E+01
     162 0.883085E+00
     163 0.109966E+01
     164 -.595295E-01
     165 0.186221E+01
     166 0.323370E+01
     167 0.554190E+01
     168 0.593339E+01
     169 0.502135E+01
     170 0.488902E+01
     171 0.235936E+01
     172 0.558928E+01
     173 0.468887E+01
     174 0.223236E+01
     175 0.449016E+01
     176 -.169324E+01
     177 -.229083E+01
     178 -.631979E+01
     179 -.636088E+01
     180 -.662619E+01
     181 -.251193E+01
     182 -.440824E+01
     183 -.419600E+01
     184 -.231186E+01
     185 -.221117E+01
     186 -.371237E+01
     187 -.145017E+00
     188 -.377721E+00
     189 0.333848E+01
     190 0.614786E+01
     191 0.163193E+01
     192 -.152915E+01
     193 -.216691E+01
     194 0.193195E+00
     195 -.199195E+01
     196 0.201337E+00
     197 0.112389E+01
     198 0.258556E+01
     199 0.226213E+01
     200 0.338116E+01
