     200 0.439616E+01
     201 0.462274E+01
     202 0.377992E+01
     203 0.680958E+01
     204 0.649440E+01
     205 0.423927E+01
     206 -.333473E+01
     207 0.114977E+01
     208 0.186365E+01
     209 -.389899E+01
     210 0.544199E+00
     211 -.130625E+01
     212 0.926017E+00
     213 0.465300E+01
     214 0.490439E+01
     215 0.460642E+00
     216 0.321219E+01
     217 0.854729E-01
     218 -.228184E+01
     219 0.291428E+00
     220 0.265729E+01
     221 0.450050E+01
     222 -.733261E-01
     223 0.442000E+01
     224 0.632762E+01
     225 -.214528E+01
     226 0.726234E+00
     227 0.248758E+01
     228 0.743375E+01
     229 0.466671E+01
     230 0.543219E+01
     231 0.213251E+00
     232 0.211671E+01
     233 0.463956E+01
     234 0.249104E+01
     235 0.435189E+00
     236 -.114699E+01
     237 -.570743E+00
     238 -.251512E+01
     239 -.314653E+01
     240 -.346855E+01
     241 -.173371E+01
     242 -.724343E+00
     243 0.172306E+01
     244 0.202195E+01
     245 -.129343E+01
     246 0.294315E+01
     247 -.868521E-01
     248 -.133906E+01
     249 -.181090E+01
     250 0.508502E+00
     251 0.244041E+01
     252 0.396478E+01
     253 0.266493E+01
     254 0.647200E+01
     255 0.658634E+01
     256 0.721295E+01
     257 0.917808E+01
     258 0.863778E+01
     259 0.559886E+01
     260 0.714273E+01
     261 0.441443E+01
     262 0.422841E+01
     263 0.457644E+01
     264 -.193750E+00
     265 -.175181E+01
     266 -.449809E+00
     267 -.801519E+00
     268 0.325634E+01
     269 -.289589E+01
     270 0.180523E+01
     271 -.406109E+01
     272 -.161351E+01
     273 -.450402E+00
     274 -.275115E+01
     275 -.223743E+01
     276 0.772431E+00
     277 -.244916E+01
     278 0.162781E+01
     279 0.440492E+01
     280 0.498274E+01
     281 0.374864E+00
     282 0.258744E+00
     283 0.288821E+01
     284 0.551722E+01
     285 0.375213E+01
     286 0.288299E+01
     287 -.164364E+01
     288 -.576701E+00
     289 0.893822E+00
     290 0.374870E+00
     291 -.142697E+01
     292 0.474079E+01
     293 0.513219E+01
     294 0.113921E+02
     295 0.113284E+02
     296 0.705436E+01
     297 0.610487E+01
     298 0.518985E+01
     299 0.212313E+01
     300 0.528775E+01
     301 0.612494E+00
     302 0.261360E+01
     303 0.389235E+01
     304 0.120315E+01
     305 0.631362E+01
     306 0.121982E+01
     307 0.180158E+00
     308 0.712593E-01
     309 -.237210E+01
     310 -.220765E+01
     311 -.430800E+01
     312 -.259972E+01
     313 -.351289E+00
     314 -.186419E+01
     315 -.213505E+01
     316 0.647720E+00
     317 0.236270E+01
     318 -.551308E+01
     319 0.238575E-01
     320 0.108761E+01
     321 0.529197E+01
     322 -.107386E+00
     323 0.190459E+01
     324 0.246218E+01
     325 0.736004E+00
     326 0.550257E+01
     327 0.681283E+01
     328 0.762764E+00
     329 0.220785E+01
     330 0.284138E+01
     331 0.244872E+01
     332 -.930395E+00
     333 -.311258E+01
     334 -.105585E+01
     335 0.162495E-01
     336 -.788209E+00
     337 -.202873E+01
     338 0.172036E+01
     339 -.944001E+00
     340 0.301225E+01
     341 0.553218E+00
     342 0.281034E+01
     343 0.266451E+01
     344 -.764751E+00
     345 -.347684E+00
     346 -.375567E+01
     347 -.672919E+01
     348 -.773563E+01
     349 -.696199E+01
     350 -.743831E+01
     351 -.498956E+01
     352 -.437002E+01
     353 0.361531E+01
     354 -.148608E+01
     355 0.269262E+01
     356 0.519832E+01
     357 0.139101E+01
     358 -.934769E+00
     359 0.278985E+01
     360 0.313569E+01
     361 0.315587E+01
     362 -.276141E+00
     363 0.154662E+01
     364 0.298633E+01
     365 -.543128E+00
     366 0.584946E+01
     367 0.144386E+01
     368 0.283050E+01
     369 0.570949E+00
     370 -.227480E+00
     371 0.406259E+01
     372 0.726851E+00
     373 0.408711E+01
     374 0.590978E+01
     375 0.519670E+01
     376 0.858937E+01
     377 0.495742E+01
     378 0.611896E+01
     379 0.354331E+01
     380 0.766913E+01
     381 0.205897E-01
     382 0.503728E+01
     383 0.276228E+01
     384 0.237055E+01
     385 -.510648E+01
     386 -.189224E+01
     387 -.467686E+01
     388 -.235115E+01
     389 0.754161E+00
     390 -.843012E+01
     391 -.451249E+01
     392 -.134248E+01
     393 -.339229E+00
     394 -.207452E+01
     395 -.452966E+00
     396 0.236665E+01
     397 0.422931E+01
     398 0.442234E+01
     399 0.517413E+01
     400 0.818563E+01
     401 0.649857E+01
     402 0.103229E+02
     403 0.656089E+01
     404 0.934389E+01
     405 0.520243E+01
     406 0.122166E+01
     407 -.199892E+00
     408 0.224139E+01
     409 -.273409E+01
     410 -.311310E+01
     411 -.203426E+01
     412 -.716884E+00
     413 0.311929E+00
     414 -.264267E+01
     415 -.101817E+01
     416 -.481002E+01
     417 0.267480E+01
     418 -.136316E+01
     419 0.317800E+01
     420 0.408026E+00
     421 -.679493E+00
     422 -.216116E+01
     423 -.455745E+01
     424 0.318400E+00
     425 0.353043E+01
     426 -.135307E+00
     427 -.561013E+00
     428 -.309315E+00
     429 -.344324E-01
     430 0.986261E+00
     431 0.415866E+00
     432 0.129884E+01
     433 0.568923E+00
     434 0.271204E+01
     435 -.356617E+01
     436 -.214631E+01
     437 -.369814E-01
     438 -.103457E+01
     439 0.110970E+01
     440 0.644757E+00
     441 0.518512E+00
     442 0.621416E+01
     443 0.136139E+01
     444 0.748686E+01
     445 0.654794E+01
     446 0.814986E+01
     447 0.423939E+01
     448 0.694454E+01
     449 0.912862E+01
     450 0.585514E+01
     451 0.959925E+01
     452 0.104165E+02
     453 0.419372E+01
     454 0.676555E+01
     455 0.611506E+01
     456 0.649317E+01
     457 0.478269E+01
     458 0.521096E+01
     459 0.788844E+01
     460 0.366938E+01
     461 0.521219E+01
     462 0.416027E+01
     463 0.778321E+01
     464 0.603954E+01
     465 0.517533E+01
     466 0.467528E+01
     467 0.296978E+01
     468 0.165930E+01
     469 0.551638E+01
     470 0.225938E+01
     471 0.954807E+00
     472 0.664109E+01
     473 0.466943E+01
     474 0.566096E+01
     475 0.910442E+01
     476 0.974056E+01
     477 0.126390E+02
     478 0.131749E+02
     479 0.119679E+02
     480 0.718603E+01
     481 0.107515E+02
     482 0.110604E+02
     483 0.837267E+01
     484 0.156757E+02
     485 0.122970E+02
     486 0.118969E+02
     487 0.130359E+02
     488 0.125008E+02
     489 0.103920E+02
     490 0.895369E+01
     491 0.143320E+02
     492 0.116142E+02
     493 0.120519E+02
     494 0.228786E+01
     495 -.416910E+00
     496 -.721584E+01
     497 -.835459E+01
     498 -.514103E+01
     499 -.544696E+01
     500 -.775905E+01
     501 -.645653E+00
     502 -.352868E+01
     503 -.576667E+01
     504 -.181283E+01
     505 0.865999E+00
     506 -.137612E+01
     507 0.289755E+01
     508 -.191010E+00
     509 0.779669E+00
     510 0.498394E+01
     511 -.328326E+01
     512 0.244981E+01
     513 0.416997E+01
     514 0.912214E+00
     515 0.386187E+01
     516 0.318169E+01
     517 0.294006E+01
     518 0.364756E+01
     519 0.304374E+01
     520 0.457437E+00
     521 0.728105E+01
     522 0.537361E+01
     523 -.729606E+00
     524 0.153609E+01
     525 0.256296E+00
     526 0.214127E+01
     527 -.258197E+01
     528 -.468827E+01
     529 -.369265E+01
     530 -.868723E+00
     531 -.341744E+01
     532 -.896936E+00
     533 -.275975E-01
     534 0.293857E+01
     535 0.201687E+01
     536 -.100792E+00
     537 0.801051E+00
     538 -.190617E+01
     539 0.109787E+00
     540 0.158215E+01
     541 0.520922E+01
     542 0.939488E+01
     543 0.585566E+01
     544 0.877226E+01
     545 0.633652E+01
     546 0.109277E+02
     547 0.468747E+01
     548 0.890261E+01
     549 0.645582E+01
     550 0.896078E+01
     551 0.946707E+01
     552 0.753471E+01
     553 0.420040E+01
     554 0.819738E+01
     555 0.553350E+01
     556 0.280374E+01
     557 0.710805E+01
     558 0.580763E+01
     559 0.677879E+01
     560 0.105827E+02
     561 0.851769E+01
     562 0.345861E+01
     563 0.142406E+01
     564 0.431191E+01
     565 0.343236E+01
     566 -.185526E+01
     567 -.370578E+01
     568 -.243487E+01
     569 -.227395E+01
     570 -.431115E+01
     571 -.764625E+00
     572 0.235904E+01
     573 0.248999E+01
     574 0.474685E+01
     575 0.550369E+01
     576 0.247855E+01
     577 0.252481E+01
     578 0.360991E+01
     579 -.378188E+00
     580 -.185796E+01
     581 -.962544E+00
     582 -.127093E+01
     583 0.374889E+01
     584 0.255661E+01
     585 -.493014E+00
     586 -.548444E+00
     587 0.263340E+00
     588 0.269008E+01
     589 0.612985E+01
     590 0.712259E+01
     591 0.101136E+02
     592 0.666329E+01
     593 0.551079E+01
     594 0.530901E+01
     595 0.152142E+00
     596 -.365687E+00
     597 0.856459E+00
     598 0.348108E+00
     599 -.130754E+01
     600 0.207980E+01
     601 0.557764E+01
     602 0.120232E+01
     603 0.300370E+00
     604 -.214932E+01
     605 0.105575E+01
     606 -.138090E+01
     607 -.531972E+01
     608 0.150821E+01
     609 0.886836E+00
     610 0.968977E-01
     611 0.421439E+01
     612 0.434891E+00
     613 0.288531E+01
     614 0.497033E+01
     615 0.887975E+01
     616 0.544894E+01
     617 0.305078E+01
     618 0.484785E+01
     619 0.191285E+01
     620 0.114816E+01
     621 0.187444E+01
     622 0.554322E-01
     623 -.265296E+01
     624 -.488394E+01
     625 0.171742E-01
     626 -.421815E+01
     627 -.507161E+00
     628 -.255651E+01
     629 -.247084E+01
     630 -.450499E-01
     631 -.160600E+01
     632 0.109543E+01
     633 -.176348E+01
     634 0.170684E+01
     635 -.260266E+00
     636 -.127576E+01
     637 0.152741E+01
     638 -.559055E+00
     639 -.554132E+00
     640 -.210831E+01
     641 0.761695E+00
     642 0.169892E+01
     643 0.673776E+01
     644 0.570645E+01
     645 0.919323E+01
     646 0.536815E+01
     647 0.107239E+02
     648 0.871574E+01
     649 0.127070E+02
     650 0.884952E+01
     651 0.833243E+01
     652 0.832102E+01
     653 0.106995E+02
     654 0.709456E+01
     655 0.497424E+01
     656 0.516880E+01
     657 0.500215E+01
     658 0.558698E+01
     659 0.270870E+01
     660 -.442094E+00
     661 0.175057E+01
     662 -.624851E-01
     663 -.964202E+00
     664 -.432658E+01
     665 -.372321E+01
     666 -.163727E+01
     667 -.629797E+00
     668 0.260446E+00
     669 -.282862E+01
     670 0.108394E+01
     671 0.421199E+01
     672 -.340657E+00
     673 0.148199E+01
     674 0.459487E+01
     675 0.300371E+01
     676 0.387135E+01
     677 -.426169E+00
     678 0.258858E+01
     679 0.120842E+01
     680 0.619193E+00
     681 0.359690E+01
     682 0.345811E+01
     683 0.229435E+01
     684 0.463981E+01
     685 0.577532E+01
     686 0.113808E+02
     687 0.419113E+01
     688 0.481981E+01
     689 0.524667E+01
     690 0.418664E+01
     691 0.226773E+00
     692 -.286917E+01
     693 -.316004E+01
     694 -.381854E+01
     695 -.182422E+01
     696 -.663519E+01
     697 -.679469E+01
     698 -.107961E+01
     699 -.358328E+01
     700 -.515043E+01
     701 -.302366E+01
     702 -.331555E+01
     703 -.247529E+01
     704 -.358254E+00
     705 0.139904E+01
     706 -.169858E+01
     707 0.487964E+01
     708 0.527145E+00
     709 0.577305E+01
     710 -.779255E-01
     711 0.215955E+01
     712 0.541759E+01
     713 0.463509E+01
     714 0.497151E+01
     715 0.660149E+01
     716 0.788990E+01
     717 0.551293E+01
     718 0.212656E+01
     719 0.183251E+01
     720 -.190769E+00
     721 0.560375E+00
     722 0.170081E+01
     723 -.425037E+00
     724 0.358614E+01
     725 0.296193E+01
     726 -.657805E+00
     727 0.525503E+01
     728 0.254668E+01
     729 0.282607E+01
     730 0.263558E+01
     731 0.357833E+01
     732 0.245486E+01
     733 0.623172E+01
     734 0.422222E+01
     735 0.982557E+01
     736 0.546785E+01
     737 0.197052E+01
     738 0.133908E+01
     739 0.334501E+01
     740 0.380998E+01
     741 0.286773E+01
     742 0.658324E+00
     743 0.538794E+01
     744 0.127867E+01
     745 0.257359E+01
     746 0.152175E+01
     747 -.126801E+01
     748 0.586641E+01
     749 0.388354E+01
     750 0.200277E+01
     751 0.318473E+01
     752 0.416250E+01
     753 0.656024E+01
     754 0.497467E+01
     755 0.752530E+01
     756 0.640986E+01
     757 0.390390E+01
     758 0.625054E+01
     759 0.186990E+01
     760 0.559728E+00
     761 0.580572E+00
     762 -.120006E+01
     763 -.390948E+01
     764 -.431217E+01
     765 -.138608E+01
     766 0.277632E+00
     767 -.279736E+01
     768 0.749543E+00
     769 0.397065E+00
     770 0.832530E+00
     771 -.183924E+01
     772 0.240374E+00
     773 -.962103E+00
     774 0.277299E+01
     775 0.207892E+01
     776 0.806832E+00
     777 0.383085E+01
     778 0.183764E+01
     779 0.232170E+01
     780 0.673213E+01
     781 0.449966E+01
     782 0.410875E+01
     783 0.615866E+01
     784 0.417065E+01
     785 0.538712E+01
     786 -.995924E+00
     787 0.188332E+01
     788 -.144715E+01
     789 -.544242E+01
     790 -.478735E+01
     791 -.415740E+01
     792 -.372951E+01
     793 -.114610E+01
     794 -.471016E+01
     795 -.203988E+01
     796 -.269942E+01
     797 -.344422E+01
     798 -.391091E+01
     799 -.138738E+01
     800 0.101619E+01
     801 -.325694E+01
     802 0.446152E-01
     803 -.200713E+01
     804 0.316815E+01
     805 0.102302E+01
     806 0.152766E+01
     807 0.523643E+01
     808 0.570324E+01
     809 0.158495E+01
     810 0.665136E+01
     811 0.170987E+01
     812 0.723330E+01
     813 0.405275E+01
     814 0.769053E+01
     815 0.322472E+01
     816 0.622310E+01
     817 0.426516E+01
     818 0.495212E+01
     819 0.345756E+01
     820 0.440964E+01
     821 0.387791E+01
     822 0.700594E+01
     823 0.554194E+01
     824 0.789727E+01
     825 0.529689E+01
     826 0.583148E+01
     827 0.617155E+01
     828 0.399809E+01
     829 0.284641E+01
     830 0.857242E+01
     831 0.580901E+01
     832 0.696239E+01
     833 0.109802E+02
     834 0.580360E+01
     835 0.807044E+01
     836 0.557238E+01
     837 0.893738E+01
     838 0.544469E+01
     839 0.434803E+01
     840 0.446833E+00
     841 -.334745E+01
     842 -.525992E+00
     843 -.678907E+01
     844 -.711016E+01
     845 -.767506E+01
     846 -.374084E+01
     847 -.451257E+01
     848 -.101221E+01
     849 -.332515E+01
     850 -.312255E+01
     851 -.851098E+00
     852 -.288583E+01
     853 0.944798E+00
     854 -.137540E+00
     855 -.143765E+01
     856 -.153945E+00
     857 -.277717E+01
     858 -.463969E+01
     859 0.227629E+01
     860 0.219631E+01
     861 0.529539E+00
     862 0.156907E+01
     863 -.598608E+00
     864 -.247849E+01
     865 -.104639E+01
     866 -.192158E-01
     867 -.307002E+01
     868 0.254736E+00
     869 0.458778E+00
     870 0.867355E+00
     871 0.264971E+01
     872 -.174591E+01
     873 0.290803E+01
     874 0.973085E+00
     875 0.113663E+01
     876 0.981816E+00
     877 0.180998E+01
     878 -.286338E+01
     879 0.216896E+00
     880 0.235633E+00
     881 0.202920E+01
     882 0.544601E+01
     883 0.783219E+01
     884 0.181735E+01
     885 0.326938E+01
     886 0.702042E+01
     887 0.642843E+01
     888 0.423728E+01
     889 0.860781E+01
     890 0.384573E+01
     891 0.156540E+01
     892 0.667045E+01
     893 0.512247E+00
     894 -.190885E-01
     895 0.246663E+01
     896 -.107801E+00
     897 0.146105E+00
     898 -.472540E+01
     899 -.170671E+01
     900 -.886578E+00
     901 -.487487E+01
     902 -.299433E+01
     903 -.301330E+00
     904 -.733572E+00
     905 -.124189E+01
     906 -.230951E+00
     907 0.262228E+01
     908 0.122805E+01
     909 0.842795E+00
     910 0.263051E+01
     911 0.153416E+01
     912 0.515796E+00
     913 0.234565E+01
     914 0.301017E+01
     915 0.138516E+01
     916 0.391361E+01
     917 0.278411E+01
     918 0.437707E+01
     919 0.372017E+01
     920 0.110545E+01
     921 -.430400E+01
     922 -.192246E+01
     923 -.294255E+01
     924 -.395717E+01
     925 -.409476E+01
     926 0.970498E+00
     927 0.719648E+00
     928 -.863689E-01
     929 0.422970E+01
     930 0.460633E+01
     931 0.329168E+01
     932 0.568638E+01
     933 0.491382E+01
     934 0.998461E+01
     935 0.861215E+01
     936 0.102591E+02
     937 0.110313E+02
     938 0.736819E+01
     939 0.116112E+02
     940 0.103789E+02
     941 0.904608E+01
     942 0.620284E+01
     943 0.756790E+01
     944 0.776553E+01
     945 0.457090E+01
     946 0.102190E+02
     947 0.562598E+01
     948 0.739637E+01
     949 0.129584E+02
     950 0.955922E+01
     951 0.789088E+01
     952 0.758783E+01
     953 0.483752E+01
     954 -.366244E+01
     955 -.267421E+01
     956 -.342302E+01
     957 -.159376E+01
     958 0.282782E+01
     959 0.280759E+01
     960 0.309658E+01
     961 0.558790E+01
     962 0.684206E+01
     963 0.345431E+01
     964 0.960194E+00
     965 -.222684E+01
     966 -.206891E+01
     967 -.459403E+01
     968 -.226376E+01
     969 0.410540E+01
     970 0.140886E+01
     971 0.964389E+00
     972 0.486904E+01
     973 0.581746E+01
     974 0.404005E+01
     975 0.570272E+01
     976 0.662570E+01
     977 0.540575E+01
     978 0.508331E+01
     979 0.694580E+01
     980 0.229012E+01
     981 0.118736E+01
     982 0.254799E+01
     983 -.244239E+01
     984 -.260573E+01
     985 0.114749E+01
     986 -.478821E+01
     987 -.192611E+01
     988 -.791309E+00
     989 -.612116E+01
     990 -.546202E+01
     991 -.216563E+01
     992 -.410741E+01
     993 -.229865E+01
     994 -.689849E+00
     995 0.165402E+01
     996 0.148298E+01
     997 -.125535E+01
     998 -.258060E+01
     999 -.237775E+00
    1000 -.971267E+00
    1001 0.955067E+00
    1002 0.353206E+01
    1003 0.300403E+01
    1004 -.339789E+01
    1005 -.105868E+00
    1006 0.372383E+01
    1007 -.226941E+01
    1008 0.595944E+00
    1009 -.852864E+00
    1010 -.358736E+00
    1011 -.277166E+01
    1012 -.420260E+01
    1013 -.173518E+01
    1014 -.567775E+01
    1015 -.842160E+00
    1016 -.285953E+01
    1017 0.169101E+01
    1018 -.123352E+01
    1019 -.124542E+00
    1020 -.359583E+01
    1021 0.376901E+01
    1022 -.379599E+01
    1023 0.192740E+01
    1024 0.230011E+01
    1025 0.241574E+01
    1026 0.757189E+01
    1027 0.551579E+01
    1028 0.247176E+01
    1029 0.816906E+01
    1030 0.726618E+01
    1031 0.686757E+01
    1032 0.961164E+01
    1033 0.689506E+01
    1034 0.754462E+01
    1035 0.370983E+01
    1036 -.169496E+01
    1037 -.213473E+00
    1038 -.465857E+01
    1039 -.596390E+01
    1040 -.359045E+01
    1041 -.605312E+01
    1042 -.621951E+01
    1043 -.397572E+01
    1044 -.164738E+01
    1045 -.253782E+01
    1046 -.168606E+01
    1047 -.105635E+01
    1048 -.183009E-01
    1049 0.425722E+01
    1050 0.428256E+01
    1051 0.586151E+01
    1052 0.471762E+01
    1053 0.764025E+01
    1054 0.112311E+02
    1055 0.905060E+01
    1056 0.747988E+01
    1057 0.164635E+02
    1058 0.597869E+01
    1059 0.989857E+01
    1060 0.126712E+02
    1061 0.759650E+01
    1062 0.117939E+02
    1063 0.116047E+02
    1064 0.129919E+02
    1065 0.121193E+02
    1066 0.140140E+02
    1067 0.140138E+02
    1068 0.135718E+02
    1069 0.161660E+02
    1070 0.102274E+02
    1071 0.111967E+02
    1072 0.137721E+02
    1073 0.979786E+01
    1074 0.132423E+02
    1075 0.110694E+02
    1076 0.101821E+02
    1077 0.110759E+02
    1078 0.105745E+02
    1079 0.101652E+02
    1080 0.358383E+01
    1081 0.459923E+01
    1082 0.241638E+01
    1083 0.684884E+00
    1084 -.164859E+01
    1085 -.162629E+01
    1086 -.230391E+01
    1087 -.250226E+01
    1088 -.266756E+01
    1089 -.245329E+01
    1090 -.359705E+01
    1091 -.229269E+01
    1092 0.434084E+01
    1093 -.652248E+00
    1094 0.110895E+01
    1095 0.793780E+00
    1096 0.440985E-01
    1097 0.437843E+01
    1098 0.400557E+01
    1099 0.746059E+01
    1100 0.971245E+01
    1101 0.930904E+01
    1102 0.110933E+02
    1103 0.102475E+02
    1104 0.668533E+01
    1105 0.935318E+01
    1106 0.271989E+01
    1107 -.260032E+01
    1108 -.306432E+01
    1109 -.322222E+01
    1110 -.389726E+01
    1111 -.359072E+01
    1112 0.155775E+01
    1113 0.391762E+01
    1114 0.672554E+01
    1115 0.348912E+01
    1116 0.428778E+01
    1117 0.122739E+01
    1118 0.119341E+01
    1119 0.595941E+01
    1120 0.435472E+01
    1121 0.643874E+00
    1122 -.241731E+01
    1123 0.108248E+01
    1124 -.582158E+00
    1125 0.131233E+01
    1126 0.132674E+01
    1127 0.118228E+01
    1128 0.361370E+00
    1129 -.226742E+01
    1130 -.362498E+01
    1131 -.199590E+00
    1132 0.830922E+00
    1133 -.341985E+01
    1134 -.156894E+01
    1135 0.999497E+00
    1136 -.249033E+00
    1137 0.159612E+01
    1138 -.123827E+01
    1139 0.648934E+00
    1140 0.216529E+01
    1141 -.846822E+00
    1142 -.313470E+01
    1143 -.784224E+00
    1144 0.103919E+01
    1145 0.384799E+01
    1146 -.392440E+01
    1147 0.347338E+01
    1148 0.856614E+00
    1149 0.743149E-01
    1150 0.712849E+00
    1151 -.386718E+01
    1152 -.818419E+00
    1153 0.344177E+00
    1154 0.815429E+00
    1155 0.465220E+01
    1156 0.421918E+01
    1157 0.946221E+01
    1158 0.871393E+01
    1159 0.936983E+01
    1160 0.748044E+01
    1161 0.671862E+01
    1162 0.615391E+01
    1163 0.218480E+00
    1164 0.114005E+01
    1165 0.318858E+00
    1166 -.719648E+00
    1167 -.430741E+01
    1168 -.255236E+01
    1169 0.364216E+01
    1170 0.396503E+01
    1171 0.342655E+01
    1172 0.190312E+01
    1173 0.698162E+01
    1174 0.444704E+01
    1175 0.802432E+00
    1176 0.521509E+01
    1177 0.500378E+01
    1178 0.687817E+01
    1179 0.568284E+01
    1180 0.547353E+01
    1181 0.492416E+01
    1182 0.574522E+01
    1183 0.653958E+01
    1184 0.517769E+01
    1185 0.669388E+01
    1186 0.112530E+02
    1187 0.637030E+01
    1188 0.787213E+01
    1189 0.714322E+01
    1190 0.762686E+01
    1191 0.733792E+01
    1192 0.612983E+01
    1193 0.478409E+01
    1194 0.501428E+01
    1195 0.206728E+01
    1196 0.570498E+01
    1197 0.447840E+01
    1198 0.203128E+01
    1199 0.408304E+01
    1200 0.351721E+01
