     200 -.223028E+01
     201 -.464401E+01
     202 -.312584E+01
     203 -.447121E+01
     204 -.170593E+01
     205 -.506192E+01
     206 -.511852E+01
     207 -.114552E+00
     208 -.274424E+01
     209 -.128502E+01
     210 0.554320E+00
     211 0.840491E+00
     212 0.188192E+01
     213 0.312123E+00
     214 -.118468E+01
     215 0.437950E+01
     216 0.555245E+01
     217 0.281452E+01
     218 0.205999E+01
     219 0.595854E+01
     220 0.967999E+01
     221 0.614130E+01
     222 0.463658E+01
     223 0.826393E+01
     224 0.649285E+01
     225 0.480545E+01
     226 0.105645E+02
     227 0.517216E+01
     228 0.496602E+01
     229 0.573365E+01
     230 0.368861E+01
     231 0.339220E+01
     232 0.230563E+00
     233 0.399696E+00
     234 0.186834E+01
     235 -.260973E+01
     236 0.554303E+01
     237 -.103346E+01
     238 0.331505E+01
     239 0.798781E+00
     240 0.325800E+01
     241 0.338612E+01
     242 0.135217E+01
     243 0.387447E+01
     244 0.658486E+01
     245 0.501281E+01
     246 0.448648E+01
     247 0.537683E+01
     248 0.575242E+01
     249 0.755607E+01
     250 0.207630E+01
     251 0.590166E+01
     252 0.401503E+01
     253 0.268871E+01
     254 0.508588E+01
     255 0.414830E+01
     256 -.258513E+00
     257 0.399118E-01
     258 -.561435E+01
     259 -.206636E+01
     260 -.752643E+01
     261 -.435372E+01
     262 -.144162E+01
     263 -.163045E+01
     264 0.699498E+00
     265 -.169137E+01
     266 -.226572E+01
     267 -.472764E+01
     268 0.696575E+00
     269 0.966240E+00
     270 -.288123E+00
     271 0.106911E+00
     272 0.188193E+01
     273 0.441911E+01
     274 0.343095E+01
     275 0.521340E+01
     276 0.623066E+01
     277 0.103336E+01
     278 0.675612E+01
     279 0.642988E+01
     280 0.227359E+01
     281 -.287632E+00
     282 0.428090E+01
     283 0.317952E+01
     284 0.165563E+01
     285 0.923634E+01
     286 0.740509E+01
     287 0.884823E+01
     288 0.648158E+01
     289 0.447144E+01
     290 0.245380E+01
     291 0.827089E+01
     292 0.297673E+01
     293 0.615832E+01
     294 -.373734E+01
     295 -.161289E+01
     296 -.484528E+01
     297 -.542713E+01
     298 -.299870E+01
     299 -.181263E+01
     300 -.626487E+01
     301 -.209999E+01
     302 0.478726E+00
     303 -.478227E+01
     304 -.542003E+01
     305 -.576134E+00
     306 -.502254E+00
     307 0.114070E+01
     308 -.312162E+01
     309 -.238497E+01
     310 0.361384E+01
     311 -.254722E+00
     312 -.353872E+01
     313 -.596071E+00
     314 0.384751E+01
     315 0.883942E+00
     316 -.938848E-01
     317 0.594369E+00
     318 0.633181E+01
     319 0.131460E+01
     320 0.487016E+01
     321 0.206764E+01
     322 -.448813E+00
     323 0.647045E+01
     324 0.578777E+01
     325 0.389742E+01
     326 0.676179E+01
     327 0.510261E+01
     328 0.408469E+01
     329 0.249337E+01
     330 -.794592E+00
     331 0.863536E+00
     332 0.318111E+00
     333 -.243259E+00
     334 0.586977E+00
     335 0.454521E+01
     336 0.519346E+01
     337 0.470136E+01
     338 0.254917E+01
     339 0.661699E+01
     340 0.297046E+01
     341 -.691076E+00
     342 0.237208E+01
     343 -.215037E+01
     344 -.269340E+01
     345 0.152080E+01
     346 0.272778E+01
     347 0.371257E+01
     348 0.169973E+01
     349 0.364414E+01
     350 -.825719E+00
     351 0.117180E+01
     352 -.213320E+01
     353 -.852456E+00
     354 -.254329E+01
     355 0.134078E+00
     356 -.144432E+00
     357 0.557570E+01
     358 0.491164E+01
     359 -.165814E+01
     360 0.523934E+01
     361 0.560828E+01
     362 0.205630E+01
     363 0.494882E+01
     364 0.564374E+01
     365 0.889958E+01
     366 0.302835E+01
     367 0.582079E+01
     368 0.908255E+01
     369 0.766427E+01
     370 0.867698E+01
     371 0.680525E+01
     372 0.100327E+02
     373 0.461629E+01
     374 0.671060E+01
     375 0.828361E+01
     376 0.142441E+01
     377 0.326454E+01
     378 -.138641E+01
     379 0.354053E+01
     380 0.777071E+00
     381 -.209175E+00
     382 -.645212E+00
     383 -.472463E+01
     384 -.471699E+01
     385 -.598492E+01
     386 0.190090E+01
     387 0.527889E+01
     388 0.110161E+01
     389 0.359695E+01
     390 0.441441E+01
     391 0.472339E+01
     392 0.212070E+00
     393 0.222992E+01
     394 0.188716E+00
     395 0.413222E+01
     396 0.247772E+01
     397 0.544881E+01
     398 0.493883E+01
     399 0.669951E+01
     400 0.364128E+01
     401 0.115286E+01
     402 -.167448E+01
     403 0.241644E+01
     404 0.216427E+01
     405 -.614654E+01
     406 -.288782E+01
     407 0.910237E+00
     408 -.682722E+01
     409 -.341106E+01
     410 -.360757E+01
     411 -.530627E-01
     412 -.153402E+01
     413 0.432500E+00
     414 -.860974E+00
     415 -.239011E+01
     416 -.154104E+01
     417 0.368837E+01
     418 0.210206E+01
     419 0.526168E+00
     420 -.207467E+00
     421 0.362418E+00
     422 0.340702E+00
     423 0.652867E+01
     424 0.141940E+01
     425 0.129098E+01
     426 0.366155E+00
     427 0.442330E+01
     428 0.931446E+00
     429 0.491290E+01
     430 0.142306E+01
     431 0.880068E+00
     432 0.355460E+01
     433 0.215383E+00
     434 0.466732E+01
     435 0.155845E+01
     436 0.416606E+01
     437 0.209566E+01
     438 0.323954E+01
     439 0.382044E+01
     440 0.345711E+01
     441 0.610463E+01
     442 0.496867E+01
     443 0.677224E+01
     444 0.450114E+01
     445 0.535438E+01
     446 0.116487E+01
     447 -.295196E+00
     448 -.250723E+01
     449 -.195571E+01
     450 -.260398E+01
     451 -.155949E+01
     452 -.130286E+01
     453 0.122856E+00
     454 -.365987E+01
     455 -.289816E+01
     456 -.220726E+01
     457 -.492116E+01
     458 -.274151E+01
     459 -.570271E+01
     460 -.246950E+00
     461 -.346378E+00
     462 -.753275E+00
     463 -.225208E+01
     464 -.132194E+01
     465 0.349948E+01
     466 -.232711E+01
     467 -.272822E+01
     468 0.265035E+01
     469 0.875653E+00
     470 0.342677E+01
     471 0.715820E+01
     472 0.656206E+01
     473 0.617194E+01
     474 0.757913E+01
     475 0.904127E+01
     476 0.904120E+01
     477 0.195575E+01
     478 0.834810E+00
     479 -.606913E+01
     480 -.507144E+01
     481 -.598985E+01
     482 -.216326E+01
     483 -.148159E+01
     484 0.143894E+01
     485 -.672997E+00
     486 0.406923E+01
     487 0.486696E+01
     488 0.674488E+01
     489 0.653807E+01
     490 0.559215E+01
     491 0.346450E+01
     492 0.202719E+01
     493 -.511748E+01
     494 -.739987E+01
     495 -.630613E+01
     496 -.374283E+01
     497 0.384862E+00
     498 0.452344E+01
     499 0.546877E+01
     500 0.666330E+01
     501 0.318199E+01
     502 0.910627E+00
     503 0.829007E+00
     504 -.339849E+01
     505 -.392970E+01
     506 -.277439E+01
     507 0.328722E+01
     508 0.236464E+01
     509 0.294881E+01
     510 0.539059E+01
     511 0.392608E+01
     512 0.460379E+01
     513 0.650757E+01
     514 0.116278E+02
     515 0.640343E+01
     516 0.894489E+01
     517 0.411657E+01
     518 0.289991E+01
     519 0.399165E+01
     520 0.229967E+01
     521 -.114423E+01
     522 -.230005E+00
     523 -.141235E+01
     524 -.362727E+01
     525 -.483882E+01
     526 0.799105E+00
     527 0.130000E+01
     528 0.463114E+00
     529 0.365669E+01
     530 0.543297E+01
     531 0.612312E+00
     532 0.183320E+01
     533 -.195996E+01
     534 0.482593E+01
     535 0.143573E+01
     536 0.472208E+01
     537 0.266164E+01
     538 0.562569E+01
     539 -.417544E+00
     540 0.549735E+01
     541 0.209813E+01
     542 0.883663E+01
     543 0.518251E+01
     544 0.562816E+01
     545 0.577821E+01
     546 0.267475E+01
     547 0.144191E+01
     548 -.359896E+01
     549 -.179592E-01
     550 -.512383E+01
     551 -.109482E+01
     552 -.190906E+01
     553 -.138628E+01
     554 -.100311E+01
     555 0.336759E+00
     556 -.440545E+01
     557 0.155579E+01
     558 0.128065E+01
     559 -.410591E+00
     560 0.233072E+01
     561 0.729464E+00
     562 0.320390E+00
     563 0.293814E+01
     564 0.158699E+01
     565 0.279572E+01
     566 0.101950E+01
     567 0.152405E+01
     568 0.408093E+01
     569 0.445065E+01
     570 -.256310E+01
     571 -.584079E+01
     572 -.452803E+01
     573 0.300174E+01
     574 0.604170E+01
     575 0.686506E+01
     576 0.743121E+01
     577 0.963621E+01
     578 0.116757E+02
     579 0.142778E+02
     580 0.118274E+02
     581 0.114305E+02
     582 0.115037E+02
     583 0.126629E+02
     584 0.105215E+02
     585 0.738297E+01
     586 0.101640E+02
     587 0.782849E+01
     588 0.929449E+01
     589 0.761796E+01
     590 0.574627E+01
     591 0.450964E+01
     592 0.370302E+01
     593 0.227315E+01
     594 0.155327E+01
     595 0.801191E+00
     596 0.929121E+00
     597 0.119890E+01
     598 0.364397E+01
     599 0.236258E-01
     600 0.570476E+01
     601 0.353344E+01
     602 0.347526E+01
     603 0.663619E+01
     604 0.731137E+01
     605 0.512265E+01
     606 0.887754E+01
     607 0.902240E+01
     608 0.654759E+01
     609 0.629571E+01
     610 0.583313E+01
     611 0.434312E+01
     612 0.884469E+01
     613 0.736794E+01
     614 0.361474E+01
     615 0.539375E+01
     616 0.170058E+01
     617 0.567871E+00
     618 -.974934E+00
     619 0.357503E+01
     620 -.175330E+01
     621 -.476663E+01
     622 -.353992E+01
     623 0.194863E+01
     624 0.392196E+00
     625 0.104421E+01
     626 0.305264E+01
     627 0.530733E+01
     628 0.152709E+01
     629 0.389323E+01
     630 0.383557E+01
     631 0.495231E+01
     632 0.265627E+01
     633 0.476633E+01
     634 0.693456E+01
     635 0.421329E+01
     636 0.312295E+00
     637 0.208880E+01
     638 0.376341E+01
     639 0.347827E+01
     640 0.362697E+01
     641 0.545038E+01
     642 0.524944E+01
     643 0.256469E+01
     644 0.701005E+01
     645 0.353186E+01
     646 0.757950E+01
     647 0.681015E+01
     648 0.367883E+01
     649 0.362529E+01
     650 0.113367E+01
     651 -.257271E+01
     652 -.304085E+01
     653 -.508813E+01
     654 -.727251E+01
     655 -.309784E+01
     656 -.470086E+01
     657 -.195825E+01
     658 -.344645E+00
     659 -.533742E+01
     660 -.130200E+01
     661 -.511724E+01
     662 -.265537E+01
     663 0.487060E-01
     664 -.394588E+01
     665 -.279991E+01
     666 -.573918E+00
     667 0.268727E+01
     668 -.716061E+00
     669 0.397905E+01
     670 0.730200E+00
     671 0.190038E+01
     672 0.642657E+00
     673 0.352500E+01
     674 0.106930E+02
     675 0.383307E+01
     676 0.871375E+01
     677 0.663468E+01
     678 0.107391E+02
     679 0.744481E+01
     680 0.121814E+02
     681 0.835420E+01
     682 0.921122E+01
     683 0.637494E+01
     684 0.802188E+01
     685 0.148355E+01
     686 0.406316E+01
     687 0.337003E+01
     688 -.202268E+01
     689 -.182032E+01
     690 -.537532E+01
     691 -.376528E+01
     692 -.352588E+01
     693 -.304953E+01
     694 -.274033E+00
     695 -.399276E+00
     696 0.351202E+01
     697 0.429222E+01
     698 0.388291E+01
     699 -.880108E+00
     700 0.170236E+01
     701 0.427622E+01
     702 0.602980E+01
     703 -.863060E+00
     704 0.397368E+00
     705 0.772592E+00
     706 0.166829E+01
     707 -.129326E+01
     708 0.360246E+01
     709 0.275107E+01
     710 0.400212E+01
     711 0.489224E+01
     712 0.856826E+01
     713 0.598865E+01
     714 0.483754E+01
     715 0.354226E+01
     716 0.123929E+01
     717 -.958876E+00
     718 0.134260E+01
     719 0.212765E+01
     720 0.811588E-02
     721 -.522584E+00
     722 -.173453E+01
     723 0.397487E+01
     724 -.125885E+01
     725 0.245030E+01
     726 0.483934E+00
     727 0.204557E+01
     728 0.168305E+01
     729 0.170520E+01
     730 0.181979E+01
     731 0.596562E+01
     732 0.221267E+01
     733 0.807128E+01
     734 0.116384E+02
     735 0.863496E+01
     736 0.122413E+02
     737 0.828931E+01
     738 0.604309E+01
     739 0.144386E+02
     740 0.116381E+02
     741 0.862091E+01
     742 0.974524E+01
     743 0.980755E+01
     744 0.123167E+02
     745 0.109363E+02
     746 0.790172E+01
     747 0.940936E+01
     748 0.994108E+01
     749 0.733764E+01
     750 0.875669E+01
     751 0.573933E+01
     752 0.625242E+01
     753 0.668066E+01
     754 0.482947E+01
     755 0.194636E+01
     756 -.246902E+00
     757 -.450623E+01
     758 -.265184E+01
     759 -.234270E+01
     760 -.201922E+01
     761 -.418416E+01
     762 0.118924E+01
     763 0.233571E+00
     764 0.217111E+01
     765 0.109789E+01
     766 0.361653E+01
     767 0.131509E+01
     768 0.606938E+00
     769 -.118346E+01
     770 0.211197E+01
     771 0.178800E+01
     772 0.650780E+01
     773 0.311924E+01
     774 0.730375E+01
     775 0.321171E+01
     776 0.223423E+01
     777 0.563417E+01
     778 0.542880E+01
     779 0.317749E+01
     780 0.522360E+01
     781 -.126242E+01
     782 0.751263E+00
     783 0.125006E+01
     784 -.102765E+01
     785 -.335811E+01
     786 0.203200E+01
     787 -.296889E+01
     788 -.317045E+01
     789 0.270529E+01
     790 -.134572E+00
     791 0.977632E+00
     792 0.316418E+01
     793 0.197772E+01
     794 0.164074E+01
     795 0.125684E+01
     796 -.738293E+01
     797 0.571563E+00
     798 -.278900E+01
     799 -.489141E+01
     800 0.108355E+01
     801 -.241364E+01
     802 -.377821E-01
     803 0.998517E+00
     804 -.217501E+01
     805 0.128037E+01
     806 0.441926E+01
     807 0.685677E+01
     808 0.412062E+01
     809 0.389805E+01
     810 0.609810E+01
     811 0.591885E+01
     812 0.813823E+00
     813 0.393386E+01
     814 0.592562E+01
     815 0.353178E+01
     816 0.578386E+01
     817 0.335130E+01
     818 0.372297E+01
     819 0.549015E+01
     820 0.412369E+01
     821 -.202709E+00
     822 0.473986E+01
     823 0.386751E+01
     824 0.109793E+01
     825 -.194747E+01
     826 0.117110E+01
     827 -.844558E+00
     828 -.250442E+00
     829 0.213599E+01
     830 -.177796E+01
     831 -.314391E+01
     832 0.161974E+01
     833 0.271313E+01
     834 0.207288E+01
     835 0.328883E+01
     836 0.125950E+01
     837 0.183310E+01
     838 0.217493E+01
     839 -.205701E+01
     840 -.154985E+01
     841 -.771308E+00
     842 -.192410E+01
     843 0.405766E+01
     844 0.213032E+01
     845 0.394568E+01
     846 0.290743E+01
     847 -.104689E+01
     848 0.261779E+01
     849 0.212858E+01
     850 -.305492E+00
     851 0.222748E+01
     852 -.828031E+00
     853 0.110332E+01
     854 0.174668E+01
     855 -.167917E+00
     856 0.176697E+01
     857 0.175437E+00
     858 0.779762E+00
     859 0.142285E+01
     860 0.309672E+01
     861 0.303895E+01
     862 0.432565E+01
     863 0.478856E+01
     864 0.210639E+01
     865 0.410410E+01
     866 0.309952E+01
     867 0.481029E+01
     868 0.461063E+01
     869 0.110236E+01
     870 0.532699E+00
     871 0.656593E+01
     872 -.151978E+01
     873 0.195916E+01
     874 0.431198E+01
     875 0.770459E+01
     876 0.607111E+01
     877 0.212104E+01
     878 0.422271E+01
     879 0.435535E+01
     880 0.722035E+01
     881 0.115450E+02
     882 0.108638E+02
     883 0.819208E+01
     884 0.825199E+01
     885 0.350711E+01
     886 0.326990E+00
     887 0.154756E+01
     888 0.146687E+00
     889 -.214541E+01
     890 -.184153E+01
     891 -.372323E+00
     892 -.322934E+01
     893 -.567651E+01
     894 -.550678E+01
     895 -.291386E+01
     896 0.532918E+00
     897 -.276823E+01
     898 -.136057E+01
     899 -.328499E+01
     900 -.853445E+00
     901 0.717456E+00
     902 -.593490E+00
     903 0.353932E+01
     904 -.274519E-01
     905 0.605723E+01
     906 0.254047E+01
     907 0.226796E+01
     908 0.477160E+01
     909 0.144720E+01
     910 0.160495E+01
     911 0.318123E+01
     912 0.446528E+01
     913 -.123633E+01
     914 0.251647E+01
     915 0.363115E+01
     916 0.375392E+01
     917 0.200706E+01
     918 0.500578E+01
     919 -.621759E+00
     920 -.244840E+01
     921 0.845028E+00
     922 -.495712E+00
     923 -.447846E+01
     924 0.565783E+00
     925 0.252530E+01
     926 0.399159E+01
     927 0.191180E+01
     928 -.153427E+00
     929 -.589670E+00
     930 0.170220E+01
     931 0.412297E+01
     932 0.260642E+01
     933 0.228876E+01
     934 0.976970E+00
     935 0.443008E+01
     936 0.371086E+01
     937 -.211535E+01
     938 -.938153E+00
     939 -.235571E+01
     940 -.368156E+00
     941 -.464127E+00
     942 -.309121E+01
     943 -.251122E+00
     944 -.124424E+01
     945 -.226338E+01
     946 0.114149E+01
     947 0.193477E+01
     948 0.792271E+00
     949 0.302425E+01
     950 0.650293E+00
     951 -.485015E+00
     952 0.998732E+00
     953 -.657539E+00
     954 -.347798E+01
     955 -.248438E+01
     956 -.577745E+00
     957 -.272313E+01
     958 -.752472E-01
     959 -.173210E+01
     960 -.172862E+00
     961 0.853564E+00
     962 0.752905E+01
     963 0.907526E+01
     964 0.614243E+01
     965 0.110042E+02
     966 0.939571E+01
     967 0.779609E+01
     968 0.948855E+01
     969 0.119035E+02
     970 0.800680E+01
     971 0.875515E+01
     972 0.850978E+01
     973 0.673272E+01
     974 0.539230E+01
     975 -.669568E+00
     976 -.253830E+01
     977 -.156763E+01
     978 -.352180E+01
     979 -.488446E+01
     980 -.421394E+01
     981 -.574990E+01
     982 -.820917E+01
     983 -.176772E+01
     984 -.366091E+01
     985 0.882406E+00
     986 -.729846E+00
     987 0.251676E+01
     988 0.163053E+01
     989 0.703183E+00
     990 0.246277E+01
     991 0.308065E+01
     992 0.151305E+01
     993 -.147233E+01
     994 -.173707E+01
     995 0.149338E+01
     996 0.285787E+01
     997 0.229020E+01
     998 0.118471E+01
     999 0.447665E+01
    1000 0.331358E+01
    1001 0.389255E+01
    1002 0.841838E+01
    1003 0.617875E+01
    1004 0.800292E+01
    1005 0.343836E+01
    1006 0.319005E+01
    1007 0.352389E+01
    1008 0.627115E+01
    1009 0.418206E+01
    1010 0.517300E+01
    1011 0.289546E+01
    1012 0.656152E+01
    1013 0.401953E+01
    1014 0.680494E+01
    1015 0.143911E+01
    1016 0.828165E+01
    1017 0.474780E+01
    1018 0.322789E+01
    1019 0.740109E+01
    1020 0.479168E+01
    1021 0.654893E+01
    1022 0.507263E+01
    1023 0.733264E+01
    1024 0.567170E+01
    1025 0.811703E+01
    1026 0.856958E+01
    1027 0.994374E+01
    1028 0.789956E+01
    1029 0.759802E+01
    1030 0.591885E+01
    1031 -.640079E+00
    1032 -.443234E+01
    1033 -.520056E+01
    1034 -.881897E+01
    1035 -.793959E+01
    1036 -.551229E+01
    1037 -.733173E+01
    1038 -.172080E+00
    1039 -.250582E+01
    1040 -.159912E+01
    1041 -.164080E+01
    1042 0.236757E+01
    1043 0.453891E+01
    1044 0.309986E+01
    1045 0.269372E+01
    1046 -.167038E+01
    1047 0.333684E+01
    1048 -.178513E+01
    1049 0.428474E+01
    1050 0.110173E+01
    1051 0.204606E+00
    1052 0.344696E+01
    1053 0.191367E+01
    1054 0.108203E+01
    1055 -.109278E+01
    1056 -.158187E+01
    1057 0.137750E+01
    1058 -.349008E+00
    1059 0.194809E+01
    1060 -.461859E+00
    1061 -.235954E+00
    1062 0.416583E+00
    1063 0.379247E+01
    1064 0.223126E+01
    1065 0.566057E+01
    1066 0.301775E+01
    1067 0.637222E+00
    1068 0.362468E+01
    1069 0.151595E+00
    1070 0.137570E+01
    1071 0.362275E+01
    1072 0.481551E+01
    1073 0.365880E+01
    1074 0.844591E+01
    1075 -.107040E+01
    1076 0.236514E+01
    1077 -.454695E+00
    1078 -.944499E+00
    1079 -.332530E+00
    1080 -.101796E+02
    1081 -.448771E+01
    1082 -.680527E+01
    1083 -.737688E+01
    1084 -.268827E+01
    1085 0.926220E+00
    1086 -.487662E+00
    1087 -.799058E+00
    1088 0.384315E+00
    1089 -.185859E+01
    1090 -.146493E+00
    1091 0.865523E+00
    1092 0.123391E+01
    1093 -.350485E+00
    1094 -.135445E+00
    1095 0.283141E+01
    1096 -.936863E+00
    1097 0.269518E+01
    1098 0.433917E+01
    1099 0.645096E+01
    1100 0.551533E+01
    1101 0.520842E+01
    1102 0.485739E+01
    1103 0.811193E+01
    1104 0.370668E+01
    1105 -.642292E-01
    1106 -.704215E+01
    1107 -.476105E+01
    1108 -.552849E+01
    1109 0.262818E+00
    1110 -.250382E+01
    1111 0.280738E+01
    1112 -.395562E+01
    1113 0.284930E+01
    1114 0.487347E+01
    1115 0.300745E+01
    1116 0.355180E+01
    1117 0.440172E+01
    1118 0.654663E+00
    1119 0.239834E+01
    1120 0.306406E+01
    1121 0.286714E+01
    1122 0.274902E+01
    1123 0.587430E+01
    1124 0.764047E+01
    1125 0.597028E+01
    1126 0.829037E+01
    1127 0.772941E+01
    1128 0.112999E+02
    1129 0.925373E+01
    1130 0.938855E+01
    1131 0.109045E+02
    1132 0.443443E+01
    1133 0.796462E+01
    1134 0.639761E+01
    1135 0.671563E+01
    1136 0.817832E+01
    1137 0.264995E+01
    1138 0.618548E+01
    1139 0.544676E+01
    1140 0.692650E+01
    1141 0.658108E+01
    1142 0.729859E+01
    1143 0.565047E+01
    1144 0.114779E+02
    1145 0.935479E+01
    1146 0.680917E+01
    1147 0.841454E+01
    1148 0.812775E+01
    1149 0.385225E+01
    1150 0.694723E+01
    1151 0.424267E+01
    1152 0.722632E+01
    1153 0.655768E+01
    1154 0.800989E+01
    1155 0.721251E+01
    1156 0.100031E+02
    1157 0.535416E+01
    1158 0.176615E+01
    1159 0.126723E+01
    1160 -.285539E+01
    1161 -.179687E+01
    1162 -.446535E+01
    1163 -.629015E+01
    1164 -.399752E+00
    1165 -.371575E+01
    1166 -.230992E+01
    1167 -.614064E+01
    1168 -.274072E-01
    1169 0.122283E+00
    1170 0.275325E+01
    1171 0.330172E-01
    1172 0.371002E+01
    1173 0.465320E+01
    1174 0.348791E+01
    1175 0.478704E+01
    1176 0.296838E+00
    1177 0.583494E+01
    1178 0.639335E+01
    1179 0.632320E+01
    1180 0.820352E+01
    1181 0.911082E+01
    1182 0.108218E+02
    1183 0.616197E+01
    1184 0.104920E+02
    1185 0.781276E+01
    1186 0.546956E+01
    1187 0.334165E+01
    1188 0.176603E+01
    1189 -.156140E+00
    1190 0.572710E+01
    1191 0.216893E+01
    1192 0.335676E+01
    1193 -.195322E+01
    1194 0.452984E+01
    1195 0.314051E+01
    1196 0.652411E+01
    1197 0.435040E+01
    1198 0.269896E+01
    1199 0.741866E+01
    1200 0.101985E+00
