     200 0.971155E+00
     201 -.340629E+01
     202 -.235493E+01
     203 0.199693E+00
     204 0.475086E+01
     205 0.679054E+00
     206 0.752732E+01
     207 0.344938E+01
     208 0.111122E+00
     209 0.261542E+01
     210 0.887446E-01
     211 0.146775E+01
     212 -.460335E+01
     213 0.144231E+01
     214 0.339071E+00
     215 -.363445E+00
     216 0.639891E+01
     217 0.340778E+01
     218 0.717112E+01
     219 0.481158E+01
     220 0.502988E+01
     221 0.399164E+01
     222 0.222083E+01
     223 0.544857E+01
     224 0.660097E+00
     225 -.342458E+01
     226 -.343895E+01
     227 -.568645E+01
     228 -.289666E+01
     229 -.252619E+01
     230 -.548929E+01
     231 -.142104E+01
     232 -.675797E+00
     233 -.328777E+01
     234 0.343519E+01
     235 -.145547E+01
     236 -.299910E+01
     237 0.170269E+01
     238 0.200390E+00
     239 0.497287E+01
     240 -.157294E+00
     241 0.347535E+01
     242 0.740018E+01
     243 0.300876E+01
     244 0.818280E+01
     245 0.898923E+01
     246 0.745363E+01
     247 0.111404E+02
     248 0.117146E+02
     249 0.710344E+01
     250 0.548188E+01
     251 0.799550E+01
     252 0.510881E+01
     253 0.243841E+01
     254 0.223900E+01
     255 -.222625E+01
     256 -.133729E+01
     257 0.123318E+01
     258 0.209790E+01
     259 0.186650E+00
     260 0.126106E+01
     261 0.617455E+01
     262 0.413634E+01
     263 0.272035E+01
     264 0.305732E+01
     265 0.100266E+01
     266 0.128116E+01
     267 0.432518E+01
     268 0.155532E+01
     269 0.647351E+01
     270 0.197622E+01
     271 0.272117E+00
     272 0.141608E+01
     273 0.405603E+01
     274 0.484643E+01
     275 0.103970E+02
     276 0.883572E+01
     277 0.499952E+01
     278 0.511898E+01
     279 0.578452E+01
     280 0.436730E+01
     281 0.878510E+01
     282 0.421672E+01
     283 0.315495E+01
     284 0.272160E+01
     285 0.411938E+01
     286 -.158419E+00
     287 -.307502E+00
     288 0.220283E+01
     289 -.408081E+01
     290 0.221638E+00
     291 -.103693E+01
     292 -.412035E+01
     293 -.442468E+01
     294 -.436594E+01
     295 -.139349E+01
     296 -.969449E+00
     297 -.260131E+01
     298 0.995491E+00
     299 0.277827E+01
     300 0.408894E+01
     301 0.227978E+01
     302 0.363986E+01
     303 0.578334E+01
     304 0.156321E+01
     305 0.161331E+00
     306 0.113071E+01
     307 -.771219E+00
     308 0.435800E+00
     309 0.281910E+00
     310 -.129797E+01
     311 0.533548E-01
     312 -.359384E+01
     313 -.416772E+00
     314 0.795636E+00
     315 0.494698E+01
     316 0.540260E+01
     317 0.671187E+01
     318 0.556910E+01
     319 0.789207E+01
     320 0.810887E+01
     321 0.737880E+01
     322 0.995341E+01
     323 0.891194E+01
     324 0.988920E+01
     325 0.212293E+01
     326 0.137211E+01
     327 -.179103E+01
     328 -.389389E+01
     329 -.192347E+01
     330 -.253187E+01
     331 -.430874E+01
     332 0.465462E+00
     333 0.350366E+01
     334 0.169426E+01
     335 0.702210E+00
     336 0.562865E+00
     337 0.375730E+01
     338 0.490414E+00
     339 -.831283E+00
     340 0.190280E+01
     341 -.132715E+01
     342 0.324210E+01
     343 0.181693E+01
     344 0.194976E+00
     345 0.374382E+00
     346 0.235268E+01
     347 0.443027E+01
     348 0.380090E+01
     349 0.858997E+01
     350 0.524415E+01
     351 0.356635E+00
     352 0.475770E+01
     353 0.590798E+01
     354 0.520135E+01
     355 0.789146E+01
     356 0.581352E+01
     357 0.802017E+01
     358 0.728021E+01
     359 0.595819E+01
     360 0.988295E+01
     361 0.105605E+02
     362 0.601086E+01
     363 0.677219E+01
     364 0.925280E+00
     365 0.427518E+01
     366 0.259264E+00
     367 -.179857E+01
     368 -.918459E+00
     369 -.454321E+00
     370 -.372565E+01
     371 -.329579E+01
     372 -.354482E+01
     373 0.236038E+01
     374 -.186466E+01
     375 -.182302E+01
     376 0.941051E+00
     377 -.149793E+01
     378 -.443314E+01
     379 -.302972E+01
     380 -.217250E+01
     381 -.320407E+01
     382 -.568352E+00
     383 0.637362E+00
     384 -.207635E+01
     385 0.502386E+00
     386 0.524616E+01
     387 0.253593E+01
     388 0.363847E+01
     389 0.476123E+01
     390 0.502029E+01
     391 0.593807E+01
     392 0.268217E+01
     393 0.115395E+01
     394 0.775403E+01
     395 0.791009E+01
     396 0.931959E+01
     397 0.975006E+01
     398 0.281929E+01
     399 0.308162E+00
     400 0.210573E+01
     401 0.472424E+00
     402 -.153959E+01
     403 -.183556E+01
     404 -.555219E+01
     405 -.229517E+01
     406 -.907620E+00
     407 0.232054E+01
     408 -.350782E+00
     409 0.431899E+01
     410 0.303782E+01
     411 0.145900E+01
     412 0.247206E+01
     413 0.204524E+01
     414 0.191800E+01
     415 -.635220E+00
     416 0.535204E+00
     417 0.557956E+01
     418 -.129471E+01
     419 0.241998E+01
     420 0.286417E+01
     421 0.420305E+01
     422 0.258924E+01
     423 0.226136E+01
     424 0.674200E+01
     425 0.189336E+01
     426 0.522337E+01
     427 0.350306E+01
     428 0.738757E+01
     429 0.366389E+01
     430 0.453378E+01
     431 0.468149E+01
     432 0.476796E+01
     433 0.612402E+01
     434 0.588399E+01
     435 0.432517E+01
     436 0.665191E+01
     437 -.831317E+00
     438 0.523563E+01
     439 0.328825E+01
     440 0.533396E+01
     441 0.316455E+01
     442 0.500798E+01
     443 0.370127E+01
     444 0.484374E+01
     445 -.197678E+01
     446 0.229035E+00
     447 0.729073E+00
     448 -.540112E+00
     449 0.386848E+00
     450 0.550242E+01
     451 0.787654E+00
     452 0.759708E+01
     453 0.557687E+01
     454 0.135550E+01
     455 0.405662E+01
     456 0.583725E+01
     457 0.204418E+01
     458 0.441715E+01
     459 0.542259E+01
     460 0.916717E+00
     461 -.636856E+00
     462 0.298201E+01
     463 0.437141E+01
     464 0.491611E+01
     465 0.716480E+01
     466 0.839827E+00
     467 0.118591E+01
     468 0.424644E+01
     469 0.456108E+01
     470 0.701301E+01
     471 0.122286E+02
     472 0.180228E+01
     473 0.637151E+01
     474 0.401225E+01
     475 0.247750E+01
     476 0.126176E+01
     477 -.198729E+01
     478 -.737753E+00
     479 -.340355E+01
     480 0.591921E+00
     481 0.253415E+01
     482 0.406643E+01
     483 0.505730E+01
     484 0.538518E+01
     485 0.474906E+01
     486 0.489692E+01
     487 0.518383E+01
     488 0.278855E+01
     489 0.396940E+01
     490 0.252746E+01
     491 0.107252E+01
     492 0.478395E-01
     493 0.258252E+01
     494 0.263609E+01
     495 -.293013E+00
     496 -.339831E+01
     497 -.123966E+01
     498 0.403119E+00
     499 0.360087E+01
     500 0.745255E+01
     501 0.644748E+01
     502 0.109467E+02
     503 0.104446E+02
     504 0.107590E+02
     505 0.859054E+01
     506 0.701580E+01
     507 0.907451E+01
     508 0.880109E+01
     509 0.811680E+01
     510 0.550092E+01
     511 0.471866E+01
     512 0.656594E+00
     513 -.200418E+01
     514 -.247839E+01
     515 -.301576E+01
     516 -.309202E+01
     517 -.838327E+01
     518 -.306340E+01
     519 -.555127E+01
     520 -.178167E+01
     521 -.403210E+01
     522 -.772935E+01
     523 -.205033E+01
     524 -.348760E+00
     525 0.303940E+01
     526 -.178732E+01
     527 0.238332E+01
     528 -.296202E+01
     529 0.113008E+00
     530 0.799699E+00
     531 0.627090E+01
     532 0.178362E+01
     533 0.154650E+01
     534 0.269843E+01
     535 0.731174E+01
     536 0.841340E+01
     537 0.573538E+01
     538 0.118396E+02
     539 0.813704E+01
     540 0.116487E+02
     541 0.608690E+01
     542 0.804717E+01
     543 0.540206E+01
     544 0.112492E+01
     545 -.311604E+01
     546 -.533628E+01
     547 -.273980E+01
     548 -.606999E+00
     549 0.250992E+01
     550 0.113531E+01
     551 0.392431E+01
     552 0.485337E+01
     553 0.999433E+01
     554 0.534490E+01
     555 0.775106E+01
     556 0.731287E+01
     557 0.504026E+01
     558 0.602016E+01
     559 0.516045E+01
     560 0.789587E+01
     561 0.358910E+01
     562 0.703927E+01
     563 0.516464E+01
     564 0.549273E+01
     565 0.602257E+01
     566 0.166438E+01
     567 0.819645E+01
     568 0.854079E+01
     569 0.987398E+01
     570 0.114439E+02
     571 0.760645E+01
     572 0.104356E+02
     573 0.967154E+01
     574 0.511294E+01
     575 0.755510E+01
     576 0.973481E+01
     577 0.387337E+01
     578 0.296270E+01
     579 -.100332E+01
     580 0.249723E+00
     581 0.528986E+00
     582 -.172647E+01
     583 -.315340E+00
     584 0.137446E+01
     585 -.143264E+01
     586 -.161527E+01
     587 0.888042E+00
     588 -.166869E+01
     589 -.221331E+00
     590 -.252657E+01
     591 -.864265E+00
     592 -.601097E+01
     593 0.341919E+00
     594 -.283360E+01
     595 -.542629E+01
     596 -.829093E+00
     597 -.246721E+01
     598 0.386513E+01
     599 -.816906E+00
     600 0.268342E+01
     601 -.232235E+01
     602 0.290919E+01
     603 0.246508E+01
     604 0.394183E+01
     605 0.762146E+01
     606 0.600558E+01
     607 0.624518E+01
     608 0.103490E+02
     609 0.120656E+02
     610 0.111063E+02
     611 0.101084E+02
     612 0.857128E+01
     613 0.532836E+01
     614 0.832632E+01
     615 0.237418E+01
     616 -.461274E+00
     617 -.256501E+01
     618 -.117821E+01
     619 0.239361E+01
     620 0.308534E+00
     621 -.243891E+01
     622 0.961071E+00
     623 0.278006E+01
     624 0.158821E+01
     625 -.556668E+00
     626 0.425004E+01
     627 0.212348E+01
     628 0.403191E+01
     629 0.718558E+01
     630 0.723351E+01
     631 0.775297E+01
     632 0.132057E+02
     633 0.104083E+02
     634 0.144176E+02
     635 0.580721E+01
     636 0.804868E+01
     637 0.777320E+01
     638 0.742194E+01
     639 0.794154E+01
     640 0.643278E+01
     641 0.697706E+01
     642 0.725155E+01
     643 0.939995E+01
     644 0.510093E+01
     645 0.383998E+01
     646 0.156719E+01
     647 0.453612E+01
     648 -.221421E+01
     649 -.314230E+00
     650 -.123656E+01
     651 0.523523E+01
     652 0.624537E+00
     653 0.226813E+01
     654 0.475559E+01
     655 0.227733E+01
     656 0.679340E+01
     657 0.491872E+01
     658 0.339701E+01
     659 0.107775E+01
     660 0.404970E+01
     661 0.218327E+01
     662 0.588037E-01
     663 0.144405E+01
     664 -.488817E+00
     665 -.339825E+01
     666 0.885730E+00
     667 0.617609E+00
     668 0.941448E+00
     669 0.405088E+01
     670 0.500083E+01
     671 0.413529E+01
     672 0.121706E+01
     673 0.589515E+01
     674 0.592299E+01
     675 0.685904E+01
     676 0.223036E+01
     677 0.372794E+00
     678 -.493611E+01
     679 -.413346E+01
     680 -.277127E+01
     681 -.395841E+01
     682 -.626360E+01
     683 -.163170E+01
     684 0.207422E+00
     685 0.671836E+00
     686 -.516763E+00
     687 -.120684E+00
     688 0.452712E+01
     689 0.116739E+01
     690 -.893109E+00
     691 -.158381E+01
     692 0.323152E+01
     693 0.279620E+01
     694 -.242448E+01
     695 -.707965E+00
     696 -.309801E-01
     697 0.357912E+01
     698 0.239217E+01
     699 0.913817E+01
     700 0.897721E+01
     701 0.104420E+02
     702 0.108538E+02
     703 0.712437E+01
     704 0.105708E+02
     705 0.624672E+01
     706 0.101813E+02
     707 0.913389E+01
     708 0.632528E+01
     709 0.455572E+01
     710 0.784318E+01
     711 0.426591E+01
     712 0.475705E+01
     713 0.259685E+01
     714 -.147671E+01
     715 -.284467E+01
     716 -.915174E+00
     717 -.520940E+01
     718 -.282417E+01
     719 -.183804E+01
     720 0.204974E+01
     721 -.221685E+01
     722 0.795923E+00
     723 -.274603E+01
     724 0.154263E+00
     725 0.213258E+01
     726 0.410483E+01
     727 0.224499E+01
     728 0.253369E+01
     729 0.260962E+01
     730 0.412710E+01
     731 0.302317E+01
     732 0.115497E+02
     733 0.519858E+01
     734 0.468718E+01
     735 -.475631E+00
     736 -.283823E+01
     737 -.144634E+01
     738 0.130983E+01
     739 -.330319E+01
     740 -.347911E+01
     741 -.836095E+00
     742 0.257113E+01
     743 0.681992E+01
     744 0.908618E+01
     745 0.652814E+01
     746 0.505990E+01
     747 0.203916E+01
     748 -.191594E+01
     749 -.658500E+01
     750 -.486583E+01
     751 -.418981E+01
     752 -.582935E+01
     753 -.337294E+01
     754 -.485789E+01
     755 -.421771E+01
     756 0.581478E+00
     757 -.247591E+01
     758 -.251277E+01
     759 -.309217E+00
     760 0.371331E+01
     761 -.911455E+00
     762 0.390441E+00
     763 0.175107E+01
     764 0.146745E+01
     765 0.396102E+01
     766 0.132399E+01
     767 0.370684E+01
     768 0.162895E+01
     769 0.464533E+01
     770 0.447575E+00
     771 0.397781E+01
     772 0.774357E+01
     773 0.489682E+01
     774 0.792457E+01
     775 0.469488E+01
     776 0.562880E+01
     777 0.995353E+01
     778 0.716551E+01
     779 0.632755E+01
     780 0.618189E+01
     781 0.363028E+01
     782 -.820055E+00
     783 0.795607E+00
     784 0.307582E+01
     785 0.589588E+01
     786 0.104351E+02
     787 0.234763E+01
     788 0.401402E+01
     789 0.375455E+01
     790 0.538850E+01
     791 0.250262E+01
     792 0.381415E+01
     793 0.410571E+01
     794 0.911041E+01
     795 0.958826E+01
     796 0.521436E+01
     797 0.803889E+01
     798 0.433888E+01
     799 0.470642E+01
     800 0.719784E+01
     801 0.746440E+01
     802 0.725803E+01
     803 0.852160E+01
     804 0.619205E+01
     805 0.250688E+01
     806 0.405263E+01
     807 0.508216E+01
     808 0.113607E+01
     809 0.178141E+01
     810 0.517003E+00
     811 -.251074E+01
     812 0.119421E+00
     813 -.263889E+01
     814 -.372828E+01
     815 -.293267E+01
     816 -.565343E+00
     817 -.467168E+01
     818 -.157302E+01
     819 -.210085E+01
     820 -.381705E+01
     821 -.275010E+01
     822 -.127471E+01
     823 -.290861E+01
     824 -.288480E+01
     825 -.345482E+01
     826 -.344830E+01
     827 -.122063E+01
     828 -.285025E+01
     829 -.275620E+01
     830 -.326931E+01
     831 -.158599E+01
     832 0.146144E+00
     833 -.715108E+00
     834 -.128723E+01
     835 -.505770E+00
     836 -.102690E+01
     837 -.138338E+01
     838 -.155824E+01
     839 0.187025E+01
     840 -.448250E+00
     841 -.241649E-01
     842 0.190176E+01
     843 -.136743E+00
     844 0.339225E+01
     845 -.255715E+00
     846 0.538984E+01
     847 0.469400E+01
     848 0.458197E+01
     849 0.525428E+01
     850 0.635395E+01
     851 0.582456E+01
     852 0.814745E+01
     853 0.326612E+01
     854 0.618571E+01
     855 0.103468E+02
     856 0.689321E+01
     857 0.836183E+01
     858 0.774089E+01
     859 0.784420E+01
     860 0.986984E+01
     861 0.506014E+01
     862 0.812611E+01
     863 0.468796E+01
     864 0.713525E+01
     865 0.794241E+01
     866 0.786449E+01
     867 0.111214E+02
     868 0.122828E+02
     869 0.930767E+01
     870 0.102670E+02
     871 0.118736E+02
     872 0.820691E+01
     873 0.121246E+02
     874 0.870624E+01
     875 0.840888E+01
     876 0.893152E+01
     877 0.783262E+01
     878 0.439421E+01
     879 0.673621E+01
     880 0.510638E+01
     881 0.340602E+01
     882 0.100302E+01
     883 -.260374E+01
     884 -.384636E+00
     885 -.405948E+01
     886 -.332103E+01
     887 -.204254E+01
     888 -.343825E+01
     889 -.431354E+01
     890 0.738844E-01
     891 -.239186E+01
     892 -.746017E+00
     893 -.216000E+01
     894 0.433366E+01
     895 -.267263E+01
     896 -.209895E+01
     897 0.640733E+00
     898 0.118840E+01
     899 0.178210E+01
     900 0.124549E+01
     901 0.757521E+00
     902 -.769844E+00
     903 0.168545E+01
     904 0.452230E+01
     905 0.212373E+01
     906 0.691077E+01
     907 0.400534E+01
     908 0.490496E+01
     909 0.472599E+01
     910 0.950467E+01
     911 0.950341E+01
     912 0.379592E+01
     913 0.208958E+01
     914 0.215427E+01
     915 0.474515E+01
     916 0.220812E+01
     917 0.265266E+01
     918 0.425927E+01
     919 0.665417E+00
     920 0.348275E+01
     921 0.274951E+01
     922 0.441376E+01
     923 -.570142E+00
     924 0.387433E+01
     925 0.353798E+01
     926 0.341624E+01
     927 0.168953E+01
     928 0.105542E+02
     929 0.475667E+01
     930 0.520864E+01
     931 0.877331E+01
     932 0.679970E+01
     933 0.365828E+01
     934 0.594466E+01
     935 0.428362E+01
     936 0.580323E+01
     937 -.527749E+00
     938 0.704087E+01
     939 0.123133E+01
     940 0.549970E+01
     941 0.686929E+01
     942 0.109500E+02
     943 0.545922E+01
     944 0.839569E+01
     945 0.961487E+01
     946 0.262431E+01
     947 0.600598E+01
     948 0.521774E+01
     949 0.350961E+01
     950 0.164624E+01
     951 0.401809E+01
     952 0.414632E+01
     953 0.436116E+01
     954 0.119776E+01
     955 0.170634E+01
     956 0.154112E+01
     957 0.261828E+01
     958 -.205422E+01
     959 -.248549E+00
     960 0.469350E+00
     961 -.211607E+00
     962 0.428826E+01
     963 0.615301E+01
     964 0.508807E+01
     965 0.516197E+01
     966 0.738406E+01
     967 0.989860E+01
     968 0.313226E+01
     969 0.330715E+01
     970 0.460836E+00
     971 -.293790E+01
     972 -.700503E+00
     973 -.219669E+01
     974 -.931814E+01
     975 -.609309E+01
     976 -.301217E+01
     977 -.196276E+01
     978 -.293872E+01
     979 -.360854E+00
     980 0.356841E+00
     981 0.199145E+01
     982 -.890126E+00
     983 -.101194E+01
     984 0.204195E+01
     985 0.509119E+00
     986 -.168874E+01
     987 0.739468E+00
     988 -.159891E+01
     989 0.132419E+01
     990 0.607150E+01
     991 0.565563E+01
     992 0.807052E+01
     993 0.562085E+01
     994 0.473922E+01
     995 0.875679E+01
     996 0.614363E+01
     997 0.568660E+01
     998 0.542603E+01
     999 0.586553E+01
    1000 0.771993E+01
    1001 0.514726E+01
    1002 0.599849E+01
    1003 0.514994E+01
    1004 0.488882E+01
    1005 -.225110E+01
    1006 0.543125E+01
    1007 0.374451E+01
    1008 0.138068E+01
    1009 0.262751E+01
    1010 0.113184E+01
    1011 0.400293E+01
    1012 0.273067E+01
    1013 0.656729E+01
    1014 0.577726E+01
    1015 0.590049E+01
    1016 0.766159E+01
    1017 0.355612E+01
    1018 0.709322E+01
    1019 0.980969E+01
    1020 0.584165E+01
    1021 0.698513E+01
    1022 0.127717E+02
    1023 0.992821E+01
    1024 0.704026E+01
    1025 0.975921E+01
    1026 0.597724E+01
    1027 0.365815E+01
    1028 0.119824E+01
    1029 0.471243E-01
    1030 -.196662E+01
    1031 -.363898E+01
    1032 -.543102E+01
    1033 -.326765E+01
    1034 -.903844E+00
    1035 -.412426E+00
    1036 0.304011E+01
    1037 0.162988E+01
    1038 -.554271E+00
    1039 0.284181E+01
    1040 0.101180E-01
    1041 0.110281E+01
    1042 -.491864E-01
    1043 0.195990E+01
    1044 0.704623E+01
    1045 0.660991E+01
    1046 0.454313E+01
    1047 0.161590E+01
    1048 0.778525E+01
    1049 0.488199E+01
    1050 0.493522E+01
    1051 0.710239E+01
    1052 0.935734E+01
    1053 0.113494E+01
    1054 0.430339E+01
    1055 0.312118E+01
    1056 0.442640E+01
    1057 0.380211E+01
    1058 0.350809E+01
    1059 0.451874E+01
    1060 0.559539E+01
    1061 0.481720E+01
    1062 0.582425E+01
    1063 0.443056E+01
    1064 0.374298E+01
    1065 0.305744E+01
    1066 0.450047E+00
    1067 0.723398E+00
    1068 0.654145E+00
    1069 -.262975E+01
    1070 -.223547E+01
    1071 -.189746E+01
    1072 -.938246E+00
    1073 -.494687E+00
    1074 -.342523E+01
    1075 -.216055E+00
    1076 -.457646E+01
    1077 -.669023E+01
    1078 -.456266E+01
    1079 0.244120E+01
    1080 -.584311E+00
    1081 0.635503E+01
    1082 0.168210E+01
    1083 -.334357E+01
    1084 -.258879E+01
    1085 -.661470E+00
    1086 -.270281E+01
    1087 -.365759E+01
    1088 -.213221E+01
    1089 -.572102E+00
    1090 0.139242E+01
    1091 -.163693E+01
    1092 -.329643E+00
    1093 0.281753E+01
    1094 0.296450E+01
    1095 0.140744E+01
    1096 0.588223E+01
    1097 0.641964E+01
    1098 0.765642E+01
    1099 0.416037E+01
    1100 0.570798E+01
    1101 0.408349E+01
    1102 0.278476E+01
    1103 -.261757E+01
    1104 -.377683E+01
    1105 -.400260E+00
    1106 0.247371E+00
    1107 -.360557E+01
    1108 -.308355E+01
    1109 -.271241E+01
    1110 -.212864E+01
    1111 0.103970E+00
    1112 0.126054E+01
    1113 -.161889E+01
    1114 0.424289E+01
    1115 0.204492E+01
    1116 0.872552E+00
    1117 0.688915E+00
    1118 0.154554E+01
    1119 -.102603E+01
    1120 0.321549E+01
    1121 0.139892E+01
    1122 -.572474E+00
    1123 0.422881E+01
    1124 0.394843E+01
    1125 0.978387E+01
    1126 0.843607E+01
    1127 0.756206E+01
    1128 0.605002E+01
    1129 0.722051E+01
    1130 0.440048E+01
    1131 0.580230E+01
    1132 0.623795E+01
    1133 0.453228E+01
    1134 0.594725E+00
    1135 -.262071E+01
    1136 -.519991E+01
    1137 -.129953E+01
    1138 -.443612E+01
    1139 -.222165E+01
    1140 0.118238E+01
    1141 -.124506E+01
    1142 0.160749E+01
    1143 0.523246E+00
    1144 0.268035E+01
    1145 0.408577E+01
    1146 0.313709E+01
    1147 0.767279E+00
    1148 0.192171E+01
    1149 0.317076E+01
    1150 0.247505E+01
    1151 0.500081E+01
    1152 -.140142E+01
    1153 0.469308E+01
    1154 0.348280E+01
    1155 0.105682E+00
    1156 -.615786E+00
    1157 -.295948E+01
    1158 -.314759E+01
    1159 -.731893E+01
    1160 -.131890E+01
    1161 0.117641E+01
    1162 0.244390E+01
    1163 0.415112E+01
    1164 0.191774E+01
    1165 -.825485E+00
    1166 0.129576E+01
    1167 0.115826E+01
    1168 -.178071E+01
    1169 -.215423E+01
    1170 0.907754E+00
    1171 -.989092E+00
    1172 0.222831E+01
    1173 0.146856E+01
    1174 -.539640E-01
    1175 0.219919E+01
    1176 0.326666E+01
    1177 0.675614E+01
    1178 0.403023E+01
    1179 0.582408E+01
    1180 0.261579E+01
    1181 -.136185E+01
    1182 -.204934E+01
    1183 -.283264E+01
    1184 0.311719E+00
    1185 -.249116E+01
    1186 -.532859E+01
    1187 -.343607E+01
    1188 -.709250E+00
    1189 -.344267E+01
    1190 0.208177E-02
    1191 -.427389E+01
    1192 -.161176E+01
    1193 -.193232E+01
    1194 -.865716E+00
    1195 -.444784E+01
    1196 -.149293E+00
    1197 -.160392E+00
    1198 -.536085E+00
    1199 0.165762E+01
    1200 -.426087E+01
