     200 -.100318E+01
     201 0.931244E+00
     202 -.165155E+01
     203 0.436395E+00
     204 0.705873E+00
     205 0.505832E+01
     206 0.661870E+01
     207 0.539980E+01
     208 0.742207E+01
     209 0.760461E+01
     210 0.107227E+02
     211 0.101671E+02
     212 0.496537E+01
     213 0.111624E+02
     214 0.728504E+01
     215 0.845660E+01
     216 0.637598E+01
     217 0.251552E+01
     218 0.241202E+01
     219 0.356082E+01
     220 -.186149E+01
     221 0.503465E+00
     222 -.746587E+01
     223 -.557702E+01
     224 -.363913E+01
     225 -.465982E+01
     226 -.184185E+00
     227 0.154546E+01
     228 0.456954E-01
     229 0.194801E+01
     230 0.309666E+01
     231 0.591188E+01
     232 0.685493E+01
     233 -.276317E+00
     234 -.877155E+00
     235 0.126950E+01
     236 -.171930E+01
     237 0.290998E+01
     238 0.345833E+01
     239 0.308036E+01
     240 0.364685E+01
     241 0.526976E+01
     242 0.627862E+01
     243 0.193779E+01
     244 0.184187E+01
     245 0.742472E+01
     246 0.210212E+01
     247 -.832231E+00
     248 -.328951E+01
     249 -.109794E+01
     250 -.368299E+00
     251 -.247030E+01
     252 -.825123E+00
     253 -.181282E+00
     254 -.268560E+01
     255 -.126540E+01
     256 -.231129E+01
     257 -.362768E+01
     258 0.199843E+01
     259 -.143546E+01
     260 0.230687E+01
     261 0.291789E+01
     262 0.523528E+01
     263 0.819675E+01
     264 0.818273E+01
     265 0.711260E+01
     266 0.118046E+02
     267 0.104829E+02
     268 0.938133E+01
     269 0.108081E+02
     270 0.113687E+02
     271 0.964895E+01
     272 0.125711E+02
     273 0.800811E+01
     274 0.884989E+01
     275 0.678840E+01
     276 0.511503E+01
     277 0.690947E+01
     278 -.621339E+00
     279 -.203001E+01
     280 -.170351E+01
     281 -.385607E+01
     282 0.144873E+01
     283 -.224963E+01
     284 -.291422E+01
     285 -.876955E+00
     286 -.174322E+01
     287 -.587451E+01
     288 -.115559E+01
     289 -.113528E+01
     290 0.145755E+01
     291 -.263126E+01
     292 0.166305E+01
     293 0.320648E+01
     294 0.407886E+01
     295 0.425541E+01
     296 0.171940E+01
     297 0.145064E+01
     298 0.567638E+01
     299 0.569813E+01
     300 0.449415E+01
     301 0.212067E+01
     302 0.644083E+01
     303 0.826221E+01
     304 0.860720E+01
     305 0.937601E+01
     306 0.101718E+02
     307 0.409554E+01
     308 0.995559E+01
     309 0.552314E+01
     310 0.676571E+01
     311 0.631612E+01
     312 0.514496E+01
     313 0.709721E+01
     314 0.925512E+01
     315 0.120283E+02
     316 0.116613E+02
     317 0.110036E+02
     318 0.103240E+02
     319 0.119612E+02
     320 0.915947E+01
     321 0.280811E+01
     322 0.139594E+00
     323 -.334691E+01
     324 -.527668E+01
     325 -.470758E+01
     326 -.663464E+01
     327 -.597446E+01
     328 -.806915E+01
     329 -.518160E+00
     330 -.497423E+01
     331 -.161291E+01
     332 -.382769E+01
     333 -.990746E+00
     334 0.293048E+01
     335 0.207604E+01
     336 -.871805E-01
     337 -.469993E+01
     338 0.466780E+00
     339 -.213910E+01
     340 0.220122E+01
     341 -.766462E-01
     342 0.327829E+01
     343 0.314909E+01
     344 0.101875E+01
     345 -.632444E+00
     346 0.278277E+01
     347 0.700694E+01
     348 0.493199E+01
     349 0.485591E+01
     350 0.241048E+01
     351 0.786813E+01
     352 0.334154E+01
     353 0.808004E+01
     354 0.738808E+01
     355 0.522752E+01
     356 0.671220E+01
     357 0.358890E+01
     358 0.280878E+01
     359 -.287649E+01
     360 0.239303E+01
     361 -.421012E+01
     362 -.147797E+01
     363 -.515081E+00
     364 -.287392E+01
     365 -.450007E+01
     366 -.349245E+01
     367 -.291836E+01
     368 -.346564E+01
     369 0.265308E+01
     370 0.224177E+01
     371 0.283098E+01
     372 0.127384E+01
     373 0.626342E-01
     374 0.996407E+00
     375 0.759447E+00
     376 0.374657E+01
     377 0.437842E+01
     378 0.543309E+01
     379 0.778568E+00
     380 0.272526E+01
     381 0.440992E+01
     382 0.249967E+01
     383 0.409071E+01
     384 0.378739E+01
     385 0.602647E+01
     386 0.672690E+01
     387 0.239638E+01
     388 0.587924E+01
     389 0.893834E+01
     390 0.534161E+01
     391 0.121287E+01
     392 0.337873E+01
     393 -.144857E+01
     394 0.943976E+00
     395 0.252485E+01
     396 -.226040E+01
     397 0.176034E+00
     398 -.710751E+01
     399 -.111505E+01
     400 -.509400E+01
     401 0.139387E+01
     402 -.361710E+01
     403 0.302077E+01
     404 -.154214E+01
     405 0.133435E+01
     406 -.442223E+00
     407 0.494527E+00
     408 0.162142E+01
     409 0.574975E+01
     410 0.395322E+01
     411 0.470112E+01
     412 0.716203E+01
     413 0.866401E+01
     414 0.819854E+01
     415 0.522184E+01
     416 0.586454E+01
     417 0.847156E+01
     418 0.845160E+01
     419 0.948728E+01
     420 0.577421E+01
     421 0.998277E+01
     422 0.326810E+01
     423 0.347505E+01
     424 0.273491E+01
     425 -.134604E+01
     426 0.302323E+01
     427 0.809793E-01
     428 -.356090E+01
     429 -.155881E+00
     430 -.200785E+01
     431 -.153663E+01
     432 -.449779E+01
     433 -.573992E+01
     434 -.231921E+01
     435 -.263595E+01
     436 0.287591E-01
     437 -.163259E+01
     438 -.386234E+01
     439 0.106625E+01
     440 0.204408E+00
     441 0.187649E+01
     442 -.791493E-01
     443 -.685298E+00
     444 0.209070E+01
     445 -.684798E-01
     446 0.380420E+01
     447 0.197655E+01
     448 -.450113E+00
     449 0.270906E+01
     450 0.376174E+01
     451 0.563827E+01
     452 0.166036E+01
     453 0.757350E+01
     454 0.762629E+01
     455 0.108743E+02
     456 0.767159E+01
     457 0.873884E+01
     458 0.548800E+01
     459 0.956811E+01
     460 0.579519E+01
     461 0.728990E+01
     462 0.666028E+00
     463 0.742003E+01
     464 0.658255E+00
     465 0.554809E+01
     466 0.685520E+01
     467 0.505258E+01
     468 0.584319E+01
     469 0.447918E+01
     470 0.653137E+01
     471 0.526862E+01
     472 0.203950E+01
     473 -.688969E+00
     474 -.936431E+00
     475 -.711862E-02
     476 0.246829E+01
     477 0.142085E+01
     478 0.879339E+00
     479 -.172363E+01
     480 0.189453E+01
     481 0.135954E+01
     482 0.533990E+01
     483 0.631849E+01
     484 0.497267E+01
     485 0.896387E+01
     486 0.877520E+01
     487 0.810032E+01
     488 0.629658E+01
     489 0.749168E+01
     490 0.612969E+01
     491 0.487285E+01
     492 0.105493E+02
     493 0.861261E+01
     494 0.480897E+01
     495 0.608281E+01
     496 0.657298E+01
     497 0.803442E+01
     498 0.539003E+01
     499 0.546551E+01
     500 0.229574E+01
     501 -.436244E-01
     502 0.329790E+01
     503 0.549094E+01
     504 0.439823E+01
     505 0.155635E+01
     506 0.105349E+01
     507 -.760367E+00
     508 0.137823E+01
     509 0.453987E+00
     510 -.303195E+01
     511 -.324250E+01
     512 -.594789E+01
     513 -.195911E+01
     514 -.150706E+01
     515 -.131246E+01
     516 -.183414E+01
     517 0.477545E+00
     518 0.385543E+01
     519 0.163857E+01
     520 0.304861E+01
     521 0.255329E+00
     522 -.183503E+01
     523 -.887880E-01
     524 0.108922E+01
     525 0.145685E+01
     526 0.398865E+01
     527 0.523802E+00
     528 0.247347E+00
     529 0.133539E+00
     530 -.148715E+00
     531 0.200540E+01
     532 0.116704E+01
     533 0.828894E+00
     534 0.422092E+01
     535 0.448045E+01
     536 0.702653E+01
     537 0.388948E+01
     538 0.269763E+01
     539 0.231582E+01
     540 -.868221E+00
     541 -.680730E+01
     542 -.123629E+01
     543 -.248334E+01
     544 -.333576E+01
     545 -.171113E+01
     546 -.186275E+01
     547 -.258112E+01
     548 -.687422E+01
     549 -.402469E+01
     550 -.110068E+01
     551 0.140545E+01
     552 0.544116E+01
     553 0.450752E+01
     554 0.592118E+01
     555 0.626590E+01
     556 0.823631E+01
     557 0.581445E+01
     558 0.701121E+01
     559 0.846209E+01
     560 0.901377E+01
     561 0.670238E+01
     562 0.534250E+01
     563 0.287480E+01
     564 0.719259E+00
     565 0.161153E+01
     566 0.167102E+01
     567 0.878153E+00
     568 0.520989E+00
     569 0.162848E+00
     570 0.372818E+01
     571 0.142878E+01
     572 0.334338E+01
     573 0.223062E+01
     574 0.311494E+01
     575 0.216924E+01
     576 0.493595E-02
     577 0.984722E+00
     578 -.109740E+01
     579 -.511725E+01
     580 -.277600E+01
     581 -.469849E+01
     582 -.408706E+01
     583 -.272999E+01
     584 -.306693E+01
     585 0.759987E+00
     586 0.172809E+01
     587 0.139736E+01
     588 -.132360E+01
     589 0.204574E+01
     590 0.536133E+01
     591 0.167794E+01
     592 0.181054E+01
     593 0.328286E+01
     594 0.550929E+01
     595 0.271690E+01
     596 0.198208E+01
     597 0.383527E+01
     598 -.222893E+00
     599 0.562723E+01
     600 0.409375E+01
     601 0.239632E+01
     602 0.262302E+01
     603 0.143976E+01
     604 0.323658E+01
     605 0.439521E+01
     606 0.504734E+01
     607 0.810400E+00
     608 -.581760E+00
     609 -.412492E+01
     610 -.408293E-01
     611 0.194660E+01
     612 -.191974E+01
     613 -.480250E+01
     614 -.507552E+01
     615 0.137455E+01
     616 -.275611E+00
     617 0.127359E+00
     618 -.294999E+01
     619 -.239412E+01
     620 -.469426E+00
     621 -.382570E+01
     622 0.653482E+00
     623 0.245286E+01
     624 0.783399E+00
     625 0.959807E+00
     626 0.278322E+01
     627 0.164655E+01
     628 0.549543E+01
     629 0.230424E+01
     630 0.308489E+01
     631 0.610252E+01
     632 0.470801E+01
     633 0.213086E+01
     634 0.289350E+01
     635 -.266145E+01
     636 -.537620E+01
     637 -.324359E+01
     638 -.689661E+01
     639 -.630198E+01
     640 -.149729E+01
     641 -.245993E+01
     642 -.140048E+01
     643 -.169213E+01
     644 0.208703E+01
     645 0.212254E+01
     646 0.407235E+01
     647 0.216877E+01
     648 0.113311E+00
     649 0.664273E+00
     650 0.445238E+01
     651 0.397859E+01
     652 0.153580E+01
     653 0.400284E+01
     654 0.345763E+01
     655 0.885206E+01
     656 0.823542E+01
     657 0.847939E+01
     658 0.101515E+02
     659 0.119954E+02
     660 0.833823E+01
     661 0.110012E+02
     662 0.828866E+01
     663 0.759835E+01
     664 0.584801E+01
     665 0.924521E+01
     666 0.753336E+01
     667 0.883223E+01
     668 0.902144E+01
     669 0.102225E+02
     670 0.477685E+01
     671 0.849613E+01
     672 0.848842E+01
     673 0.375147E+01
     674 0.506733E+00
     675 -.177521E+01
     676 -.343348E+01
     677 -.451956E+00
     678 -.326044E+01
     679 -.401779E+01
     680 0.179053E+01
     681 -.245396E+00
     682 0.293121E+01
     683 0.257448E+01
     684 0.304485E+01
     685 0.401038E+01
     686 0.277549E+01
     687 0.747759E+01
     688 0.686508E+01
     689 0.536616E+01
     690 0.525273E+01
     691 0.101164E+02
     692 0.972916E+01
     693 0.521833E+01
     694 0.792415E+01
     695 0.509371E+01
     696 0.778364E+01
     697 0.272771E+01
     698 0.716897E+01
     699 0.213333E+01
     700 0.435476E+01
     701 -.136340E+01
     702 0.130501E+01
     703 -.608774E+00
     704 0.244293E+01
     705 -.208061E+01
     706 0.272119E+01
     707 -.113917E+01
     708 -.584454E+01
     709 0.257837E+01
     710 -.475325E+01
     711 -.462598E+01
     712 -.471279E+01
     713 -.147508E+01
     714 0.116236E+01
     715 -.319878E+01
     716 -.205627E+01
     717 0.313432E+01
     718 0.221898E+00
     719 0.197305E+01
     720 -.168371E+01
     721 0.964074E+00
     722 0.368472E+01
     723 -.139984E+01
     724 0.299213E+01
     725 0.507110E+01
     726 0.323540E+01
     727 0.228588E+01
     728 0.176433E+01
     729 0.169829E+01
     730 0.592366E+01
     731 0.583111E+01
     732 0.519528E+01
     733 0.317411E+01
     734 0.974131E+00
     735 -.807616E+00
     736 -.176357E+01
     737 0.782316E+00
     738 0.609494E+01
     739 0.618383E+01
     740 0.514069E+01
     741 0.625751E+01
     742 0.787331E+01
     743 0.319563E+01
     744 0.572764E+00
     745 0.281071E+01
     746 -.299444E+01
     747 -.356887E+01
     748 -.495740E+01
     749 -.267685E+01
     750 0.782997E+00
     751 0.332981E+01
     752 0.232189E+01
     753 0.624942E+01
     754 0.289420E+01
     755 -.201578E+01
     756 0.459674E+01
     757 0.220318E+00
     758 -.340703E+01
     759 0.161923E+00
     760 -.169273E+01
     761 -.202018E+01
     762 -.263174E+01
     763 0.146955E+01
     764 -.919922E+00
     765 0.101738E+01
     766 0.708536E+01
     767 0.447721E+01
     768 0.739881E+01
     769 0.718118E+01
     770 0.792191E+01
     771 0.907120E+01
     772 0.500306E+01
     773 0.373830E+01
     774 0.389304E+01
     775 -.223776E+01
     776 0.430467E+00
     777 -.449046E+01
     778 -.467548E+01
     779 -.530197E+01
     780 -.637406E+01
     781 -.158915E+00
     782 -.101350E+01
     783 -.332605E+01
     784 -.543278E+00
     785 -.626815E+00
     786 -.139260E+00
     787 0.171094E+01
     788 0.692507E+01
     789 0.803150E+01
     790 0.103708E+02
     791 0.730977E+01
     792 0.704758E+01
     793 0.851880E+01
     794 0.595554E+01
     795 0.966616E+01
     796 0.465358E+01
     797 0.514228E+01
     798 0.179078E+01
     799 0.876711E+00
     800 0.155040E+01
     801 0.303714E+01
     802 0.294693E+01
     803 0.306232E+01
     804 0.254566E+00
     805 0.249009E+01
     806 -.506705E+01
     807 -.385032E+01
     808 -.963818E+00
     809 -.144432E+01
     810 -.543405E+01
     811 -.176788E+01
     812 -.136330E+01
     813 -.938705E+00
     814 -.861034E+00
     815 0.109918E+01
     816 0.247879E+01
     817 -.210276E+00
     818 -.615337E+00
     819 0.504522E+00
     820 0.258481E+01
     821 0.155163E+01
     822 0.195230E+01
     823 -.229896E+01
     824 -.320424E+01
     825 -.154382E+01
     826 -.617646E+00
     827 -.154814E+01
     828 -.468629E+00
     829 -.126960E+01
     830 -.189804E+01
     831 -.718849E+00
     832 -.270472E+01
     833 -.267682E+01
     834 0.209190E+00
     835 -.127864E+00
     836 -.168492E+01
     837 0.193767E+01
     838 0.138534E+00
     839 -.162566E+01
     840 0.915824E+00
     841 0.206642E+00
     842 0.440726E+00
     843 -.134877E+00
     844 0.314540E+01
     845 0.200056E+01
     846 0.320188E+01
     847 0.341511E+01
     848 0.318919E+01
     849 0.584543E+01
     850 0.652915E+01
     851 0.612631E+01
     852 0.283666E+01
     853 -.225390E+00
     854 -.189607E+01
     855 -.983258E+00
     856 -.229285E+01
     857 -.366497E+01
     858 -.501281E+01
     859 -.141776E+01
     860 0.113701E+01
     861 -.455803E+00
     862 0.791027E-01
     863 0.142240E+01
     864 0.242545E+01
     865 0.326524E+01
     866 0.212939E+01
     867 0.231836E+01
     868 0.482388E+01
     869 0.136518E+01
     870 0.145874E+01
     871 0.316453E+01
     872 0.619606E+00
     873 0.191361E+01
     874 0.261217E+01
     875 -.117869E+01
     876 -.681458E+01
     877 -.476029E+01
     878 -.150153E+01
     879 -.447628E+01
     880 -.658363E+01
     881 -.592589E+01
     882 -.443403E+01
     883 -.677396E+01
     884 -.184550E+01
     885 -.335547E+01
     886 0.150068E+01
     887 0.145685E+01
     888 0.153905E+01
     889 0.322621E+00
     890 0.364490E+01
     891 -.108980E+01
     892 0.390854E+00
     893 0.420557E+01
     894 0.740971E+00
     895 0.228666E+01
     896 0.691577E+01
     897 0.517433E+01
     898 0.436842E+01
     899 0.397047E+01
     900 0.560779E+01
     901 0.528329E+01
     902 0.582496E+01
     903 0.403092E+01
     904 0.570728E+01
     905 0.237568E+01
     906 -.102440E+00
     907 0.192581E+00
     908 0.225705E+00
     909 -.110653E+01
     910 -.202938E+01
     911 0.180082E+01
     912 -.449674E+01
     913 0.353445E+01
     914 -.172677E+01
     915 -.321513E+01
     916 -.156046E+01
     917 -.169346E+01
     918 -.197255E+00
     919 -.277586E+01
     920 -.452827E+00
     921 -.821035E-01
     922 0.398347E+01
     923 0.436632E+01
     924 0.429714E+01
     925 0.790645E+01
     926 0.484824E+01
     927 0.629051E+01
     928 0.500771E+01
     929 0.610859E+01
     930 0.428639E+01
     931 0.567442E+01
     932 0.565045E+01
     933 0.272161E+01
     934 -.338792E+00
     935 -.971295E+00
     936 -.206413E+01
     937 -.791939E-01
     938 -.227448E+01
     939 0.257385E+01
     940 0.159364E+01
     941 0.290038E+01
     942 0.147562E+01
     943 0.420176E+01
     944 0.487935E+01
     945 0.505043E+01
     946 0.387893E+01
     947 0.103186E+00
     948 0.477859E+01
     949 0.646901E+00
     950 -.124798E+01
     951 -.912767E+00
     952 0.799424E+00
     953 0.252996E+01
     954 0.378831E+01
     955 0.619299E+01
     956 0.592778E+01
     957 0.701984E+01
     958 0.965970E+01
     959 0.578125E+01
     960 0.846136E+01
     961 0.930077E+01
     962 0.755923E+01
     963 0.827654E+01
     964 0.574927E+01
     965 -.245738E+01
     966 -.468726E+01
     967 -.442988E+01
     968 -.329052E+01
     969 -.907346E+01
     970 -.509146E+01
     971 -.480952E+01
     972 -.356729E+01
     973 -.106961E+01
     974 -.167897E+01
     975 0.120686E+01
     976 -.120223E+01
     977 0.239829E+01
     978 0.186173E+01
     979 0.184115E-01
     980 0.612608E+00
     981 0.258196E+01
     982 0.507133E+00
     983 0.157270E+01
     984 0.348021E+01
     985 0.421241E+00
     986 0.373459E+01
     987 0.510041E+01
     988 0.102570E+01
     989 0.394994E+01
     990 0.678085E+01
     991 0.622798E+01
     992 0.469266E+01
     993 0.403932E+01
     994 0.446029E+01
     995 0.221672E+01
     996 0.153495E+01
     997 -.170089E+01
     998 0.379375E+00
     999 0.143388E+01
    1000 -.200068E+01
    1001 -.111277E+01
    1002 -.189746E+01
    1003 -.325417E+01
    1004 -.583656E+00
    1005 -.350587E+01
    1006 -.357106E+01
    1007 -.440218E+00
    1008 0.448284E+00
    1009 -.388332E+01
    1010 0.240079E+00
    1011 0.129099E+01
    1012 0.623777E+00
    1013 0.234481E+01
    1014 0.401680E+01
    1015 -.110000E+01
    1016 0.316930E+01
    1017 0.118196E+01
    1018 0.225934E+01
    1019 -.289046E+01
    1020 0.393371E+01
    1021 0.401234E+01
    1022 0.192580E+01
    1023 0.138579E+01
    1024 0.408048E+00
    1025 0.391826E+01
    1026 0.123075E+01
    1027 0.471040E+00
    1028 -.596337E+00
    1029 -.606844E+00
    1030 -.327114E+01
    1031 0.253048E+01
    1032 0.238672E+01
    1033 0.590291E+00
    1034 0.436039E+01
    1035 0.400968E+01
    1036 0.196545E+01
    1037 0.529352E+01
    1038 0.536664E+01
    1039 0.103778E+01
    1040 0.312981E+01
    1041 0.859987E+01
    1042 0.574605E+01
    1043 0.651625E+01
    1044 0.671846E+01
    1045 0.463295E+01
    1046 0.547825E+01
    1047 0.899153E+01
    1048 0.419145E+01
    1049 -.837776E-01
    1050 -.450776E+01
    1051 -.472021E+01
    1052 -.211533E+01
    1053 -.775471E+01
    1054 -.469799E+00
    1055 -.431030E+01
    1056 0.210145E+01
    1057 -.277226E+01
    1058 -.940237E+00
    1059 -.478088E+01
    1060 0.506530E+00
    1061 0.909159E+00
    1062 -.109063E+01
    1063 0.482569E+01
    1064 0.238455E+01
    1065 0.284789E+01
    1066 0.290938E+01
    1067 0.825107E+01
    1068 0.347438E+00
    1069 0.643704E+01
    1070 0.787549E+01
    1071 0.560261E+01
    1072 0.256260E+01
    1073 0.292834E+01
    1074 0.382347E+01
    1075 0.480231E+01
    1076 0.291402E+01
    1077 0.449534E+00
    1078 0.373378E+00
    1079 0.403769E+01
    1080 0.191056E+01
    1081 0.264000E+01
    1082 0.687399E+01
    1083 0.568260E+01
    1084 0.438328E+01
    1085 0.637584E+01
    1086 0.837533E+01
    1087 0.569698E+01
    1088 0.692217E+01
    1089 0.686423E+01
    1090 0.356357E+01
    1091 0.452108E+01
    1092 0.395102E+01
    1093 0.796856E+01
    1094 0.930126E+01
    1095 0.752959E+01
    1096 0.130561E+02
    1097 0.112928E+02
    1098 0.902905E+01
    1099 0.889414E+01
    1100 0.477412E+01
    1101 0.718842E+00
    1102 -.989686E+00
    1103 0.630462E+00
    1104 0.330582E+01
    1105 0.255417E+01
    1106 0.566182E+01
    1107 0.166749E+01
    1108 0.217950E+01
    1109 0.179468E+01
    1110 0.262152E+01
    1111 0.176310E+01
    1112 0.491073E+01
    1113 0.253503E+01
    1114 -.153953E+00
    1115 0.452552E+01
    1116 0.283299E+01
    1117 0.452701E+01
    1118 0.274376E+01
    1119 0.359114E+01
    1120 0.715461E+01
    1121 0.937654E+01
    1122 0.589996E+01
    1123 0.602269E+01
    1124 0.377604E+01
    1125 0.598224E+01
    1126 0.801567E+01
    1127 0.155875E+01
    1128 -.349793E+01
    1129 -.451277E+01
    1130 -.316891E+01
    1131 -.289236E+01
    1132 -.767204E+01
    1133 -.181499E+01
    1134 -.251735E+01
    1135 -.265441E+01
    1136 -.296220E+01
    1137 -.649903E+01
    1138 -.247861E+01
    1139 0.309278E+01
    1140 0.197417E+01
    1141 0.441068E+01
    1142 0.524352E+00
    1143 0.103556E+01
    1144 -.114618E+01
    1145 0.170564E+01
    1146 -.487923E+00
    1147 0.411523E+01
    1148 -.202633E+01
    1149 -.344033E+01
    1150 -.408010E+01
    1151 -.480374E+01
    1152 -.674153E+01
    1153 -.342831E+01
    1154 -.195902E+01
    1155 0.175241E+01
    1156 -.172043E+01
    1157 -.477603E+00
    1158 0.950615E+00
    1159 0.555019E-01
    1160 -.188426E+01
    1161 -.188426E+01
    1162 -.223938E+01
    1163 0.225047E+01
    1164 0.101201E+01
    1165 0.250531E+01
    1166 0.826650E+01
    1167 0.502574E+01
    1168 0.207415E+01
    1169 0.659770E+01
    1170 0.682728E+01
    1171 0.735243E+01
    1172 0.777269E+01
    1173 0.825645E+01
    1174 0.709857E+01
    1175 0.645007E+01
    1176 0.467314E+01
    1177 0.242209E+01
    1178 0.105894E+01
    1179 0.110059E+01
    1180 0.177763E+01
    1181 0.487312E+01
    1182 0.906975E+00
    1183 -.601157E+00
    1184 0.641272E+00
    1185 0.310820E+01
    1186 0.463921E+01
    1187 0.360235E+01
    1188 0.169137E+01
    1189 0.440071E+01
    1190 0.527892E+01
    1191 0.564857E+00
    1192 0.314605E+01
    1193 -.222252E+01
    1194 -.461467E+01
    1195 0.819358E+00
    1196 0.196692E+01
    1197 0.534031E+00
    1198 0.594884E+00
    1199 -.317675E+00
    1200 0.186335E+01
