       1 0.800737E+01 0.803110E+01 0.930815E-02 0.794251E+01 0.798115E+01 0.811317E+01 0.809617E+01 0.808886E+01 0.796768E+01 0.791925E+01 0.787995E+01 0.794444E+01 0.805335E+01
       2 0.800542E+01 0.802503E+01 0.177667E-01 0.798448E+01 0.802243E+01 0.814359E+01 0.812791E+01 0.811947E+01 0.801602E+01 0.793877E+01 0.786217E+01 0.779843E+01 0.799123E+01
       3 0.800134E+01 0.799129E+01 0.345746E-01 0.800123E+01 0.808594E+01 0.813850E+01 0.808994E+01 0.812490E+01 0.802890E+01 0.797858E+01 0.792415E+01 0.761327E+01 0.781325E+01
       4 0.799530E+01 0.802863E+01 0.606612E-01 0.810427E+01 0.824829E+01 0.813009E+01 0.804252E+01 0.819165E+01 0.808344E+01 0.812812E+01 0.817977E+01 0.758650E+01 0.767531E+01
       5 0.798891E+01 0.812530E+01 0.849148E-01 0.830395E+01 0.843825E+01 0.802474E+01 0.796070E+01 0.828361E+01 0.815992E+01 0.834694E+01 0.853609E+01 0.781751E+01 0.769011E+01
       6 0.798521E+01 0.835524E+01 0.111794E+00 0.867499E+01 0.865271E+01 0.788522E+01 0.798259E+01 0.843195E+01 0.834407E+01 0.866307E+01 0.886037E+01 0.845442E+01 0.805960E+01
       7 0.798797E+01 0.793700E+01 0.217146E+00 0.836946E+01 0.805656E+01 0.709245E+01 0.748698E+01 0.782215E+01 0.786397E+01 0.825175E+01 0.809786E+01 0.868739E+01 0.803598E+01
       8 0.799987E+01 0.786794E+01 0.403719E+00 0.824685E+01 0.773367E+01 0.697977E+01 0.765324E+01 0.753306E+01 0.772589E+01 0.811280E+01 0.722986E+01 0.914354E+01 0.839331E+01
       9 0.802008E+01 0.740123E+01 0.544354E+00 0.752933E+01 0.712953E+01 0.686351E+01 0.770009E+01 0.694282E+01 0.717053E+01 0.757529E+01 0.593727E+01 0.867630E+01 0.808288E+01
      10 0.804204E+01 0.834924E+01 0.561090E+00 0.812488E+01 0.818935E+01 0.843073E+01 0.929398E+01 0.794081E+01 0.799904E+01 0.854229E+01 0.655217E+01 0.887407E+01 0.872352E+01
      11 0.805305E+01 0.741034E+01 0.559196E+00 0.700780E+01 0.750904E+01 0.795835E+01 0.878258E+01 0.720414E+01 0.699108E+01 0.769804E+01 0.579352E+01 0.694945E+01 0.728816E+01
      12 0.803748E+01 0.730571E+01 0.575189E+00 0.678925E+01 0.782902E+01 0.841430E+01 0.880973E+01 0.745466E+01 0.680234E+01 0.789514E+01 0.645197E+01 0.578921E+01 0.646180E+01
      13 0.798479E+01 0.762652E+01 0.584152E+00 0.721784E+01 0.842173E+01 0.885100E+01 0.887258E+01 0.800662E+01 0.713367E+01 0.844194E+01 0.717071E+01 0.587358E+01 0.660477E+01
      14 0.790082E+01 0.730847E+01 0.553717E+00 0.703233E+01 0.808286E+01 0.833095E+01 0.782561E+01 0.802725E+01 0.690837E+01 0.845422E+01 0.761386E+01 0.573192E+01 0.634009E+01
      15 0.781664E+01 0.781355E+01 0.561319E+00 0.764846E+01 0.815567E+01 0.826852E+01 0.755589E+01 0.876111E+01 0.762102E+01 0.908094E+01 0.875179E+01 0.674731E+01 0.713063E+01
      16 0.778665E+01 0.827822E+01 0.610013E+00 0.817288E+01 0.802175E+01 0.807794E+01 0.759901E+01 0.928391E+01 0.832449E+01 0.940210E+01 0.946878E+01 0.774662E+01 0.788613E+01
      17 0.787074E+01 0.875933E+01 0.643337E+00 0.874224E+01 0.778755E+01 0.785403E+01 0.794446E+01 0.959181E+01 0.914908E+01 0.927090E+01 0.973375E+01 0.884270E+01 0.875573E+01
      18 0.810289E+01 0.875049E+01 0.662396E+00 0.888262E+01 0.735440E+01 0.742359E+01 0.813690E+01 0.910413E+01 0.945844E+01 0.818461E+01 0.895387E+01 0.931254E+01 0.908758E+01
      19 0.845153E+01 0.805470E+01 0.637108E+00 0.833444E+01 0.681563E+01 0.685836E+01 0.784177E+01 0.792092E+01 0.876819E+01 0.676445E+01 0.754206E+01 0.861443E+01 0.838070E+01
      20 0.877493E+01 0.788586E+01 0.624191E+00 0.835815E+01 0.718544E+01 0.714602E+01 0.810192E+01 0.726130E+01 0.833449E+01 0.628985E+01 0.693380E+01 0.811881E+01 0.799285E+01
      21 0.879481E+01 0.787346E+01 0.617290E+00 0.856302E+01 0.814467E+01 0.792138E+01 0.839843E+01 0.678194E+01 0.781549E+01 0.652127E+01 0.692653E+01 0.769337E+01 0.765347E+01
      22 0.817791E+01 0.761808E+01 0.647181E+00 0.844352E+01 0.891469E+01 0.844322E+01 0.811330E+01 0.637604E+01 0.709396E+01 0.696340E+01 0.714140E+01 0.721865E+01 0.717957E+01
      23 0.682912E+01 0.651451E+01 0.802453E+00 0.731343E+01 0.855358E+01 0.785440E+01 0.661513E+01 0.545553E+01 0.577782E+01 0.680971E+01 0.677898E+01 0.621694E+01 0.610082E+01
      24 0.521474E+01 0.445701E+01 0.975776E+00 0.500866E+01 0.640347E+01 0.570537E+01 0.394233E+01 0.387466E+01 0.388328E+01 0.586342E+01 0.552286E+01 0.457991E+01 0.435513E+01
      25 0.414314E+01 0.335777E+01 0.824480E+00 0.367640E+01 0.453139E+01 0.399279E+01 0.255777E+01 0.320774E+01 0.316575E+01 0.516551E+01 0.464245E+01 0.372883E+01 0.358714E+01
      26 0.400043E+01 0.308663E+01 0.655620E+00 0.325613E+01 0.350930E+01 0.305682E+01 0.223253E+01 0.320729E+01 0.322565E+01 0.491290E+01 0.424661E+01 0.348757E+01 0.354150E+01
      27 0.459289E+01 0.355310E+01 0.559797E+00 0.364777E+01 0.368334E+01 0.320293E+01 0.272768E+01 0.369186E+01 0.385752E+01 0.524328E+01 0.449794E+01 0.387900E+01 0.408446E+01
      28 0.573453E+01 0.522019E+01 0.519992E+00 0.530720E+01 0.534223E+01 0.479604E+01 0.441317E+01 0.525475E+01 0.562300E+01 0.680789E+01 0.603447E+01 0.549131E+01 0.577718E+01
      29 0.732368E+01 0.606847E+01 0.522013E+00 0.617591E+01 0.622531E+01 0.556455E+01 0.527171E+01 0.610905E+01 0.662574E+01 0.747574E+01 0.672884E+01 0.619682E+01 0.670286E+01
      30 0.878637E+01 0.801518E+01 0.408187E+00 0.813426E+01 0.829681E+01 0.753982E+01 0.733142E+01 0.806039E+01 0.867965E+01 0.889138E+01 0.833141E+01 0.794666E+01 0.872859E+01
      31 0.845234E+01 0.824903E+01 0.283786E+00 0.819807E+01 0.853512E+01 0.792427E+01 0.777012E+01 0.832155E+01 0.886205E+01 0.791511E+01 0.767067E+01 0.796013E+01 0.888176E+01
      32 0.471379E+01 0.510236E+01 0.543376E+00 0.491673E+01 0.508647E+01 0.500356E+01 0.490837E+01 0.503124E+01 0.535542E+01 0.348612E+01 0.360942E+01 0.479169E+01 0.543761E+01
      33 -.105327E+01 -.417626E-01 0.701713E+00 -.539291E-01 -.471992E+00 0.142151E-01 0.718177E-01 -.348670E+00 -.294399E+00 -.200133E+01 -.157726E+01 -.243881E+00 0.845614E-02
      34 -.476568E+01 -.362763E+01 0.418963E+00 -.317082E+01 -.413973E+01 -.341998E+01 -.311582E+01 -.387243E+01 -.425681E+01 -.483879E+01 -.421177E+01 -.389401E+01 -.363525E+01
      35 -.440349E+01 -.369200E+01 0.489887E+00 -.289622E+01 -.387368E+01 -.324201E+01 -.276218E+01 -.354720E+01 -.444916E+01 -.387454E+01 -.313123E+01 -.429595E+01 -.361750E+01
      36 -.966138E+00 -.116583E+01 0.734867E+00 -.481653E+00 -.881156E+00 -.549389E+00 -.139605E+00 -.642310E+00 -.175340E+01 -.559373E+00 0.885272E-01 -.208640E+01 -.102346E+01
      37 0.322377E+01 0.205457E+01 0.670935E+00 0.229189E+01 0.265394E+01 0.261142E+01 0.272631E+01 0.271195E+01 0.185426E+01 0.305452E+01 0.337993E+01 0.106396E+01 0.226084E+01
      38 0.594690E+01 0.507562E+01 0.396319E+00 0.474825E+01 0.564511E+01 0.531906E+01 0.509147E+01 0.560990E+01 0.529137E+01 0.607337E+01 0.597398E+01 0.436323E+01 0.537824E+01
      39 0.607391E+01 0.527123E+01 0.301133E+00 0.440525E+01 0.548515E+01 0.505030E+01 0.456262E+01 0.557329E+01 0.578143E+01 0.593963E+01 0.549751E+01 0.510122E+01 0.575089E+01
      40 0.361522E+01 0.313241E+01 0.491226E+00 0.192643E+01 0.284878E+01 0.252280E+01 0.190535E+01 0.319712E+01 0.369300E+01 0.320847E+01 0.269427E+01 0.357556E+01 0.380899E+01
      41 -.348607E+00 0.749460E-01 0.620053E+00 -.110528E+01 -.555188E+00 -.619937E+00 -.117500E+01 -.561759E-01 0.405707E+00 -.462328E+00 -.765699E+00 0.944683E+00 0.757975E+00
      42 -.402576E+01 -.314597E+01 0.456895E+00 -.397820E+01 -.380734E+01 -.360725E+01 -.396312E+01 -.340179E+01 -.317134E+01 -.401520E+01 -.402858E+01 -.216025E+01 -.274947E+01
      43 -.616988E+01 -.544412E+01 0.239451E+00 -.587710E+01 -.591420E+01 -.555589E+01 -.571959E+01 -.571963E+01 -.572291E+01 -.632593E+01 -.613783E+01 -.459459E+01 -.544995E+01
      44 -.682690E+01 -.611974E+01 0.133291E+00 -.627412E+01 -.639954E+01 -.599324E+01 -.603947E+01 -.633111E+01 -.648192E+01 -.686500E+01 -.658917E+01 -.550533E+01 -.640620E+01
      45 -.666472E+01 -.604625E+01 0.902373E-01 -.599804E+01 -.624323E+01 -.583849E+01 -.582376E+01 -.618128E+01 -.641535E+01 -.662664E+01 -.633903E+01 -.564338E+01 -.645645E+01
      46 -.603175E+01 -.554594E+01 0.639209E-01 -.518537E+01 -.580713E+01 -.543051E+01 -.533415E+01 -.563927E+01 -.590009E+01 -.580467E+01 -.566496E+01 -.533875E+01 -.595936E+01
      47 -.476853E+01 -.421011E+01 0.102555E+00 -.342852E+01 -.463280E+01 -.430335E+01 -.411214E+01 -.430366E+01 -.451885E+01 -.390135E+01 -.414843E+01 -.415492E+01 -.457236E+01
      48 -.271669E+01 -.212884E+01 0.195942E+00 -.110073E+01 -.265442E+01 -.239758E+01 -.218392E+01 -.223568E+01 -.232991E+01 -.125487E+01 -.199269E+01 -.211191E+01 -.241634E+01
      49 -.237305E+00 0.641073E-01 0.217561E+00 0.100128E+01 -.407507E+00 -.252548E+00 -.123122E+00 -.373725E-01 0.188204E-01 0.121832E+01 0.127572E+00 0.129448E+00 -.115499E+00
      50 0.194435E+01 0.198185E+01 0.143621E+00 0.257161E+01 0.169627E+01 0.173917E+01 0.172886E+01 0.191285E+01 0.208530E+01 0.306808E+01 0.189089E+01 0.207957E+01 0.194280E+01
      51 0.329845E+01 0.314798E+01 0.712911E-01 0.332609E+01 0.308972E+01 0.303579E+01 0.289608E+01 0.312995E+01 0.336735E+01 0.398694E+01 0.288391E+01 0.319321E+01 0.326387E+01
      52 0.371957E+01 0.347845E+01 0.583403E-01 0.330184E+01 0.362680E+01 0.351110E+01 0.327558E+01 0.352569E+01 0.379233E+01 0.407542E+01 0.301871E+01 0.337550E+01 0.374355E+01
      53 0.337216E+01 0.314577E+01 0.102128E+00 0.270616E+01 0.345719E+01 0.332124E+01 0.301379E+01 0.327300E+01 0.354594E+01 0.359177E+01 0.247019E+01 0.283037E+01 0.353993E+01
      54 0.251153E+01 0.235005E+01 0.168683E+00 0.175440E+01 0.276818E+01 0.264417E+01 0.229840E+01 0.255784E+01 0.281688E+01 0.275281E+01 0.150372E+01 0.181872E+01 0.282830E+01
      55 0.142930E+01 0.148470E+01 0.213118E+00 0.839648E+00 0.195681E+01 0.184522E+01 0.152117E+01 0.174040E+01 0.197986E+01 0.190753E+01 0.605086E+00 0.799062E+00 0.198759E+01
      56 0.433921E+00 0.738692E+00 0.208083E+00 0.147032E+00 0.121747E+01 0.109435E+01 0.865415E+00 0.976356E+00 0.121729E+01 0.119567E+01 -.720367E-02 0.313321E-02 0.120543E+01
      57 -.222825E+00 -.149740E+00 0.170087E+00 -.612180E+00 0.295664E+00 0.146961E+00 0.588203E-01 0.884956E-02 0.285678E+00 0.334713E+00 -.669038E+00 -.854194E+00 0.238287E+00
      58 -.425689E+00 -.182865E+00 0.129387E+00 -.480858E+00 0.196063E+00 0.375623E-01 0.814931E-01 -.129316E+00 0.208017E+00 0.313969E+00 -.484730E+00 -.830879E+00 0.110274E+00
      59 -.204136E+00 -.230151E+00 0.106801E+00 -.356802E+00 0.620958E-01 -.729827E-01 0.582067E-01 -.276143E+00 0.137857E+00 0.280970E+00 -.386053E+00 -.849350E+00 -.278505E-01
      60 0.321913E+00 -.107641E+00 0.102210E+00 -.763836E-01 0.962578E-01 0.879407E-02 0.168705E+00 -.229834E+00 0.259536E+00 0.413116E+00 -.198031E+00 -.726789E+00 0.206105E-01
      61 0.101170E+01 0.527686E+00 0.103275E+00 0.685938E+00 0.656822E+00 0.617657E+00 0.767734E+00 0.358580E+00 0.892798E+00 0.104482E+01 0.460703E+00 -.883386E-01 0.600012E+00
      62 0.175983E+01 0.123024E+01 0.102094E+00 0.148084E+01 0.130478E+01 0.130125E+01 0.142696E+01 0.103924E+01 0.158146E+01 0.173761E+01 0.116700E+01 0.631063E+00 0.126351E+01
      63 0.252072E+01 0.209691E+01 0.929589E-01 0.239767E+01 0.213855E+01 0.215270E+01 0.225216E+01 0.190814E+01 0.241542E+01 0.258726E+01 0.202797E+01 0.153484E+01 0.210827E+01
      64 0.329394E+01 0.301471E+01 0.750774E-01 0.332034E+01 0.304217E+01 0.305760E+01 0.313192E+01 0.285126E+01 0.328127E+01 0.347693E+01 0.293114E+01 0.251094E+01 0.302021E+01
      65 0.408686E+01 0.378883E+01 0.531394E-01 0.405827E+01 0.381667E+01 0.382278E+01 0.386946E+01 0.367034E+01 0.399432E+01 0.420954E+01 0.367025E+01 0.335583E+01 0.380310E+01
      66 0.488135E+01 0.471133E+01 0.354064E-01 0.492047E+01 0.475015E+01 0.474959E+01 0.474979E+01 0.464709E+01 0.487539E+01 0.507392E+01 0.449739E+01 0.434312E+01 0.474400E+01
      67 0.561609E+01 0.552046E+01 0.281865E-01 0.565634E+01 0.557534E+01 0.557836E+01 0.551710E+01 0.551150E+01 0.567316E+01 0.579985E+01 0.514224E+01 0.520082E+01 0.557337E+01
      68 0.618213E+01 0.604270E+01 0.399831E-01 0.611788E+01 0.611141E+01 0.613967E+01 0.600409E+01 0.606937E+01 0.623409E+01 0.619999E+01 0.542314E+01 0.574308E+01 0.610385E+01
      69 0.643031E+01 0.631231E+01 0.769181E-01 0.636461E+01 0.638469E+01 0.646416E+01 0.625254E+01 0.633819E+01 0.659316E+01 0.630618E+01 0.541502E+01 0.599791E+01 0.636118E+01
      70 0.619940E+01 0.609431E+01 0.142945E+00 0.618336E+01 0.615089E+01 0.631041E+01 0.602700E+01 0.607416E+01 0.650089E+01 0.589256E+01 0.494596E+01 0.573215E+01 0.610510E+01
      71 0.536871E+01 0.562693E+01 0.240397E+00 0.581676E+01 0.563844E+01 0.590481E+01 0.555669E+01 0.551549E+01 0.616430E+01 0.521551E+01 0.433425E+01 0.520103E+01 0.557107E+01
      72 0.391684E+01 0.390053E+01 0.341819E+00 0.422052E+01 0.383854E+01 0.421103E+01 0.382571E+01 0.367265E+01 0.451559E+01 0.331583E+01 0.266890E+01 0.344001E+01 0.375777E+01
      73 0.197070E+01 0.202224E+01 0.401596E+00 0.246363E+01 0.186628E+01 0.231409E+01 0.194507E+01 0.167597E+01 0.262571E+01 0.134974E+01 0.107740E+01 0.158300E+01 0.178710E+01
      74 -.164318E+00 -.620957E-01 0.350370E+00 0.423891E+00 -.286553E+00 0.154085E+00 -.139739E+00 -.467180E+00 0.420687E+00 -.688549E+00 -.599302E+00 -.413445E+00 -.349047E+00
      75 -.205635E+01 -.220341E+01 0.207336E+00 -.178145E+01 -.242397E+01 -.209036E+01 -.229331E+01 -.257242E+01 -.191821E+01 -.267382E+01 -.237357E+01 -.241762E+01 -.246954E+01
      76 -.333966E+01 -.335755E+01 0.750901E-01 -.308906E+01 -.348912E+01 -.333137E+01 -.347361E+01 -.360904E+01 -.327716E+01 -.363210E+01 -.330535E+01 -.342116E+01 -.352965E+01
      77 -.392096E+01 -.403229E+01 0.210021E-01 -.392883E+01 -.404375E+01 -.405289E+01 -.417308E+01 -.414750E+01 -.409812E+01 -.413254E+01 -.388351E+01 -.398376E+01 -.407754E+01
      78 -.398729E+01 -.415405E+01 0.153423E-01 -.415692E+01 -.407884E+01 -.418554E+01 -.428996E+01 -.417797E+01 -.428146E+01 -.414181E+01 -.397203E+01 -.406118E+01 -.409610E+01
      79 -.380737E+01 -.405477E+01 0.151392E-01 -.407760E+01 -.396050E+01 -.409532E+01 -.408662E+01 -.405883E+01 -.419014E+01 -.398768E+01 -.382727E+01 -.397602E+01 -.396059E+01
      80 -.351454E+01 -.362993E+01 0.151673E-01 -.359812E+01 -.357950E+01 -.369893E+01 -.345296E+01 -.366716E+01 -.375395E+01 -.353786E+01 -.334401E+01 -.359512E+01 -.357166E+01
      81 -.304567E+01 -.304912E+01 0.220548E-01 -.292097E+01 -.307706E+01 -.315676E+01 -.265802E+01 -.313180E+01 -.315141E+01 -.293367E+01 -.276565E+01 -.305989E+01 -.307047E+01
      82 -.228004E+01 -.215879E+01 0.317735E-01 -.193590E+01 -.225805E+01 -.229066E+01 -.166581E+01 -.226891E+01 -.221952E+01 -.201198E+01 -.199333E+01 -.219115E+01 -.225849E+01
      83 -.126215E+01 -.101527E+01 0.321208E-01 -.748465E+00 -.112958E+01 -.113408E+01 -.624937E+00 -.111154E+01 -.101378E+01 -.847372E+00 -.109309E+01 -.102517E+01 -.113433E+01
      84 -.285061E+00 0.636228E-01 0.276026E-01 0.307547E+00 0.864869E-02 -.103051E-01 0.188691E+00 0.162987E-01 0.134977E+00 0.218017E+00 -.282528E+00 0.109104E+00 0.165835E-01
      85 0.287981E+00 0.752573E+00 0.303273E-01 0.927105E+00 0.793997E+00 0.725192E+00 0.593576E+00 0.767489E+00 0.876652E+00 0.853893E+00 0.253860E+00 0.844402E+00 0.845269E+00
      86 0.317765E+00 0.685300E+00 0.311648E-01 0.770058E+00 0.787345E+00 0.679500E+00 0.377814E+00 0.756382E+00 0.813672E+00 0.714597E+00 0.234149E+00 0.771542E+00 0.901231E+00
      87 0.205307E-01 0.196158E+00 0.168309E-01 0.184852E+00 0.272169E+00 0.184903E+00 -.503887E-01 0.303153E+00 0.261181E+00 0.164311E+00 -.188932E-01 0.220053E+00 0.421724E+00
      88 -.221768E+00 -.215609E+00 0.802315E-02 -.311617E+00 -.221358E+00 -.246078E+00 -.267039E+00 -.100194E+00 -.252382E+00 -.286248E+00 -.830401E-01 -.264891E+00 -.913259E-01
      89 -.199259E+00 -.369723E+00 0.240389E-01 -.513253E+00 -.446387E+00 -.428210E+00 -.217812E+00 -.271212E+00 -.496233E+00 -.468088E+00 0.150646E+00 -.464626E+00 -.365827E+00
      90 0.280966E-01 -.442505E+00 0.560691E-01 -.591963E+00 -.553869E+00 -.532332E+00 -.150588E+00 -.373631E+00 -.624668E+00 -.564571E+00 0.425035E+00 -.559796E+00 -.515507E+00
      91 0.326538E+00 -.125416E+00 0.829542E-01 -.270728E+00 -.257977E+00 -.232815E+00 0.238474E+00 -.812984E-01 -.340834E+00 -.256674E+00 0.949264E+00 -.264149E+00 -.247135E+00
      92 0.656172E+00 0.136996E+00 0.940036E-01 -.810619E-02 -.131554E-01 0.269610E-01 0.531623E+00 0.168064E+00 -.975911E-01 0.126879E-01 0.127503E+01 -.206128E-01 -.187141E-01
      93 0.104000E+01 0.553837E+00 0.929543E-01 0.405206E+00 0.391513E+00 0.448665E+00 0.960597E+00 0.582434E+00 0.310802E+00 0.443305E+00 0.166712E+01 0.385736E+00 0.376574E+00
      94 0.148310E+01 0.851107E+00 0.922479E-01 0.709948E+00 0.691782E+00 0.742936E+00 0.126796E+01 0.882726E+00 0.607599E+00 0.746123E+00 0.195285E+01 0.682594E+00 0.671624E+00
      95 0.198229E+01 0.138442E+01 0.100930E+00 0.126744E+01 0.125000E+01 0.125935E+01 0.181766E+01 0.142341E+01 0.114251E+01 0.126791E+01 0.254803E+01 0.122368E+01 0.121283E+01
      96 0.257029E+01 0.202289E+01 0.123207E+00 0.192557E+01 0.192639E+01 0.187708E+01 0.249255E+01 0.207657E+01 0.176776E+01 0.188215E+01 0.330625E+01 0.187591E+01 0.183070E+01
      97 0.330881E+01 0.251986E+01 0.156724E+00 0.242622E+01 0.248226E+01 0.236256E+01 0.303785E+01 0.259870E+01 0.223431E+01 0.234259E+01 0.393501E+01 0.240720E+01 0.225591E+01
      98 0.422817E+01 0.326556E+01 0.188729E+00 0.316486E+01 0.332986E+01 0.311991E+01 0.381113E+01 0.337947E+01 0.294785E+01 0.303804E+01 0.474404E+01 0.323421E+01 0.288285E+01
      99 0.525536E+01 0.434410E+01 0.199401E+00 0.423152E+01 0.456570E+01 0.424679E+01 0.485943E+01 0.449675E+01 0.401427E+01 0.405937E+01 0.571616E+01 0.446155E+01 0.381823E+01
     100 0.618378E+01 0.558520E+01 0.182717E+00 0.545833E+01 0.602387E+01 0.558378E+01 0.598202E+01 0.576855E+01 0.528575E+01 0.524594E+01 0.660832E+01 0.593016E+01 0.491915E+01
     101 0.673038E+01 0.627354E+01 0.168879E+00 0.614288E+01 0.697155E+01 0.641119E+01 0.646025E+01 0.645720E+01 0.606436E+01 0.588974E+01 0.672879E+01 0.690913E+01 0.549796E+01
     102 0.666268E+01 0.657481E+01 0.203345E+00 0.645382E+01 0.751756E+01 0.686467E+01 0.652372E+01 0.671638E+01 0.649751E+01 0.616035E+01 0.642761E+01 0.750755E+01 0.572895E+01
     103 0.589172E+01 0.611305E+01 0.270751E+00 0.604054E+01 0.722677E+01 0.651910E+01 0.588806E+01 0.617582E+01 0.617644E+01 0.567514E+01 0.556375E+01 0.727645E+01 0.524088E+01
     104 0.445451E+01 0.482091E+01 0.313013E+00 0.485007E+01 0.599576E+01 0.527778E+01 0.453595E+01 0.479056E+01 0.500787E+01 0.435632E+01 0.416991E+01 0.610564E+01 0.399122E+01
     105 0.245245E+01 0.333617E+01 0.300615E+00 0.352496E+01 0.443375E+01 0.376415E+01 0.310817E+01 0.322023E+01 0.361140E+01 0.283536E+01 0.285801E+01 0.460448E+01 0.266276E+01
     106 0.689415E-01 0.105846E+01 0.254590E+00 0.143588E+01 0.192107E+01 0.137925E+01 0.971428E+00 0.875440E+00 0.136807E+01 0.526151E+00 0.917791E+00 0.215499E+01 0.675197E+00
     107 -.233595E+01 -.149911E+01 0.201309E+00 -.984479E+00 -.101869E+01 -.134729E+01 -.141711E+01 -.172119E+01 -.122992E+01 -.200731E+01 -.128155E+01 -.741021E+00 -.150580E+01
     108 -.426175E+01 -.352689E+01 0.142209E+00 -.302096E+01 -.345496E+01 -.355232E+01 -.332189E+01 -.374307E+01 -.336584E+01 -.391368E+01 -.307944E+01 -.320191E+01 -.321716E+01
     109 -.537231E+01 -.488929E+01 0.919893E-01 -.452044E+01 -.509969E+01 -.503843E+01 -.463426E+01 -.505495E+01 -.485138E+01 -.511223E+01 -.436934E+01 -.493650E+01 -.441770E+01
     110 -.569501E+01 -.551666E+01 0.562587E-01 -.529531E+01 -.580048E+01 -.571161E+01 -.526353E+01 -.562407E+01 -.556274E+01 -.562321E+01 -.500912E+01 -.573945E+01 -.507325E+01
     111 -.537923E+01 -.552360E+01 0.294830E-01 -.540565E+01 -.573117E+01 -.570476E+01 -.531342E+01 -.559950E+01 -.561334E+01 -.557669E+01 -.508547E+01 -.573806E+01 -.525169E+01
     112 -.442470E+01 -.482538E+01 0.271515E-01 -.479797E+01 -.487705E+01 -.494499E+01 -.473222E+01 -.490063E+01 -.493912E+01 -.483720E+01 -.459842E+01 -.490931E+01 -.485212E+01
     113 -.280067E+01 -.355183E+01 0.939693E-01 -.363274E+01 -.344257E+01 -.357597E+01 -.365099E+01 -.362678E+01 -.367844E+01 -.349746E+01 -.371427E+01 -.346317E+01 -.392774E+01
     114 -.740054E+00 -.147986E+01 0.195155E+00 -.165321E+01 -.127907E+01 -.141465E+01 -.176370E+01 -.153004E+01 -.159963E+01 -.135407E+01 -.205499E+01 -.126731E+01 -.208942E+01
     115 0.125504E+01 0.604221E+00 0.228765E+00 0.390425E+00 0.812302E+00 0.726567E+00 0.211118E+00 0.597081E+00 0.517020E+00 0.779375E+00 -.255963E+00 0.851760E+00 -.374142E-01
     116 0.272280E+01 0.241931E+01 0.170450E+00 0.222618E+01 0.258497E+01 0.255905E+01 0.202216E+01 0.245161E+01 0.237956E+01 0.260489E+01 0.149841E+01 0.262291E+01 0.190955E+01
     117 0.347287E+01 0.347679E+01 0.946243E-01 0.333801E+01 0.359984E+01 0.361607E+01 0.313880E+01 0.354144E+01 0.348744E+01 0.366042E+01 0.264709E+01 0.358791E+01 0.314432E+01
     118 0.356040E+01 0.384203E+01 0.539988E-01 0.376070E+01 0.394922E+01 0.399035E+01 0.356748E+01 0.394577E+01 0.389943E+01 0.404535E+01 0.312166E+01 0.383128E+01 0.364471E+01
     119 0.316072E+01 0.355814E+01 0.545450E-01 0.351907E+01 0.367982E+01 0.374232E+01 0.331353E+01 0.372331E+01 0.365813E+01 0.382433E+01 0.287086E+01 0.339805E+01 0.342926E+01
     120 0.249566E+01 0.331650E+01 0.849971E-01 0.329660E+01 0.346718E+01 0.355380E+01 0.306130E+01 0.355572E+01 0.345076E+01 0.367471E+01 0.258610E+01 0.300343E+01 0.320704E+01
     121 0.180455E+01 0.274908E+01 0.125424E+00 0.271704E+01 0.292320E+01 0.303324E+01 0.244811E+01 0.304499E+01 0.290203E+01 0.319978E+01 0.194786E+01 0.232166E+01 0.263746E+01
     122 0.129554E+01 0.201144E+01 0.155851E+00 0.194137E+01 0.219537E+01 0.232051E+01 0.164950E+01 0.232694E+01 0.216789E+01 0.253471E+01 0.116786E+01 0.152848E+01 0.189642E+01
     123 0.107097E+01 0.162254E+01 0.167274E+00 0.150783E+01 0.180809E+01 0.193241E+01 0.121593E+01 0.192241E+01 0.177270E+01 0.218917E+01 0.793891E+00 0.113922E+01 0.150220E+01
     124 0.109467E+01 0.139785E+01 0.164362E+00 0.125789E+01 0.158965E+01 0.169640E+01 0.991129E+00 0.167180E+01 0.154048E+01 0.197864E+01 0.625859E+00 0.947096E+00 0.125712E+01
     125 0.126579E+01 0.151275E+01 0.153416E+00 0.137431E+01 0.171544E+01 0.179596E+01 0.114751E+01 0.176994E+01 0.164647E+01 0.207913E+01 0.813991E+00 0.110334E+01 0.133939E+01
     126 0.153849E+01 0.184491E+01 0.134544E+00 0.171674E+01 0.205092E+01 0.210505E+01 0.153032E+01 0.208569E+01 0.195935E+01 0.236725E+01 0.122514E+01 0.147985E+01 0.165078E+01
     127 0.194052E+01 0.208508E+01 0.109889E+00 0.195695E+01 0.228092E+01 0.231408E+01 0.179935E+01 0.229620E+01 0.216707E+01 0.254266E+01 0.153763E+01 0.176978E+01 0.189946E+01
     128 0.250775E+01 0.254114E+01 0.849745E-01 0.240055E+01 0.272041E+01 0.273838E+01 0.225563E+01 0.271044E+01 0.258412E+01 0.292497E+01 0.204411E+01 0.228370E+01 0.238669E+01
     129 0.325110E+01 0.315837E+01 0.637452E-01 0.300180E+01 0.332407E+01 0.332803E+01 0.285478E+01 0.328105E+01 0.316326E+01 0.346255E+01 0.268301E+01 0.296926E+01 0.304304E+01
     130 0.415209E+01 0.401584E+01 0.491057E-01 0.384357E+01 0.417310E+01 0.416331E+01 0.368130E+01 0.409285E+01 0.398460E+01 0.423420E+01 0.352670E+01 0.390164E+01 0.394764E+01
     131 0.515150E+01 0.498743E+01 0.439088E-01 0.480883E+01 0.514231E+01 0.511850E+01 0.462443E+01 0.502937E+01 0.492494E+01 0.511530E+01 0.445436E+01 0.494431E+01 0.496867E+01
     132 0.613688E+01 0.592981E+01 0.471993E-01 0.577486E+01 0.608729E+01 0.604446E+01 0.557861E+01 0.595897E+01 0.584876E+01 0.596301E+01 0.535229E+01 0.594285E+01 0.594427E+01
     133 0.693963E+01 0.681696E+01 0.561138E-01 0.672425E+01 0.697770E+01 0.691919E+01 0.653923E+01 0.686919E+01 0.673696E+01 0.676850E+01 0.621663E+01 0.685021E+01 0.684235E+01
     134 0.734347E+01 0.743460E+01 0.670989E-01 0.745638E+01 0.759646E+01 0.753200E+01 0.732203E+01 0.755480E+01 0.738679E+01 0.733480E+01 0.686471E+01 0.744048E+01 0.743396E+01
     135 0.710199E+01 0.742537E+01 0.891125E-01 0.761711E+01 0.759132E+01 0.754481E+01 0.757883E+01 0.766657E+01 0.744770E+01 0.732569E+01 0.694408E+01 0.734800E+01 0.735721E+01
     136 0.598073E+01 0.653325E+01 0.140183E+00 0.692430E+01 0.671739E+01 0.673266E+01 0.701166E+01 0.694600E+01 0.665157E+01 0.649838E+01 0.616721E+01 0.631964E+01 0.637399E+01
     137 0.387847E+01 0.454380E+01 0.222011E+00 0.510883E+01 0.476372E+01 0.488540E+01 0.532005E+01 0.514552E+01 0.475228E+01 0.463169E+01 0.428770E+01 0.416984E+01 0.429792E+01
     138 0.103837E+01 0.152870E+01 0.284800E+00 0.216451E+01 0.178012E+01 0.201306E+01 0.245308E+01 0.225122E+01 0.177765E+01 0.175772E+01 0.137754E+01 0.103915E+01 0.123158E+01
     139 -.187061E+01 -.173926E+01 0.250770E+00 -.118827E+01 -.150267E+01 -.121857E+01 -.904634E+00 -.106112E+01 -.152320E+01 -.141830E+01 -.176844E+01 -.222247E+01 -.202791E+01
     140 -.409215E+01 -.394601E+01 0.143812E+00 -.359370E+01 -.378128E+01 -.352903E+01 -.338544E+01 -.346761E+01 -.380824E+01 -.362114E+01 -.385517E+01 -.430626E+01 -.416894E+01
     141 -.528590E+01 -.532136E+01 0.623262E-01 -.517631E+01 -.523966E+01 -.506034E+01 -.506711E+01 -.507223E+01 -.526395E+01 -.505215E+01 -.516556E+01 -.553605E+01 -.545355E+01
     142 -.558058E+01 -.574218E+01 0.286739E-01 -.574879E+01 -.571181E+01 -.560542E+01 -.571006E+01 -.566249E+01 -.573876E+01 -.555446E+01 -.557835E+01 -.583797E+01 -.579977E+01
     143 -.520557E+01 -.545922E+01 0.184739E-01 -.558910E+01 -.544988E+01 -.541737E+01 -.555904E+01 -.550668E+01 -.547982E+01 -.538282E+01 -.529084E+01 -.544755E+01 -.546225E+01
     144 -.426007E+01 -.466365E+01 0.282097E-01 -.492249E+01 -.468000E+01 -.472911E+01 -.484432E+01 -.483990E+01 -.467975E+01 -.472910E+01 -.444923E+01 -.454105E+01 -.461668E+01
     145 -.290214E+01 -.340597E+01 0.628980E-01 -.374459E+01 -.350460E+01 -.360832E+01 -.359527E+01 -.370461E+01 -.336584E+01 -.358414E+01 -.308415E+01 -.316944E+01 -.334638E+01
     146 -.159969E+01 -.206219E+01 0.105417E+00 -.232662E+01 -.231469E+01 -.239515E+01 -.214932E+01 -.241959E+01 -.191028E+01 -.222505E+01 -.161860E+01 -.173101E+01 -.208519E+01
     147 -.855362E+00 -.100214E+01 0.131218E+00 -.107272E+01 -.139576E+01 -.140514E+01 -.945623E+00 -.133717E+01 -.753233E+00 -.103792E+01 -.519438E+00 -.632605E+00 -.115715E+01
     148 -.694396E+00 -.749388E+00 0.116583E+00 -.653765E+00 -.118142E+01 -.114787E+01 -.615815E+00 -.102113E+01 -.485822E+00 -.667153E+00 -.343018E+00 -.415520E+00 -.972694E+00
     149 -.670608E+00 -.728382E+00 0.559990E-01 -.623591E+00 -.105191E+01 -.104410E+01 -.646006E+00 -.939111E+00 -.555064E+00 -.634628E+00 -.464683E+00 -.510080E+00 -.872112E+00
     150 -.319199E+00 -.398501E+00 0.154216E-01 -.401778E+00 -.551553E+00 -.601866E+00 -.423688E+00 -.577193E+00 -.347600E+00 -.374524E+00 -.234265E+00 -.317644E+00 -.374090E+00
     151 0.521832E+00 0.307602E+00 0.181959E-01 0.171694E+00 0.305771E+00 0.207520E+00 0.197107E+00 0.133142E+00 0.266004E+00 0.240983E+00 0.460610E+00 0.279888E+00 0.500520E+00
     152 0.173944E+01 0.138982E+01 0.395317E-01 0.116274E+01 0.147380E+01 0.135885E+01 0.125564E+01 0.119943E+01 0.131589E+01 0.125361E+01 0.161314E+01 0.131566E+01 0.168963E+01
     153 0.312496E+01 0.262479E+01 0.558084E-01 0.236504E+01 0.272786E+01 0.262591E+01 0.252231E+01 0.240981E+01 0.257225E+01 0.245398E+01 0.296276E+01 0.256475E+01 0.295897E+01
     154 0.450289E+01 0.387218E+01 0.656717E-01 0.362476E+01 0.395416E+01 0.388643E+01 0.383063E+01 0.363617E+01 0.386804E+01 0.370439E+01 0.432739E+01 0.385476E+01 0.419821E+01
     155 0.576225E+01 0.509970E+01 0.722588E-01 0.489335E+01 0.513905E+01 0.511619E+01 0.512880E+01 0.485112E+01 0.515818E+01 0.496081E+01 0.565158E+01 0.513444E+01 0.539567E+01
     156 0.683464E+01 0.618000E+01 0.766092E-01 0.602942E+01 0.618444E+01 0.621328E+01 0.627473E+01 0.593450E+01 0.628546E+01 0.610470E+01 0.678017E+01 0.624139E+01 0.645683E+01
     157 0.767461E+01 0.726954E+01 0.769198E-01 0.717887E+01 0.725497E+01 0.733564E+01 0.741680E+01 0.704111E+01 0.739309E+01 0.728774E+01 0.786565E+01 0.732742E+01 0.754203E+01
     158 0.826775E+01 0.791061E+01 0.737950E-01 0.787092E+01 0.789869E+01 0.802395E+01 0.808661E+01 0.771241E+01 0.801328E+01 0.804054E+01 0.845058E+01 0.793287E+01 0.819251E+01
     159 0.864863E+01 0.845906E+01 0.680671E-01 0.844944E+01 0.846722E+01 0.861575E+01 0.863710E+01 0.830091E+01 0.852064E+01 0.867161E+01 0.891105E+01 0.843692E+01 0.874795E+01
     160 0.888533E+01 0.873097E+01 0.585060E-01 0.873604E+01 0.876750E+01 0.891562E+01 0.889954E+01 0.862030E+01 0.875458E+01 0.896846E+01 0.908699E+01 0.867809E+01 0.901438E+01
     161 0.902392E+01 0.884375E+01 0.479262E-01 0.885707E+01 0.891027E+01 0.904496E+01 0.900282E+01 0.878283E+01 0.883749E+01 0.906265E+01 0.911256E+01 0.877473E+01 0.911170E+01
     162 0.905052E+01 0.894875E+01 0.386341E-01 0.897552E+01 0.903716E+01 0.915874E+01 0.911343E+01 0.893588E+01 0.892337E+01 0.912534E+01 0.915018E+01 0.888147E+01 0.918881E+01
     163 0.891272E+01 0.884176E+01 0.327681E-01 0.889580E+01 0.894105E+01 0.906317E+01 0.903997E+01 0.887968E+01 0.880323E+01 0.896937E+01 0.899373E+01 0.879484E+01 0.903527E+01
     164 0.856451E+01 0.859056E+01 0.339323E-01 0.867985E+01 0.869604E+01 0.883792E+01 0.883931E+01 0.867847E+01 0.854154E+01 0.868353E+01 0.870952E+01 0.857147E+01 0.872640E+01
     165 0.798341E+01 0.806389E+01 0.445894E-01 0.819433E+01 0.818323E+01 0.835882E+01 0.837060E+01 0.820350E+01 0.800739E+01 0.813947E+01 0.816147E+01 0.806958E+01 0.814207E+01
     166 0.715618E+01 0.726439E+01 0.671443E-01 0.744086E+01 0.741607E+01 0.762232E+01 0.762678E+01 0.745977E+01 0.720888E+01 0.732575E+01 0.735425E+01 0.728440E+01 0.729854E+01
     167 0.606505E+01 0.624318E+01 0.106300E+00 0.647193E+01 0.645538E+01 0.666997E+01 0.665177E+01 0.650726E+01 0.619877E+01 0.627036E+01 0.633550E+01 0.626205E+01 0.625352E+01
     168 0.469956E+01 0.495830E+01 0.163911E+00 0.524051E+01 0.525448E+01 0.544578E+01 0.539749E+01 0.530352E+01 0.494008E+01 0.491147E+01 0.505644E+01 0.496720E+01 0.496231E+01
     169 0.308464E+01 0.341836E+01 0.228939E+00 0.374512E+01 0.380278E+01 0.394422E+01 0.386482E+01 0.384026E+01 0.344314E+01 0.326283E+01 0.351962E+01 0.341525E+01 0.342797E+01
     170 0.130077E+01 0.177389E+01 0.269530E+00 0.212267E+01 0.221973E+01 0.229381E+01 0.219455E+01 0.223980E+01 0.185307E+01 0.149829E+01 0.187174E+01 0.176216E+01 0.179197E+01
     171 -.500493E+00 -.267449E+00 0.251375E+00 0.656791E-01 0.185518E+00 0.184173E+00 0.857086E-01 0.191300E+00 -.140373E+00 -.641050E+00 -.185357E+00 -.283671E+00 -.249033E+00
     172 -.209432E+01 -.187387E+01 0.174118E+00 -.160439E+01 -.147819E+01 -.155214E+01 -.163006E+01 -.146625E+01 -.173070E+01 -.228788E+01 -.182452E+01 -.189575E+01 -.187168E+01
     173 -.324531E+01 -.300260E+01 0.857585E-01 -.283609E+01 -.270803E+01 -.284371E+01 -.289146E+01 -.264751E+01 -.289614E+01 -.338310E+01 -.300286E+01 -.304327E+01 -.303826E+01
     174 -.380986E+01 -.359054E+01 0.380036E-01 -.354171E+01 -.339916E+01 -.358728E+01 -.360762E+01 -.323566E+01 -.358006E+01 -.388031E+01 -.365707E+01 -.367718E+01 -.368968E+01
     175 -.376035E+01 -.346402E+01 0.509238E-01 -.351898E+01 -.334298E+01 -.357382E+01 -.358058E+01 -.303974E+01 -.359874E+01 -.362708E+01 -.360749E+01 -.363024E+01 -.364690E+01
     176 -.313257E+01 -.291021E+01 0.107403E+00 -.302815E+01 -.281307E+01 -.306693E+01 -.308283E+01 -.238494E+01 -.321127E+01 -.291608E+01 -.312240E+01 -.318486E+01 -.317725E+01
     177 -.204464E+01 -.155235E+01 0.150699E+00 -.167103E+01 -.144076E+01 -.169708E+01 -.173334E+01 -.983978E+00 -.197088E+01 -.140005E+01 -.179242E+01 -.193272E+01 -.186380E+01
     178 -.793186E+00 -.353911E+00 0.126188E+00 -.410849E+00 -.204375E+00 -.455180E+00 -.495232E+00 0.122720E+00 -.759481E+00 -.923848E-01 -.558410E+00 -.799034E+00 -.643896E+00
     179 0.196231E+00 0.555353E+00 0.706580E-01 0.575680E+00 0.741356E+00 0.481440E+00 0.471817E+00 0.830851E+00 0.294478E+00 0.843984E+00 0.426446E+00 0.105260E+00 0.330106E+00
     180 0.637404E+00 0.762219E+00 0.380713E-01 0.822155E+00 0.945546E+00 0.693901E+00 0.723709E+00 0.824153E+00 0.687428E+00 0.101139E+01 0.703957E+00 0.372528E+00 0.603733E+00
     181 0.592698E+00 0.573704E+00 0.215430E-01 0.620907E+00 0.696847E+00 0.516337E+00 0.556527E+00 0.513152E+00 0.616924E+00 0.752184E+00 0.551602E+00 0.297684E+00 0.462124E+00
     182 0.381061E+00 0.318793E+00 0.634937E-02 0.312281E+00 0.351805E+00 0.287497E+00 0.301565E+00 0.274850E+00 0.370969E+00 0.415386E+00 0.300347E+00 0.178952E+00 0.236048E+00
     183 0.291698E+00 0.248105E+00 0.404134E-02 0.164891E+00 0.223491E+00 0.229296E+00 0.211813E+00 0.318516E+00 0.242624E+00 0.262219E+00 0.222351E+00 0.215496E+00 0.185314E+00
     184 0.405023E+00 0.336666E+00 0.174234E-01 0.165745E+00 0.311486E+00 0.293772E+00 0.263837E+00 0.547480E+00 0.255972E+00 0.274811E+00 0.305753E+00 0.358680E+00 0.287252E+00
     185 0.645644E+00 0.566878E+00 0.340824E-01 0.326474E+00 0.560364E+00 0.487375E+00 0.456947E+00 0.867886E+00 0.430078E+00 0.442972E+00 0.533427E+00 0.617705E+00 0.527496E+00
     186 0.929919E+00 0.813454E+00 0.455850E-01 0.532690E+00 0.815906E+00 0.709515E+00 0.676839E+00 0.115203E+01 0.640077E+00 0.645012E+00 0.776526E+00 0.889283E+00 0.782042E+00
     187 0.124353E+01 0.113734E+01 0.488405E-01 0.851968E+00 0.112734E+01 0.103487E+01 0.994008E+00 0.147333E+01 0.951141E+00 0.948308E+00 0.109639E+01 0.123857E+01 0.111283E+01
     188 0.161611E+01 0.158695E+01 0.510269E-01 0.130291E+01 0.156128E+01 0.149319E+01 0.144352E+01 0.192053E+01 0.139398E+01 0.139094E+01 0.154204E+01 0.170536E+01 0.156548E+01
     189 0.207603E+01 0.205216E+01 0.563482E-01 0.175525E+01 0.201760E+01 0.196792E+01 0.190754E+01 0.240188E+01 0.184845E+01 0.185404E+01 0.199995E+01 0.217994E+01 0.202282E+01
     190 0.264465E+01 0.265609E+01 0.641528E-01 0.233364E+01 0.261566E+01 0.259258E+01 0.251355E+01 0.303300E+01 0.243938E+01 0.245943E+01 0.259042E+01 0.279568E+01 0.260436E+01
     191 0.333046E+01 0.332291E+01 0.708297E-01 0.296947E+01 0.328242E+01 0.329866E+01 0.319152E+01 0.372403E+01 0.309550E+01 0.313809E+01 0.323861E+01 0.347693E+01 0.323370E+01
     192 0.409297E+01 0.399862E+01 0.679769E-01 0.362586E+01 0.397036E+01 0.403335E+01 0.389531E+01 0.439362E+01 0.377547E+01 0.384677E+01 0.389814E+01 0.416327E+01 0.386535E+01
     193 0.481241E+01 0.464943E+01 0.531386E-01 0.427493E+01 0.466341E+01 0.475599E+01 0.459643E+01 0.498715E+01 0.445857E+01 0.455595E+01 0.454105E+01 0.481222E+01 0.447071E+01
     194 0.529764E+01 0.505952E+01 0.419750E-01 0.469495E+01 0.516274E+01 0.524098E+01 0.507946E+01 0.528004E+01 0.493120E+01 0.504574E+01 0.494710E+01 0.520421E+01 0.482853E+01
     195 0.533678E+01 0.503226E+01 0.638671E-01 0.467573E+01 0.527322E+01 0.527787E+01 0.513727E+01 0.508907E+01 0.498365E+01 0.510545E+01 0.490649E+01 0.514396E+01 0.473193E+01
     196 0.477779E+01 0.428888E+01 0.132011E+00 0.391916E+01 0.470007E+01 0.456733E+01 0.446747E+01 0.418152E+01 0.432360E+01 0.443095E+01 0.413230E+01 0.435345E+01 0.390260E+01
     197 0.360206E+01 0.284216E+01 0.203026E+00 0.245729E+01 0.339091E+01 0.311101E+01 0.305770E+01 0.261909E+01 0.295102E+01 0.301241E+01 0.265089E+01 0.285475E+01 0.239102E+01
     198 0.194795E+01 0.969337E+00 0.220243E+00 0.591214E+00 0.157505E+01 0.118362E+01 0.117270E+01 0.701677E+00 0.113578E+01 0.112185E+01 0.761152E+00 0.927879E+00 0.514024E+00
     199 0.758517E-01 -.670529E+00 0.166358E+00 -.997783E+00 -.113760E+00 -.548396E+00 -.526069E+00 -.912291E+00 -.465227E+00 -.571584E+00 -.855143E+00 -.765809E+00 -.104050E+01
     200 -.169952E+01 -.230035E+01 0.845288E-01 -.253346E+01 -.188162E+01 -.229443E+01 -.224721E+01 -.245915E+01 -.206017E+01 -.227198E+01 -.240750E+01 -.245022E+01 -.249464E+01
