       1 0.799878E+01 0.800251E+01 0.131979E-01 0.805915E+01 0.804287E+01 0.795399E+01 0.808534E+01 0.815290E+01 0.802725E+01 0.788438E+01 0.798043E+01 0.779448E+01 0.793394E+01
       2 0.799555E+01 0.798128E+01 0.177606E-01 0.808458E+01 0.811665E+01 0.792693E+01 0.800559E+01 0.813245E+01 0.803178E+01 0.793220E+01 0.803458E+01 0.768968E+01 0.778236E+01
       3 0.799147E+01 0.796942E+01 0.230730E-01 0.811445E+01 0.820785E+01 0.786544E+01 0.791402E+01 0.808495E+01 0.800986E+01 0.802530E+01 0.816999E+01 0.770042E+01 0.765024E+01
       4 0.798860E+01 0.800686E+01 0.340253E-01 0.818241E+01 0.830132E+01 0.780025E+01 0.786077E+01 0.803805E+01 0.798997E+01 0.817889E+01 0.834178E+01 0.792634E+01 0.765485E+01
       5 0.798964E+01 0.804283E+01 0.667166E-01 0.822157E+01 0.828422E+01 0.771680E+01 0.784721E+01 0.793302E+01 0.793472E+01 0.830541E+01 0.835262E+01 0.832915E+01 0.781538E+01
       6 0.799694E+01 0.789858E+01 0.142920E+00 0.801012E+01 0.794576E+01 0.755067E+01 0.778618E+01 0.761716E+01 0.770290E+01 0.818607E+01 0.788692E+01 0.862715E+01 0.794908E+01
       7 0.801077E+01 0.765244E+01 0.246701E+00 0.756401E+01 0.741500E+01 0.753654E+01 0.784458E+01 0.725518E+01 0.741330E+01 0.787138E+01 0.707071E+01 0.861359E+01 0.799995E+01
       8 0.802767E+01 0.748061E+01 0.306714E+00 0.712374E+01 0.706639E+01 0.779720E+01 0.810390E+01 0.713359E+01 0.725756E+01 0.760284E+01 0.651026E+01 0.814877E+01 0.787918E+01
       9 0.803955E+01 0.746049E+01 0.333669E+00 0.688987E+01 0.706880E+01 0.827652E+01 0.850474E+01 0.734737E+01 0.730727E+01 0.750900E+01 0.653313E+01 0.726967E+01 0.757271E+01
      10 0.803513E+01 0.860574E+01 0.397988E+00 0.803252E+01 0.841695E+01 0.974021E+01 0.978670E+01 0.881698E+01 0.854821E+01 0.863245E+01 0.810044E+01 0.746115E+01 0.826853E+01
      11 0.800468E+01 0.739633E+01 0.545023E+00 0.700787E+01 0.756419E+01 0.862276E+01 0.823785E+01 0.797604E+01 0.744826E+01 0.743991E+01 0.764265E+01 0.556073E+01 0.664824E+01
      12 0.794767E+01 0.869094E+01 0.578139E+00 0.857975E+01 0.911119E+01 0.960647E+01 0.879065E+01 0.944542E+01 0.883795E+01 0.875763E+01 0.960844E+01 0.698159E+01 0.796725E+01
      13 0.788061E+01 0.798365E+01 0.626766E+00 0.811647E+01 0.849564E+01 0.837901E+01 0.730537E+01 0.878838E+01 0.823993E+01 0.810869E+01 0.946948E+01 0.671401E+01 0.751571E+01
      14 0.783923E+01 0.777205E+01 0.638997E+00 0.809133E+01 0.800293E+01 0.742314E+01 0.646027E+01 0.837365E+01 0.825139E+01 0.780072E+01 0.950800E+01 0.735449E+01 0.782985E+01
      15 0.786971E+01 0.863395E+01 0.641344E+00 0.898319E+01 0.842728E+01 0.771780E+01 0.718789E+01 0.888011E+01 0.934611E+01 0.846414E+01 0.101158E+02 0.899724E+01 0.915284E+01
      16 0.800782E+01 0.891008E+01 0.643163E+00 0.919160E+01 0.826903E+01 0.763440E+01 0.771224E+01 0.865544E+01 0.984857E+01 0.836619E+01 0.958886E+01 0.100071E+02 0.977072E+01
      17 0.824984E+01 0.858787E+01 0.664133E+00 0.879923E+01 0.782798E+01 0.735479E+01 0.798147E+01 0.780935E+01 0.956214E+01 0.759119E+01 0.815319E+01 0.100065E+02 0.945054E+01
      18 0.852056E+01 0.882488E+01 0.742293E+00 0.905697E+01 0.846515E+01 0.810445E+01 0.894746E+01 0.768507E+01 0.947612E+01 0.763325E+01 0.756011E+01 0.985491E+01 0.930927E+01
      19 0.864956E+01 0.889292E+01 0.822021E+00 0.923824E+01 0.924527E+01 0.889120E+01 0.956870E+01 0.774058E+01 0.895569E+01 0.797740E+01 0.748073E+01 0.902378E+01 0.883434E+01
      20 0.839561E+01 0.764788E+01 0.800497E+00 0.812892E+01 0.877563E+01 0.830962E+01 0.848327E+01 0.679741E+01 0.714168E+01 0.734990E+01 0.664154E+01 0.696292E+01 0.723652E+01
      21 0.758822E+01 0.691039E+01 0.790929E+00 0.741099E+01 0.867190E+01 0.803010E+01 0.749324E+01 0.656304E+01 0.609398E+01 0.741052E+01 0.659480E+01 0.582986E+01 0.645381E+01
      22 0.637040E+01 0.625792E+01 0.853118E+00 0.660180E+01 0.817805E+01 0.740552E+01 0.633745E+01 0.649316E+01 0.549363E+01 0.752850E+01 0.663942E+01 0.519324E+01 0.600359E+01
      23 0.527502E+01 0.454349E+01 0.821059E+00 0.456283E+01 0.591037E+01 0.520793E+01 0.417718E+01 0.534194E+01 0.410378E+01 0.636404E+01 0.539553E+01 0.372699E+01 0.457951E+01
      24 0.485716E+01 0.445668E+01 0.640994E+00 0.417408E+01 0.482862E+01 0.440954E+01 0.399525E+01 0.558392E+01 0.437315E+01 0.632191E+01 0.533781E+01 0.387203E+01 0.468151E+01
      25 0.526013E+01 0.429357E+01 0.578069E+00 0.392284E+01 0.414298E+01 0.389693E+01 0.387091E+01 0.548717E+01 0.437919E+01 0.605677E+01 0.508972E+01 0.381647E+01 0.456777E+01
      26 0.636771E+01 0.525251E+01 0.540085E+00 0.485618E+01 0.486331E+01 0.471077E+01 0.484435E+01 0.650856E+01 0.546684E+01 0.679656E+01 0.590521E+01 0.480169E+01 0.552302E+01
      27 0.806800E+01 0.686022E+01 0.542474E+00 0.645391E+01 0.634841E+01 0.623751E+01 0.641062E+01 0.819106E+01 0.719875E+01 0.817891E+01 0.738301E+01 0.640985E+01 0.709132E+01
      28 0.989140E+01 0.920321E+01 0.462715E+00 0.881940E+01 0.863433E+01 0.859132E+01 0.877513E+01 0.104923E+02 0.958084E+01 0.101122E+02 0.952670E+01 0.872484E+01 0.932210E+01
      29 0.104669E+02 0.991701E+01 0.236544E+00 0.957367E+01 0.934375E+01 0.960778E+01 0.983925E+01 0.110125E+02 0.100343E+02 0.974115E+01 0.970901E+01 0.931458E+01 0.970206E+01
      30 0.797626E+01 0.812740E+01 0.359634E+00 0.787574E+01 0.763659E+01 0.835499E+01 0.851725E+01 0.881129E+01 0.769159E+01 0.688684E+01 0.738363E+01 0.753665E+01 0.753461E+01
      31 0.251801E+01 0.321407E+01 0.820240E+00 0.308443E+01 0.274913E+01 0.403044E+01 0.402420E+01 0.331434E+01 0.205325E+01 0.156379E+01 0.232864E+01 0.289553E+01 0.223126E+01
      32 -.244325E+01 -.179164E+01 0.780145E+00 -.174704E+01 -.215397E+01 -.780481E+00 -.948364E+00 -.214235E+01 -.322611E+01 -.254735E+01 -.191610E+01 -.169508E+01 -.284045E+01
      33 -.334886E+01 -.335283E+01 0.659997E+00 -.321214E+01 -.344835E+01 -.248767E+01 -.269988E+01 -.369397E+01 -.452858E+01 -.266839E+01 -.236116E+01 -.298525E+01 -.424713E+01
      34 -.344237E+00 -.774069E+00 0.768051E+00 -.796954E+00 -.611975E+00 -.131805E+00 -.363556E+00 -.776361E+00 -.149933E+01 0.850469E+00 0.815212E+00 -.298729E+00 -.158093E+01
      35 0.357920E+01 0.205122E+01 0.648219E+00 0.160844E+01 0.229785E+01 0.239494E+01 0.203990E+01 0.225835E+01 0.182834E+01 0.378138E+01 0.340813E+01 0.267576E+01 0.123024E+01
      36 0.566006E+01 0.427575E+01 0.518894E+00 0.344816E+01 0.439764E+01 0.422749E+01 0.369226E+01 0.434381E+01 0.449465E+01 0.555410E+01 0.486094E+01 0.516894E+01 0.346085E+01
      37 0.506399E+01 0.484478E+01 0.653250E+00 0.385779E+01 0.473294E+01 0.444157E+01 0.379368E+01 0.455144E+01 0.531063E+01 0.554961E+01 0.460930E+01 0.609029E+01 0.409931E+01
      38 0.241616E+01 0.235810E+01 0.843220E+00 0.145195E+01 0.199458E+01 0.175820E+01 0.115451E+01 0.172119E+01 0.281584E+01 0.253418E+01 0.154107E+01 0.391354E+01 0.168960E+01
      39 -.887541E+00 -.762143E+00 0.811689E+00 -.132168E+01 -.126684E+01 -.132571E+01 -.172560E+01 -.161122E+01 -.538695E+00 -.100779E+01 -.179573E+01 0.882328E+00 -.138698E+01
      40 -.323039E+01 -.284765E+01 0.558276E+00 -.282451E+01 -.324347E+01 -.313215E+01 -.322163E+01 -.373490E+01 -.294725E+01 -.324966E+01 -.368992E+01 -.148224E+01 -.353013E+01
      41 -.357114E+01 -.314215E+01 0.426418E+00 -.252243E+01 -.325338E+01 -.305449E+01 -.283793E+01 -.393351E+01 -.347516E+01 -.339463E+01 -.356352E+01 -.227678E+01 -.401292E+01
      42 -.185711E+01 -.156859E+01 0.476468E+00 -.620824E+00 -.138650E+01 -.117082E+01 -.791780E+00 -.214654E+01 -.196002E+01 -.151670E+01 -.154320E+01 -.120493E+01 -.265278E+01
      43 0.917833E+00 0.109228E+01 0.439773E+00 0.189569E+01 0.143482E+01 0.163123E+01 0.195409E+01 0.807181E+00 0.803948E+00 0.132021E+01 0.138111E+01 0.114889E+01 -.637223E-01
      44 0.318487E+01 0.324357E+01 0.240928E+00 0.348998E+01 0.359019E+01 0.377876E+01 0.389691E+01 0.322439E+01 0.310181E+01 0.327260E+01 0.346800E+01 0.328844E+01 0.222485E+01
      45 0.388216E+01 0.402355E+01 0.134464E+00 0.363355E+01 0.431687E+01 0.452205E+01 0.444553E+01 0.417737E+01 0.396969E+01 0.356213E+01 0.395445E+01 0.422309E+01 0.325225E+01
      46 0.292760E+01 0.290203E+01 0.189965E+00 0.210540E+01 0.311174E+01 0.337757E+01 0.321525E+01 0.314094E+01 0.282876E+01 0.191047E+01 0.249942E+01 0.325299E+01 0.234555E+01
      47 0.103432E+01 0.112918E+01 0.211154E+00 0.391589E+00 0.116340E+01 0.151403E+01 0.142031E+01 0.138403E+01 0.958071E+00 -.413965E-01 0.547930E+00 0.148846E+01 0.702372E+00
      48 -.615204E+00 -.360362E+00 0.115577E+00 -.599575E+00 -.615653E+00 -.178932E+00 -.104904E+00 -.145554E+00 -.635993E+00 -.116769E+01 -.914854E+00 -.938789E-01 -.755950E+00
      49 -.104445E+01 -.540078E+00 0.858222E-01 -.170454E+00 -.109129E+01 -.584919E+00 -.382150E+00 -.392461E+00 -.862555E+00 -.691755E+00 -.100129E+01 -.309386E+00 -.985435E+00
      50 -.740616E-01 0.295585E+00 0.174313E+00 0.109341E+01 -.446796E+00 0.100637E+00 0.316456E+00 0.381533E+00 -.877749E-02 0.738941E+00 -.134220E+00 0.600635E+00 -.227728E+00
      51 0.185173E+01 0.208105E+01 0.268999E+00 0.303893E+01 0.128146E+01 0.184256E+01 0.197058E+01 0.213323E+01 0.182738E+01 0.288347E+01 0.160399E+01 0.250791E+01 0.149571E+01
      52 0.416387E+01 0.412893E+01 0.296166E+00 0.502613E+01 0.338761E+01 0.392544E+01 0.391306E+01 0.418676E+01 0.395458E+01 0.510332E+01 0.353584E+01 0.461649E+01 0.355125E+01
      53 0.639438E+01 0.632251E+01 0.252507E+00 0.699150E+01 0.574806E+01 0.621060E+01 0.603915E+01 0.642662E+01 0.627718E+01 0.735094E+01 0.553676E+01 0.672324E+01 0.586697E+01
      54 0.816388E+01 0.820378E+01 0.199841E+00 0.854348E+01 0.788697E+01 0.822118E+01 0.789464E+01 0.838045E+01 0.835192E+01 0.923263E+01 0.714607E+01 0.835719E+01 0.799018E+01
      55 0.921889E+01 0.924517E+01 0.205880E+00 0.924985E+01 0.921914E+01 0.939526E+01 0.895619E+01 0.949074E+01 0.961429E+01 0.102524E+02 0.790754E+01 0.907312E+01 0.932938E+01
      56 0.957858E+01 0.984337E+01 0.254370E+00 0.960754E+01 0.100627E+02 0.100812E+02 0.961073E+01 0.101184E+02 0.103894E+02 0.108022E+02 0.834171E+01 0.939688E+01 0.101803E+02
      57 0.953097E+01 0.949039E+01 0.275934E+00 0.915323E+01 0.986078E+01 0.974676E+01 0.932161E+01 0.974141E+01 0.101284E+02 0.103626E+02 0.799356E+01 0.889684E+01 0.997659E+01
      58 0.939455E+01 0.974775E+01 0.265953E+00 0.940232E+01 0.101827E+02 0.999116E+01 0.963333E+01 0.995780E+01 0.104148E+02 0.105398E+02 0.833274E+01 0.909715E+01 0.102860E+02
      59 0.931238E+01 0.949675E+01 0.205708E+00 0.921680E+01 0.991431E+01 0.967987E+01 0.938325E+01 0.965098E+01 0.101182E+02 0.101339E+02 0.825360E+01 0.890692E+01 0.100240E+02
      60 0.924036E+01 0.920753E+01 0.147768E+00 0.898588E+01 0.957521E+01 0.932996E+01 0.906062E+01 0.933144E+01 0.974634E+01 0.967765E+01 0.813339E+01 0.872754E+01 0.970211E+01
      61 0.906166E+01 0.924404E+01 0.108268E+00 0.904232E+01 0.956042E+01 0.932090E+01 0.905376E+01 0.936482E+01 0.968390E+01 0.956168E+01 0.831403E+01 0.889456E+01 0.970347E+01
      62 0.870705E+01 0.892503E+01 0.886538E-01 0.869165E+01 0.919556E+01 0.897571E+01 0.868810E+01 0.906647E+01 0.925594E+01 0.910524E+01 0.811175E+01 0.873574E+01 0.934565E+01
      63 0.819300E+01 0.834553E+01 0.914710E-01 0.804163E+01 0.858275E+01 0.839777E+01 0.807312E+01 0.852544E+01 0.858489E+01 0.841841E+01 0.758261E+01 0.831167E+01 0.872002E+01
      64 0.757244E+01 0.776859E+01 0.112686E+00 0.738021E+01 0.798697E+01 0.784851E+01 0.747429E+01 0.799632E+01 0.795262E+01 0.775640E+01 0.696546E+01 0.785842E+01 0.809040E+01
      65 0.686637E+01 0.701678E+01 0.143538E+00 0.656484E+01 0.723003E+01 0.714200E+01 0.671574E+01 0.728350E+01 0.719208E+01 0.692544E+01 0.608794E+01 0.717892E+01 0.728092E+01
      66 0.603143E+01 0.629687E+01 0.175267E+00 0.582225E+01 0.651089E+01 0.646979E+01 0.600487E+01 0.657646E+01 0.649938E+01 0.610663E+01 0.520606E+01 0.649277E+01 0.649607E+01
      67 0.497633E+01 0.506878E+01 0.197196E+00 0.462828E+01 0.528112E+01 0.528187E+01 0.480989E+01 0.531890E+01 0.532795E+01 0.476262E+01 0.382860E+01 0.526331E+01 0.518947E+01
      68 0.362400E+01 0.363081E+01 0.195025E+00 0.328201E+01 0.382673E+01 0.386026E+01 0.343876E+01 0.380166E+01 0.395102E+01 0.320337E+01 0.234060E+01 0.380370E+01 0.365917E+01
      69 0.199594E+01 0.196569E+01 0.163731E+00 0.174848E+01 0.212541E+01 0.217690E+01 0.187042E+01 0.202527E+01 0.231518E+01 0.144521E+01 0.784004E+00 0.210902E+01 0.190034E+01
      70 0.257163E+00 0.290472E+00 0.115068E+00 0.207360E+00 0.399544E+00 0.448665E+00 0.297659E+00 0.245453E+00 0.603488E+00 -.264713E+00 -.627693E+00 0.416148E+00 0.148091E+00
      71 -.133311E+01 -.111782E+01 0.638462E-01 -.111406E+01 -.106054E+01 -.104278E+01 -.103461E+01 -.122239E+01 -.922120E+00 -.162141E+01 -.165454E+01 -.970975E+00 -.130405E+01
      72 -.252407E+01 -.230035E+01 0.332258E-01 -.227936E+01 -.228060E+01 -.232235E+01 -.217855E+01 -.240998E+01 -.227197E+01 -.267394E+01 -.243694E+01 -.209480E+01 -.249552E+01
      73 -.311496E+01 -.290115E+01 0.516801E-01 -.296378E+01 -.287732E+01 -.303048E+01 -.276315E+01 -.294505E+01 -.307737E+01 -.306293E+01 -.266352E+01 -.258723E+01 -.305581E+01
      74 -.293014E+01 -.280519E+01 0.150660E+00 -.301851E+01 -.272058E+01 -.302501E+01 -.264641E+01 -.272469E+01 -.317289E+01 -.272897E+01 -.233115E+01 -.238191E+01 -.286799E+01
      75 -.188751E+01 -.162258E+01 0.290900E+00 -.199647E+01 -.143263E+01 -.188166E+01 -.143585E+01 -.139015E+01 -.210760E+01 -.134610E+01 -.110494E+01 -.114147E+01 -.155211E+01
      76 -.191611E+00 -.235567E+00 0.328176E+00 -.691845E+00 0.416071E-01 -.452994E+00 -.589825E-01 0.106314E+00 -.695816E+00 0.136924E+00 0.144828E+00 0.201356E+00 -.355600E-01
      77 0.163182E+01 0.157236E+01 0.211786E+00 0.115082E+01 0.185986E+01 0.146062E+01 0.163964E+01 0.192874E+01 0.126804E+01 0.192227E+01 0.172890E+01 0.187575E+01 0.184343E+01
      78 0.301442E+01 0.277078E+01 0.803843E-01 0.244576E+01 0.302319E+01 0.278639E+01 0.261055E+01 0.306557E+01 0.266307E+01 0.301360E+01 0.269350E+01 0.292492E+01 0.305620E+01
      79 0.364052E+01 0.329752E+01 0.404820E-01 0.304796E+01 0.353230E+01 0.342244E+01 0.285099E+01 0.351575E+01 0.333394E+01 0.341725E+01 0.304098E+01 0.335457E+01 0.358838E+01
      80 0.349681E+01 0.307517E+01 0.609918E-01 0.286231E+01 0.332086E+01 0.326670E+01 0.241132E+01 0.322894E+01 0.317003E+01 0.310210E+01 0.275311E+01 0.308822E+01 0.338385E+01
      81 0.279430E+01 0.241175E+01 0.725289E-01 0.223919E+01 0.266068E+01 0.260651E+01 0.174600E+01 0.250346E+01 0.248744E+01 0.239686E+01 0.216341E+01 0.240135E+01 0.272261E+01
      82 0.191218E+01 0.156186E+01 0.524770E-01 0.147746E+01 0.177134E+01 0.170387E+01 0.110532E+01 0.158443E+01 0.158653E+01 0.155653E+01 0.144266E+01 0.152121E+01 0.182799E+01
      83 0.128561E+01 0.105492E+01 0.243611E-01 0.111043E+01 0.118860E+01 0.111836E+01 0.881376E+00 0.100936E+01 0.104591E+01 0.111176E+01 0.992819E+00 0.987997E+00 0.123820E+01
      84 0.118405E+01 0.116536E+01 0.135875E-01 0.136978E+01 0.123539E+01 0.116455E+01 0.116416E+01 0.107565E+01 0.116997E+01 0.131330E+01 0.996188E+00 0.110802E+01 0.128084E+01
      85 0.154416E+01 0.177863E+01 0.250673E-01 0.209402E+01 0.184297E+01 0.174734E+01 0.175837E+01 0.168364E+01 0.183934E+01 0.200071E+01 0.136596E+01 0.177632E+01 0.189713E+01
      86 0.205153E+01 0.247696E+01 0.531403E-01 0.284194E+01 0.258827E+01 0.244073E+01 0.230826E+01 0.241198E+01 0.260732E+01 0.272385E+01 0.181518E+01 0.254184E+01 0.267865E+01
      87 0.243304E+01 0.294827E+01 0.773213E-01 0.330498E+01 0.310177E+01 0.291082E+01 0.264647E+01 0.293074E+01 0.312079E+01 0.317724E+01 0.216651E+01 0.304462E+01 0.325171E+01
      88 0.265524E+01 0.316073E+01 0.775073E-01 0.347366E+01 0.331357E+01 0.311412E+01 0.282754E+01 0.318871E+01 0.332642E+01 0.335326E+01 0.242892E+01 0.324468E+01 0.351564E+01
      89 0.283239E+01 0.322808E+01 0.597268E-01 0.348885E+01 0.334766E+01 0.316328E+01 0.295080E+01 0.328881E+01 0.335179E+01 0.337941E+01 0.267887E+01 0.327820E+01 0.357772E+01
      90 0.305383E+01 0.342224E+01 0.409255E-01 0.363751E+01 0.349804E+01 0.333199E+01 0.324494E+01 0.350213E+01 0.348996E+01 0.353032E+01 0.313384E+01 0.343309E+01 0.373720E+01
      91 0.334663E+01 0.357010E+01 0.316042E-01 0.375186E+01 0.360084E+01 0.345064E+01 0.350702E+01 0.365782E+01 0.357970E+01 0.363635E+01 0.357259E+01 0.353814E+01 0.383974E+01
      92 0.371029E+01 0.380721E+01 0.327463E-01 0.394641E+01 0.379590E+01 0.366597E+01 0.384751E+01 0.390073E+01 0.375794E+01 0.383639E+01 0.408328E+01 0.373356E+01 0.402202E+01
      93 0.413276E+01 0.409820E+01 0.417156E-01 0.418629E+01 0.405283E+01 0.394464E+01 0.422220E+01 0.419818E+01 0.399408E+01 0.409612E+01 0.461049E+01 0.399018E+01 0.425558E+01
      94 0.458027E+01 0.429966E+01 0.513504E-01 0.432738E+01 0.424354E+01 0.414750E+01 0.446995E+01 0.440935E+01 0.415423E+01 0.427001E+01 0.497638E+01 0.418048E+01 0.440810E+01
      95 0.498996E+01 0.471702E+01 0.554702E-01 0.468564E+01 0.467777E+01 0.457804E+01 0.489345E+01 0.483801E+01 0.454904E+01 0.466260E+01 0.547200E+01 0.461322E+01 0.479237E+01
      96 0.527952E+01 0.510162E+01 0.466076E-01 0.500651E+01 0.511779E+01 0.499640E+01 0.522648E+01 0.523511E+01 0.493585E+01 0.502492E+01 0.579823E+01 0.505275E+01 0.516248E+01
      97 0.535152E+01 0.515964E+01 0.274738E-01 0.499588E+01 0.526965E+01 0.511725E+01 0.516406E+01 0.530236E+01 0.502560E+01 0.506776E+01 0.560446E+01 0.521072E+01 0.522535E+01
      98 0.508508E+01 0.506460E+01 0.219141E-01 0.484401E+01 0.528799E+01 0.511261E+01 0.488369E+01 0.520329E+01 0.499685E+01 0.497534E+01 0.503598E+01 0.524716E+01 0.516102E+01
      99 0.434882E+01 0.464548E+01 0.728403E-01 0.437858E+01 0.498620E+01 0.480705E+01 0.423099E+01 0.475804E+01 0.467281E+01 0.457596E+01 0.396652E+01 0.498044E+01 0.479776E+01
     100 0.307630E+01 0.345485E+01 0.204262E+00 0.314537E+01 0.388910E+01 0.373748E+01 0.280297E+01 0.350975E+01 0.358631E+01 0.341611E+01 0.208939E+01 0.394031E+01 0.367287E+01
     101 0.137983E+01 0.236144E+01 0.355297E+00 0.202178E+01 0.280819E+01 0.273189E+01 0.154928E+01 0.232452E+01 0.257570E+01 0.236536E+01 0.510575E+00 0.293165E+01 0.263983E+01
     102 -.426162E+00 0.364894E+00 0.398205E+00 0.223004E-01 0.721992E+00 0.747658E+00 -.449294E+00 0.232641E+00 0.602556E+00 0.413085E+00 -.155904E+01 0.903776E+00 0.669284E+00
     103 -.198022E+01 -.127851E+01 0.324848E+00 -.158935E+01 -.109374E+01 -.959954E+00 -.196428E+01 -.148007E+01 -.107027E+01 -.118011E+01 -.294384E+01 -.888233E+00 -.959253E+00
     104 -.306096E+01 -.268313E+01 0.220625E+00 -.294139E+01 -.269187E+01 -.247099E+01 -.319837E+01 -.291301E+01 -.253128E+01 -.252962E+01 -.397180E+01 -.249858E+01 -.233918E+01
     105 -.358242E+01 -.332585E+01 0.150823E+00 -.355161E+01 -.353815E+01 -.323324E+01 -.370483E+01 -.355048E+01 -.324166E+01 -.309308E+01 -.429884E+01 -.337954E+01 -.291989E+01
     106 -.343248E+01 -.341614E+01 0.129318E+00 -.367491E+01 -.383771E+01 -.343615E+01 -.371748E+01 -.360646E+01 -.341474E+01 -.306358E+01 -.420267E+01 -.373257E+01 -.294506E+01
     107 -.244828E+01 -.279276E+01 0.159385E+00 -.318754E+01 -.341364E+01 -.290469E+01 -.306269E+01 -.289735E+01 -.289796E+01 -.228167E+01 -.350611E+01 -.339843E+01 -.229538E+01
     108 -.733282E+00 -.127379E+01 0.200323E+00 -.182789E+01 -.196668E+01 -.141898E+01 -.151064E+01 -.123766E+01 -.146881E+01 -.678219E+00 -.192585E+01 -.206015E+01 -.832845E+00
     109 0.105321E+01 0.587006E+00 0.159631E+00 0.156039E-01 0.669681E-02 0.470118E+00 0.447208E+00 0.761759E+00 0.374024E+00 0.107140E+01 0.128468E+00 -.145086E+00 0.939925E+00
     110 0.205300E+01 0.208354E+01 0.708665E-01 0.169854E+01 0.169122E+01 0.199794E+01 0.213152E+01 0.232456E+01 0.192001E+01 0.228501E+01 0.202422E+01 0.156826E+01 0.243172E+01
     111 0.188088E+01 0.236889E+01 0.673581E-01 0.226706E+01 0.211178E+01 0.226565E+01 0.264655E+01 0.258544E+01 0.227036E+01 0.226667E+01 0.282949E+01 0.205364E+01 0.281945E+01
     112 0.860613E+00 0.151027E+01 0.132776E+00 0.164715E+01 0.133814E+01 0.135698E+01 0.196232E+01 0.163914E+01 0.144966E+01 0.120352E+01 0.242014E+01 0.131729E+01 0.204253E+01
     113 -.227392E+00 0.468235E+00 0.134094E+00 0.709936E+00 0.397118E+00 0.293899E+00 0.946916E+00 0.489700E+00 0.402351E+00 0.934615E-01 0.153862E+01 0.378793E+00 0.900333E+00
     114 -.641805E+00 -.364042E+00 0.711932E-01 -.152350E+00 -.308229E+00 -.500691E+00 -.122086E-01 -.422129E+00 -.464195E+00 -.697168E+00 0.510092E+00 -.329925E+00 -.218364E+00
     115 -.756099E-01 -.272779E+00 0.569848E-01 -.173222E+00 -.121496E+00 -.341160E+00 -.123804E+00 -.350859E+00 -.420113E+00 -.508827E+00 0.164422E+00 -.128658E+00 -.453258E+00
     116 0.132106E+01 0.907797E+00 0.117792E+00 0.887488E+00 0.108905E+01 0.897154E+00 0.872812E+00 0.856693E+00 0.717145E+00 0.763970E+00 0.883651E+00 0.111766E+01 0.508449E+00
     117 0.315323E+01 0.265619E+01 0.176978E+00 0.255012E+01 0.281427E+01 0.267751E+01 0.251290E+01 0.264890E+01 0.243497E+01 0.256298E+01 0.229831E+01 0.288978E+01 0.219317E+01
     118 0.498273E+01 0.465322E+01 0.181032E+00 0.450853E+01 0.478481E+01 0.469370E+01 0.448185E+01 0.468315E+01 0.442753E+01 0.457011E+01 0.412719E+01 0.489469E+01 0.422814E+01
     119 0.646046E+01 0.610305E+01 0.138517E+00 0.596224E+01 0.624492E+01 0.616770E+01 0.595809E+01 0.615563E+01 0.590767E+01 0.601035E+01 0.554046E+01 0.635197E+01 0.574247E+01
     120 0.742031E+01 0.736376E+01 0.895861E-01 0.725338E+01 0.755552E+01 0.746171E+01 0.726023E+01 0.742568E+01 0.722488E+01 0.726287E+01 0.682508E+01 0.761795E+01 0.704768E+01
     121 0.790609E+01 0.789634E+01 0.552680E-01 0.782859E+01 0.814877E+01 0.801343E+01 0.784360E+01 0.793832E+01 0.781634E+01 0.776652E+01 0.744223E+01 0.818051E+01 0.760471E+01
     122 0.808539E+01 0.796554E+01 0.406862E-01 0.794029E+01 0.825701E+01 0.807447E+01 0.796275E+01 0.796311E+01 0.792642E+01 0.778343E+01 0.762689E+01 0.830164E+01 0.768778E+01
     123 0.811606E+01 0.794273E+01 0.387992E-01 0.795386E+01 0.824305E+01 0.802654E+01 0.798179E+01 0.789512E+01 0.792341E+01 0.770301E+01 0.770879E+01 0.832494E+01 0.767790E+01
     124 0.808166E+01 0.788612E+01 0.447982E-01 0.793130E+01 0.817339E+01 0.793329E+01 0.796691E+01 0.779477E+01 0.787097E+01 0.757988E+01 0.775526E+01 0.831406E+01 0.763714E+01
     125 0.801401E+01 0.780564E+01 0.552503E-01 0.787954E+01 0.806710E+01 0.781567E+01 0.791929E+01 0.767964E+01 0.778590E+01 0.743920E+01 0.775865E+01 0.826690E+01 0.757720E+01
     126 0.792584E+01 0.761996E+01 0.679179E-01 0.771747E+01 0.785065E+01 0.759671E+01 0.775311E+01 0.746871E+01 0.759190E+01 0.720557E+01 0.763295E+01 0.810175E+01 0.741305E+01
     127 0.781276E+01 0.754148E+01 0.816292E-01 0.766195E+01 0.774067E+01 0.749019E+01 0.768686E+01 0.737749E+01 0.750443E+01 0.709127E+01 0.758938E+01 0.802938E+01 0.735201E+01
     128 0.764778E+01 0.742884E+01 0.938594E-01 0.757516E+01 0.759895E+01 0.735539E+01 0.759111E+01 0.726937E+01 0.738523E+01 0.695530E+01 0.749237E+01 0.790285E+01 0.724940E+01
     129 0.738037E+01 0.727875E+01 0.106695E+00 0.746223E+01 0.741831E+01 0.718089E+01 0.748006E+01 0.713852E+01 0.723217E+01 0.678357E+01 0.735964E+01 0.772103E+01 0.709958E+01
     130 0.693541E+01 0.698097E+01 0.120878E+00 0.721906E+01 0.708335E+01 0.684947E+01 0.726075E+01 0.687366E+01 0.693957E+01 0.646419E+01 0.710430E+01 0.737129E+01 0.679063E+01
     131 0.621640E+01 0.629869E+01 0.138298E+00 0.661365E+01 0.635311E+01 0.612107E+01 0.671137E+01 0.623967E+01 0.627954E+01 0.577020E+01 0.650975E+01 0.661152E+01 0.608137E+01
     132 0.512697E+01 0.540665E+01 0.165043E+00 0.581932E+01 0.539981E+01 0.517347E+01 0.600983E+01 0.541061E+01 0.543637E+01 0.489814E+01 0.576630E+01 0.561301E+01 0.514502E+01
     133 0.362086E+01 0.409642E+01 0.203434E+00 0.460639E+01 0.402408E+01 0.381687E+01 0.490658E+01 0.417328E+01 0.419898E+01 0.366989E+01 0.463752E+01 0.416818E+01 0.378188E+01
     134 0.176774E+01 0.224418E+01 0.238108E+00 0.281823E+01 0.211555E+01 0.195083E+01 0.320928E+01 0.239220E+01 0.242495E+01 0.197207E+01 0.294854E+01 0.216509E+01 0.189005E+01
     135 -.207625E+00 0.193041E+00 0.234621E+00 0.757783E+00 0.295955E-01 -.688779E-01 0.118033E+01 0.387274E+00 0.425641E+00 0.116698E+00 0.984368E+00 -.185127E-01 -.158241E+00
     136 -.195897E+01 -.160536E+01 0.182592E+00 -.114411E+01 -.178261E+01 -.181389E+01 -.767659E+00 -.142207E+01 -.137249E+01 -.151266E+01 -.821841E+00 -.187805E+01 -.190023E+01
     137 -.312268E+01 -.304800E+01 0.117850E+00 -.276781E+01 -.324080E+01 -.324103E+01 -.249290E+01 -.296224E+01 -.286538E+01 -.287251E+01 -.231430E+01 -.327521E+01 -.325220E+01
     138 -.341399E+01 -.359353E+01 0.858045E-01 -.353374E+01 -.383159E+01 -.386151E+01 -.337597E+01 -.369702E+01 -.349235E+01 -.343995E+01 -.288948E+01 -.368409E+01 -.369483E+01
     139 -.270070E+01 -.294190E+01 0.107512E+00 -.310149E+01 -.324693E+01 -.335564E+01 -.305876E+01 -.327445E+01 -.293432E+01 -.288676E+01 -.227506E+01 -.287951E+01 -.292537E+01
     140 -.117948E+01 -.147267E+01 0.135079E+00 -.177062E+01 -.179824E+01 -.197542E+01 -.183525E+01 -.193277E+01 -.154644E+01 -.152058E+01 -.949946E+00 -.135448E+01 -.133773E+01
     141 0.520786E+00 0.506533E+00 0.988218E-01 0.222665E+00 0.252390E+00 0.771337E-01 0.784041E-01 0.118811E+00 0.388287E+00 0.422440E+00 0.777349E+00 0.549316E+00 0.704273E+00
     142 0.165409E+01 0.198945E+01 0.334639E-01 0.186703E+01 0.187362E+01 0.179049E+01 0.168689E+01 0.184429E+01 0.187078E+01 0.197207E+01 0.199682E+01 0.188448E+01 0.214895E+01
     143 0.181815E+01 0.223030E+01 0.235914E-01 0.231922E+01 0.225138E+01 0.230762E+01 0.213805E+01 0.235589E+01 0.214075E+01 0.234988E+01 0.206094E+01 0.201526E+01 0.226675E+01
     144 0.115706E+01 0.152046E+01 0.552693E-01 0.174684E+01 0.163265E+01 0.179964E+01 0.159243E+01 0.181135E+01 0.146516E+01 0.174992E+01 0.128770E+01 0.130195E+01 0.142290E+01
     145 0.255279E+00 0.373425E+00 0.539697E-01 0.579063E+00 0.513888E+00 0.711857E+00 0.489526E+00 0.663210E+00 0.347039E+00 0.602674E+00 0.191910E+00 0.253394E+00 0.205858E+00
     146 -.311526E+00 -.481750E+00 0.218831E-01 -.406869E+00 -.389973E+00 -.222303E+00 -.401112E+00 -.320912E+00 -.461600E+00 -.341790E+00 -.514001E+00 -.449684E+00 -.661223E+00
     147 -.426127E+00 -.730655E+00 0.178980E-01 -.761437E+00 -.754878E+00 -.621583E+00 -.672657E+00 -.731385E+00 -.629963E+00 -.668107E+00 -.571630E+00 -.543869E+00 -.930470E+00
     148 -.316431E+00 -.709778E+00 0.525383E-01 -.761014E+00 -.874093E+00 -.759999E+00 -.634914E+00 -.846639E+00 -.517917E+00 -.664278E+00 -.383431E+00 -.396884E+00 -.958574E+00
     149 -.139157E+00 -.621262E+00 0.815796E-01 -.666382E+00 -.859500E+00 -.771982E+00 -.539312E+00 -.842302E+00 -.386758E+00 -.577717E+00 -.218635E+00 -.250866E+00 -.884741E+00
     150 0.129644E+00 -.328978E+00 0.827526E-01 -.390137E+00 -.566432E+00 -.512515E+00 -.268145E+00 -.589516E+00 -.104009E+00 -.302882E+00 0.834214E-01 0.361724E-01 -.554336E+00
     151 0.518764E+00 -.970840E-02 0.762271E-01 -.921570E-01 -.229673E+00 -.195195E+00 0.283545E-01 -.283336E+00 0.194969E+00 0.167381E-02 0.401879E+00 0.330855E+00 -.192706E+00
     152 0.981578E+00 0.382234E+00 0.757926E-01 0.294997E+00 0.158113E+00 0.193251E+00 0.411202E+00 0.108199E+00 0.583029E+00 0.395797E+00 0.803111E+00 0.710740E+00 0.207024E+00
     153 0.146744E+01 0.918363E+00 0.849943E-01 0.841829E+00 0.664892E+00 0.710404E+00 0.945415E+00 0.649317E+00 0.113552E+01 0.942600E+00 0.135170E+01 0.125561E+01 0.712721E+00
     154 0.196840E+01 0.140102E+01 0.102154E+00 0.133259E+01 0.111529E+01 0.116447E+01 0.142111E+01 0.114227E+01 0.164571E+01 0.141825E+01 0.183365E+01 0.175701E+01 0.115190E+01
     155 0.248965E+01 0.193926E+01 0.121224E+00 0.187135E+01 0.164170E+01 0.167717E+01 0.194700E+01 0.170793E+01 0.221344E+01 0.191264E+01 0.233059E+01 0.231131E+01 0.165108E+01
     156 0.300041E+01 0.256934E+01 0.135558E+00 0.249744E+01 0.229851E+01 0.229517E+01 0.256738E+01 0.239140E+01 0.286431E+01 0.244984E+01 0.286729E+01 0.294659E+01 0.226201E+01
     157 0.341055E+01 0.314818E+01 0.139284E+00 0.308403E+01 0.294863E+01 0.288232E+01 0.315097E+01 0.305861E+01 0.344043E+01 0.289314E+01 0.329500E+01 0.351361E+01 0.284726E+01
     158 0.358765E+01 0.325566E+01 0.134608E+00 0.322493E+01 0.316181E+01 0.301896E+01 0.328469E+01 0.328622E+01 0.351008E+01 0.284308E+01 0.321039E+01 0.358815E+01 0.298775E+01
     159 0.340529E+01 0.305912E+01 0.126630E+00 0.308750E+01 0.306934E+01 0.286575E+01 0.313899E+01 0.320678E+01 0.324896E+01 0.251989E+01 0.284626E+01 0.334167E+01 0.284722E+01
     160 0.279486E+01 0.270942E+01 0.115367E+00 0.281318E+01 0.278561E+01 0.256008E+01 0.285636E+01 0.294179E+01 0.282092E+01 0.212304E+01 0.239429E+01 0.293412E+01 0.255262E+01
     161 0.178059E+01 0.198050E+01 0.938987E-01 0.215318E+01 0.206662E+01 0.187253E+01 0.219174E+01 0.224604E+01 0.200863E+01 0.145943E+01 0.164777E+01 0.214653E+01 0.185624E+01
     162 0.497112E+00 0.724988E+00 0.645848E-01 0.934939E+00 0.779865E+00 0.665110E+00 0.973627E+00 0.978383E+00 0.667906E+00 0.366869E+00 0.439336E+00 0.833857E+00 0.601537E+00
     163 -.827041E+00 -.493165E+00 0.372497E-01 -.290154E+00 -.477037E+00 -.481805E+00 -.248084E+00 -.280778E+00 -.629635E+00 -.630855E+00 -.695989E+00 -.444525E+00 -.628752E+00
     164 -.194579E+01 -.158485E+01 0.234260E-01 -.142573E+01 -.158876E+01 -.148364E+01 -.138569E+01 -.142551E+01 -.177608E+01 -.150474E+01 -.170001E+01 -.159878E+01 -.172268E+01
     165 -.270327E+01 -.233055E+01 0.245698E-01 -.222813E+01 -.232621E+01 -.213580E+01 -.219737E+01 -.222146E+01 -.253771E+01 -.208423E+01 -.237028E+01 -.240239E+01 -.244650E+01
     166 -.309382E+01 -.271287E+01 0.318871E-01 -.265674E+01 -.268080E+01 -.244637E+01 -.264266E+01 -.264089E+01 -.289886E+01 -.237984E+01 -.269959E+01 -.282832E+01 -.279167E+01
     167 -.322705E+01 -.292349E+01 0.367004E-01 -.289286E+01 -.285881E+01 -.262147E+01 -.290004E+01 -.287107E+01 -.306921E+01 -.257765E+01 -.288131E+01 -.306545E+01 -.296679E+01
     168 -.323123E+01 -.293116E+01 0.362794E-01 -.291232E+01 -.284458E+01 -.263245E+01 -.294291E+01 -.288810E+01 -.303671E+01 -.261697E+01 -.288166E+01 -.308614E+01 -.295319E+01
     169 -.316247E+01 -.285452E+01 0.317550E-01 -.285143E+01 -.277341E+01 -.259631E+01 -.290489E+01 -.282852E+01 -.293404E+01 -.257795E+01 -.281530E+01 -.301420E+01 -.287371E+01
     170 -.296434E+01 -.271160E+01 0.300345E-01 -.274459E+01 -.267583E+01 -.252708E+01 -.281635E+01 -.272856E+01 -.278737E+01 -.244360E+01 -.269446E+01 -.287079E+01 -.274224E+01
     171 -.250190E+01 -.222352E+01 0.432241E-01 -.231315E+01 -.226859E+01 -.213323E+01 -.239354E+01 -.231283E+01 -.231515E+01 -.192155E+01 -.222964E+01 -.237499E+01 -.226646E+01
     172 -.168982E+01 -.152986E+01 0.642691E-01 -.167216E+01 -.166314E+01 -.153134E+01 -.174717E+01 -.171036E+01 -.163277E+01 -.118015E+01 -.154126E+01 -.165316E+01 -.155966E+01
     173 -.656019E+00 -.658262E+00 0.558477E-01 -.803642E+00 -.833032E+00 -.710382E+00 -.861948E+00 -.915154E+00 -.725910E+00 -.326014E+00 -.642986E+00 -.719161E+00 -.633990E+00
     174 0.251375E+00 0.112799E+00 0.259324E-01 0.225640E-01 -.391340E-01 0.575995E-01 -.130785E-01 -.187634E+00 0.143652E+00 0.313449E+00 0.177282E+00 0.148021E+00 0.217077E+00
     175 0.704060E+00 0.444512E+00 0.213738E-01 0.423623E+00 0.347542E+00 0.399170E+00 0.410701E+00 0.148913E+00 0.593659E+00 0.443583E+00 0.547258E+00 0.575628E+00 0.608237E+00
     176 0.661079E+00 0.440495E+00 0.260890E-01 0.448103E+00 0.394097E+00 0.379226E+00 0.451617E+00 0.229951E+00 0.641349E+00 0.274283E+00 0.532048E+00 0.607762E+00 0.593519E+00
     177 0.406302E+00 0.196477E+00 0.145937E-01 0.185919E+00 0.191536E+00 0.967607E-01 0.196795E+00 0.148373E+00 0.340201E+00 -.267587E-01 0.225645E+00 0.312938E+00 0.267777E+00
     178 0.323618E+00 0.291089E+00 0.114906E-01 0.249344E+00 0.330739E+00 0.154459E+00 0.244617E+00 0.426536E+00 0.293060E+00 0.138015E+00 0.238805E+00 0.271582E+00 0.248835E+00
     179 0.603785E+00 0.763155E+00 0.321736E-01 0.717988E+00 0.861297E+00 0.600204E+00 0.674369E+00 0.102202E+01 0.637606E+00 0.736286E+00 0.652616E+00 0.574384E+00 0.624568E+00
     180 0.115050E+01 0.136911E+01 0.566392E-01 0.134938E+01 0.153380E+01 0.118139E+01 0.125609E+01 0.165958E+01 0.118985E+01 0.146471E+01 0.123462E+01 0.102012E+01 0.116521E+01
     181 0.173917E+01 0.197707E+01 0.736040E-01 0.198781E+01 0.219268E+01 0.176911E+01 0.185700E+01 0.223528E+01 0.180916E+01 0.216012E+01 0.183909E+01 0.151317E+01 0.173149E+01
     182 0.222850E+01 0.231596E+01 0.804542E-01 0.234216E+01 0.254730E+01 0.210400E+01 0.219904E+01 0.253234E+01 0.217894E+01 0.254573E+01 0.217936E+01 0.179978E+01 0.204539E+01
     183 0.262399E+01 0.270083E+01 0.771799E-01 0.271873E+01 0.291858E+01 0.250083E+01 0.258857E+01 0.290656E+01 0.258074E+01 0.294170E+01 0.256461E+01 0.218521E+01 0.241827E+01
     184 0.299921E+01 0.306559E+01 0.695648E-01 0.304956E+01 0.326228E+01 0.288099E+01 0.295118E+01 0.330379E+01 0.293898E+01 0.329063E+01 0.292849E+01 0.257839E+01 0.277998E+01
     185 0.341302E+01 0.352528E+01 0.645128E-01 0.345247E+01 0.370625E+01 0.334831E+01 0.339769E+01 0.383136E+01 0.337163E+01 0.371375E+01 0.338677E+01 0.307791E+01 0.324221E+01
     186 0.388334E+01 0.392126E+01 0.648997E-01 0.378510E+01 0.409166E+01 0.374619E+01 0.377436E+01 0.430552E+01 0.373121E+01 0.406212E+01 0.378256E+01 0.351831E+01 0.364634E+01
     187 0.439287E+01 0.434988E+01 0.676216E-01 0.416123E+01 0.451015E+01 0.418011E+01 0.418709E+01 0.479715E+01 0.412734E+01 0.444324E+01 0.421603E+01 0.399431E+01 0.409217E+01
     188 0.489670E+01 0.491587E+01 0.653822E-01 0.470260E+01 0.506841E+01 0.476647E+01 0.475362E+01 0.538836E+01 0.468052E+01 0.497710E+01 0.479739E+01 0.460465E+01 0.468722E+01
     189 0.532065E+01 0.527577E+01 0.531390E-01 0.507310E+01 0.543214E+01 0.516798E+01 0.513975E+01 0.572297E+01 0.505902E+01 0.533171E+01 0.518714E+01 0.499887E+01 0.508584E+01
     190 0.555999E+01 0.553204E+01 0.342201E-01 0.537553E+01 0.570894E+01 0.548386E+01 0.544936E+01 0.589663E+01 0.537165E+01 0.561264E+01 0.548723E+01 0.527671E+01 0.538482E+01
     191 0.548597E+01 0.542511E+01 0.219802E-01 0.535996E+01 0.564177E+01 0.544725E+01 0.542424E+01 0.563253E+01 0.536995E+01 0.556292E+01 0.543979E+01 0.517435E+01 0.532596E+01
     192 0.496416E+01 0.488279E+01 0.430381E-01 0.494211E+01 0.515115E+01 0.496527E+01 0.497779E+01 0.487117E+01 0.497235E+01 0.509053E+01 0.496689E+01 0.462638E+01 0.484024E+01
     193 0.390650E+01 0.382496E+01 0.104167E+00 0.401727E+01 0.414090E+01 0.393592E+01 0.400679E+01 0.357549E+01 0.406865E+01 0.408501E+01 0.397366E+01 0.356399E+01 0.384460E+01
     194 0.235673E+01 0.234427E+01 0.165960E+00 0.265450E+01 0.267757E+01 0.243734E+01 0.257776E+01 0.190080E+01 0.271011E+01 0.261240E+01 0.253678E+01 0.208902E+01 0.242553E+01
     195 0.546874E+00 0.326777E+00 0.172241E+00 0.723096E+00 0.614752E+00 0.357501E+00 0.555745E+00 -.202964E+00 0.747109E+00 0.546212E+00 0.537448E+00 0.944796E-01 0.469964E+00
     196 -.115134E+01 -.125308E+01 0.127907E+00 -.793384E+00 -.109241E+01 -.130898E+01 -.108287E+01 -.174478E+01 -.847281E+00 -.112682E+01 -.103316E+01 -.144580E+01 -.103072E+01
     197 -.237632E+01 -.220425E+01 0.982360E-01 -.168510E+01 -.223249E+01 -.234312E+01 -.212024E+01 -.257732E+01 -.185692E+01 -.218273E+01 -.196498E+01 -.234983E+01 -.187857E+01
     198 -.291726E+01 -.246186E+01 0.124772E+00 -.186968E+01 -.269670E+01 -.266501E+01 -.246052E+01 -.270047E+01 -.219541E+01 -.252263E+01 -.218867E+01 -.256683E+01 -.202237E+01
     199 -.274100E+01 -.221823E+01 0.185998E+00 -.154666E+01 -.262751E+01 -.245232E+01 -.226930E+01 -.235654E+01 -.205535E+01 -.231281E+01 -.191866E+01 -.228991E+01 -.170140E+01
     200 -.194993E+01 -.116043E+01 0.219827E+00 -.443942E+00 -.166451E+01 -.137308E+01 -.121662E+01 -.125855E+01 -.113337E+01 -.123006E+01 -.882872E+00 -.119333E+01 -.666019E+00
