       1 0.799701E+01 0.798034E+01 0.962687E-02 0.801966E+01 0.816354E+01 0.794976E+01 0.781800E+01 0.804154E+01 0.802261E+01 0.793539E+01 0.809520E+01 0.782280E+01 0.783624E+01
       2 0.799495E+01 0.797447E+01 0.151630E-01 0.801296E+01 0.820954E+01 0.792845E+01 0.782610E+01 0.797131E+01 0.796290E+01 0.800495E+01 0.821251E+01 0.787596E+01 0.778180E+01
       3 0.799516E+01 0.801199E+01 0.304072E-01 0.801985E+01 0.823847E+01 0.796639E+01 0.787847E+01 0.791963E+01 0.791592E+01 0.813221E+01 0.831967E+01 0.809055E+01 0.783457E+01
       4 0.799912E+01 0.803269E+01 0.560714E-01 0.797579E+01 0.815092E+01 0.802676E+01 0.795083E+01 0.783960E+01 0.784874E+01 0.822019E+01 0.826995E+01 0.837698E+01 0.797430E+01
       5 0.800733E+01 0.798148E+01 0.876137E-01 0.782109E+01 0.788599E+01 0.809870E+01 0.802921E+01 0.771507E+01 0.775422E+01 0.817342E+01 0.795289E+01 0.857068E+01 0.813451E+01
       6 0.801813E+01 0.767347E+01 0.119718E+00 0.737810E+01 0.732603E+01 0.803230E+01 0.794439E+01 0.742983E+01 0.749360E+01 0.778353E+01 0.727372E+01 0.827713E+01 0.802725E+01
       7 0.802684E+01 0.781718E+01 0.151275E+00 0.740962E+01 0.731616E+01 0.846880E+01 0.833159E+01 0.775451E+01 0.778198E+01 0.778504E+01 0.722295E+01 0.801696E+01 0.819249E+01
       8 0.802624E+01 0.766594E+01 0.218592E+00 0.727173E+01 0.718407E+01 0.846870E+01 0.830082E+01 0.791367E+01 0.782585E+01 0.748556E+01 0.721157E+01 0.716735E+01 0.783188E+01
       9 0.800908E+01 0.764915E+01 0.327679E+00 0.746212E+01 0.736876E+01 0.831169E+01 0.811161E+01 0.822352E+01 0.798345E+01 0.733767E+01 0.761860E+01 0.653057E+01 0.751117E+01
      10 0.797287E+01 0.762862E+01 0.410500E+00 0.777412E+01 0.766642E+01 0.789323E+01 0.760070E+01 0.840659E+01 0.805372E+01 0.723915E+01 0.815831E+01 0.633127E+01 0.733889E+01
      11 0.792557E+01 0.749660E+01 0.497367E+00 0.810268E+01 0.789424E+01 0.705307E+01 0.661877E+01 0.823957E+01 0.793265E+01 0.711833E+01 0.868196E+01 0.668152E+01 0.739212E+01
      12 0.788876E+01 0.836710E+01 0.554572E+00 0.917519E+01 0.889930E+01 0.751788E+01 0.707743E+01 0.885779E+01 0.877062E+01 0.807450E+01 0.973328E+01 0.814202E+01 0.863918E+01
      13 0.789430E+01 0.785333E+01 0.651842E+00 0.867730E+01 0.821964E+01 0.657420E+01 0.643445E+01 0.783496E+01 0.825100E+01 0.767558E+01 0.885547E+01 0.869463E+01 0.874308E+01
      14 0.797193E+01 0.876485E+01 0.696357E+00 0.927035E+01 0.879289E+01 0.741705E+01 0.771360E+01 0.828925E+01 0.918108E+01 0.866699E+01 0.897444E+01 0.104036E+02 0.996723E+01
      15 0.812939E+01 0.874464E+01 0.715700E+00 0.882897E+01 0.846782E+01 0.754805E+01 0.828355E+01 0.797627E+01 0.915404E+01 0.867459E+01 0.802022E+01 0.107700E+02 0.986308E+01
      16 0.832927E+01 0.835972E+01 0.735857E+00 0.808131E+01 0.798806E+01 0.759566E+01 0.877378E+01 0.750331E+01 0.857112E+01 0.831574E+01 0.674578E+01 0.100090E+02 0.891071E+01
      17 0.847083E+01 0.753970E+01 0.795820E+00 0.716107E+01 0.743083E+01 0.740603E+01 0.869056E+01 0.690652E+01 0.734539E+01 0.764158E+01 0.572632E+01 0.798734E+01 0.727492E+01
      18 0.839559E+01 0.699290E+01 0.839313E+00 0.673421E+01 0.738006E+01 0.748069E+01 0.842978E+01 0.683485E+01 0.631760E+01 0.744696E+01 0.566587E+01 0.608269E+01 0.610636E+01
      19 0.795380E+01 0.736215E+01 0.881594E+00 0.727589E+01 0.829293E+01 0.831532E+01 0.858400E+01 0.781536E+01 0.634965E+01 0.833309E+01 0.681360E+01 0.553738E+01 0.624896E+01
      20 0.714864E+01 0.648450E+01 0.935066E+00 0.650860E+01 0.770472E+01 0.748630E+01 0.703358E+01 0.756382E+01 0.547424E+01 0.795279E+01 0.675014E+01 0.448773E+01 0.558354E+01
      21 0.626074E+01 0.581511E+01 0.897333E+00 0.580642E+01 0.685476E+01 0.643598E+01 0.572401E+01 0.728011E+01 0.510850E+01 0.746119E+01 0.657918E+01 0.418080E+01 0.532063E+01
      22 0.575126E+01 0.547768E+01 0.804757E+00 0.531609E+01 0.597605E+01 0.553206E+01 0.504299E+01 0.717540E+01 0.515859E+01 0.703496E+01 0.644583E+01 0.430041E+01 0.533106E+01
      23 0.595203E+01 0.558308E+01 0.718647E+00 0.525793E+01 0.543210E+01 0.511769E+01 0.511889E+01 0.738505E+01 0.562977E+01 0.680271E+01 0.647368E+01 0.477682E+01 0.565057E+01
      24 0.693544E+01 0.689750E+01 0.657142E+00 0.648730E+01 0.646764E+01 0.623300E+01 0.655401E+01 0.872480E+01 0.716326E+01 0.781506E+01 0.759083E+01 0.623072E+01 0.701460E+01
      25 0.865735E+01 0.777038E+01 0.613723E+00 0.729056E+01 0.712925E+01 0.694900E+01 0.761565E+01 0.957894E+01 0.825223E+01 0.834490E+01 0.821994E+01 0.712390E+01 0.781504E+01
      26 0.107426E+02 0.992632E+01 0.480449E+00 0.946999E+01 0.921035E+01 0.911981E+01 0.100191E+02 0.115299E+02 0.104759E+02 0.101398E+02 0.101714E+02 0.924903E+01 0.977413E+01
      27 0.118041E+02 0.113636E+02 0.252465E+00 0.111107E+02 0.107817E+02 0.108696E+02 0.117840E+02 0.123385E+02 0.117320E+02 0.109104E+02 0.113298E+02 0.107124E+02 0.109113E+02
      28 0.956803E+01 0.927270E+01 0.318970E+00 0.942403E+01 0.915293E+01 0.949005E+01 0.100302E+02 0.916367E+01 0.906035E+01 0.800963E+01 0.892690E+01 0.879698E+01 0.856962E+01
      29 0.338650E+01 0.432380E+01 0.855653E+00 0.489617E+01 0.487259E+01 0.536874E+01 0.519556E+01 0.307858E+01 0.337513E+01 0.281735E+01 0.389121E+01 0.425261E+01 0.366266E+01
      30 -.342325E+01 -.286853E+01 0.846304E+00 -.213262E+01 -.192269E+01 -.157562E+01 -.236570E+01 -.460392E+01 -.403114E+01 -.348856E+01 -.288794E+01 -.245333E+01 -.315063E+01
      31 -.656630E+01 -.679484E+01 0.527796E+00 -.607966E+01 -.575354E+01 -.588632E+01 -.690497E+01 -.840134E+01 -.749340E+01 -.622145E+01 -.621603E+01 -.609263E+01 -.656017E+01
      32 -.584249E+01 -.650911E+01 0.448967E+00 -.588684E+01 -.540709E+01 -.612016E+01 -.707576E+01 -.782401E+01 -.648244E+01 -.552438E+01 -.579947E+01 -.583966E+01 -.579715E+01
      33 -.448600E+01 -.466862E+01 0.357739E+00 -.414124E+01 -.360304E+01 -.455034E+01 -.537375E+01 -.585618E+01 -.426090E+01 -.407655E+01 -.431125E+01 -.415396E+01 -.375210E+01
      34 -.393540E+01 -.388971E+01 0.285126E+00 -.339091E+01 -.294431E+01 -.381422E+01 -.454834E+01 -.504013E+01 -.351479E+01 -.347073E+01 -.364340E+01 -.346328E+01 -.302210E+01
      35 -.305391E+01 -.376015E+01 0.253699E+00 -.337423E+01 -.290192E+01 -.364760E+01 -.440905E+01 -.479113E+01 -.349093E+01 -.306969E+01 -.336991E+01 -.327727E+01 -.307471E+01
      36 -.190776E+01 -.253680E+01 0.217646E+00 -.239350E+01 -.185610E+01 -.246199E+01 -.328272E+01 -.344621E+01 -.229849E+01 -.171943E+01 -.221664E+01 -.186076E+01 -.209234E+01
      37 -.150890E+01 -.171087E+01 0.164527E+00 -.173061E+01 -.133924E+01 -.171509E+01 -.247504E+01 -.252496E+01 -.155000E+01 -.112688E+01 -.164140E+01 -.894321E+00 -.145632E+01
      38 -.161864E+01 -.174679E+01 0.974528E-01 -.174382E+01 -.163006E+01 -.173960E+01 -.232599E+01 -.241057E+01 -.177043E+01 -.146144E+01 -.177022E+01 -.100524E+01 -.159540E+01
      39 -.130037E+01 -.141153E+01 0.465675E-01 -.129337E+01 -.125408E+01 -.130018E+01 -.177714E+01 -.189371E+01 -.155240E+01 -.117656E+01 -.126402E+01 -.980187E+00 -.116538E+01
      40 -.582398E+00 -.730360E+00 0.580065E-01 -.645936E+00 -.449941E+00 -.619705E+00 -.114474E+01 -.113120E+01 -.810555E+00 -.429161E+00 -.505317E+00 -.488208E+00 -.260007E+00
      41 -.314345E+00 -.441936E+00 0.858541E-01 -.429450E+00 -.150976E+00 -.431527E+00 -.101377E+01 -.924192E+00 -.435948E+00 -.205013E+00 -.374213E+00 -.125833E+00 0.207103E+00
      42 -.575620E+00 -.446549E+00 0.919748E-01 -.300497E+00 -.172954E+00 -.445175E+00 -.947376E+00 -.109395E+01 -.486977E+00 -.327824E+00 -.534456E+00 0.152511E-01 0.120560E+00
      43 -.322682E+00 -.178984E+00 0.108647E+00 0.276146E+00 0.165832E+00 -.205990E-01 -.356669E+00 -.943542E+00 -.342398E+00 -.166842E-01 -.209557E+00 0.305805E+00 0.521744E-02
      44 0.110926E+01 0.121369E+01 0.201451E+00 0.185966E+01 0.167544E+01 0.158221E+01 0.135859E+01 0.444230E+00 0.989981E+00 0.153493E+01 0.136851E+01 0.162738E+01 0.923605E+00
      45 0.326012E+01 0.358730E+01 0.271542E+00 0.410487E+01 0.411726E+01 0.411744E+01 0.389784E+01 0.290956E+01 0.338350E+01 0.393697E+01 0.383944E+01 0.397190E+01 0.294291E+01
      46 0.519775E+01 0.530037E+01 0.274360E+00 0.545457E+01 0.583101E+01 0.594688E+01 0.566380E+01 0.477253E+01 0.512158E+01 0.542055E+01 0.548344E+01 0.573648E+01 0.445812E+01
      47 0.626655E+01 0.619054E+01 0.285996E+00 0.598450E+01 0.668262E+01 0.693373E+01 0.659143E+01 0.582892E+01 0.598303E+01 0.588463E+01 0.619257E+01 0.671086E+01 0.523665E+01
      48 0.641420E+01 0.617289E+01 0.305766E+00 0.582863E+01 0.656416E+01 0.694405E+01 0.661100E+01 0.594480E+01 0.589426E+01 0.552925E+01 0.599217E+01 0.674531E+01 0.515242E+01
      49 0.613423E+01 0.601748E+01 0.288262E+00 0.576458E+01 0.623575E+01 0.672793E+01 0.647079E+01 0.587737E+01 0.566784E+01 0.529455E+01 0.569947E+01 0.661207E+01 0.495327E+01
      50 0.601277E+01 0.577943E+01 0.251227E+00 0.570281E+01 0.579361E+01 0.638485E+01 0.621397E+01 0.571030E+01 0.537604E+01 0.517132E+01 0.537636E+01 0.637591E+01 0.468903E+01
      51 0.631826E+01 0.636069E+01 0.217100E+00 0.643801E+01 0.620115E+01 0.686103E+01 0.675171E+01 0.637052E+01 0.591632E+01 0.592332E+01 0.593663E+01 0.691598E+01 0.527191E+01
      52 0.699743E+01 0.694676E+01 0.166130E+00 0.710518E+01 0.670751E+01 0.734056E+01 0.728105E+01 0.704238E+01 0.648394E+01 0.662155E+01 0.661850E+01 0.736422E+01 0.594441E+01
      53 0.775204E+01 0.784217E+01 0.884583E-01 0.803321E+01 0.766504E+01 0.808025E+01 0.810568E+01 0.796533E+01 0.742766E+01 0.750118E+01 0.777143E+01 0.803132E+01 0.708993E+01
      54 0.806226E+01 0.819026E+01 0.504876E-01 0.839214E+01 0.825013E+01 0.817862E+01 0.837656E+01 0.817847E+01 0.792381E+01 0.761243E+01 0.859546E+01 0.813661E+01 0.790956E+01
      55 0.744414E+01 0.749289E+01 0.186110E+00 0.775877E+01 0.784905E+01 0.714392E+01 0.759808E+01 0.715311E+01 0.741845E+01 0.649964E+01 0.853427E+01 0.734851E+01 0.777537E+01
      56 0.586660E+01 0.577911E+01 0.451659E+00 0.618218E+01 0.628453E+01 0.511033E+01 0.579071E+01 0.507456E+01 0.582551E+01 0.441530E+01 0.740204E+01 0.577058E+01 0.644956E+01
      57 0.373289E+01 0.424295E+01 0.631160E+00 0.477193E+01 0.466914E+01 0.338950E+01 0.414059E+01 0.332989E+01 0.428900E+01 0.274741E+01 0.621692E+01 0.449285E+01 0.500480E+01
      58 0.146914E+01 0.119092E+01 0.603632E+00 0.173517E+01 0.138579E+01 0.344171E+00 0.974739E+00 0.307284E+00 0.114307E+01 -.158388E+00 0.322349E+01 0.167118E+01 0.180565E+01
      59 -.647938E+00 -.813309E+00 0.419721E+00 -.397386E+00 -.879890E+00 -.148310E+01 -.113223E+01 -.147769E+01 -.973124E+00 -.178556E+01 0.997103E+00 -.184381E+00 -.460634E+00
      60 -.237246E+01 -.203521E+01 0.198372E+00 -.186435E+01 -.227142E+01 -.241033E+01 -.240602E+01 -.237459E+01 -.224483E+01 -.250415E+01 -.738917E+00 -.137989E+01 -.195627E+01
      61 -.343750E+01 -.310726E+01 0.742469E-01 -.320387E+01 -.338308E+01 -.317761E+01 -.346727E+01 -.311955E+01 -.328566E+01 -.311321E+01 -.250187E+01 -.253082E+01 -.323903E+01
      62 -.370390E+01 -.327941E+01 0.690988E-01 -.359905E+01 -.347267E+01 -.311044E+01 -.358258E+01 -.301980E+01 -.335828E+01 -.296572E+01 -.343508E+01 -.287603E+01 -.349769E+01
      63 -.329668E+01 -.301165E+01 0.122575E+00 -.345165E+01 -.306604E+01 -.271557E+01 -.322690E+01 -.259266E+01 -.300031E+01 -.260641E+01 -.376409E+01 -.279851E+01 -.321244E+01
      64 -.252662E+01 -.231641E+01 0.153999E+00 -.277385E+01 -.223768E+01 -.199267E+01 -.243681E+01 -.185747E+01 -.226437E+01 -.201820E+01 -.339482E+01 -.224425E+01 -.245369E+01
      65 -.170328E+01 -.166967E+01 0.146194E+00 -.207703E+01 -.149433E+01 -.137849E+01 -.170479E+01 -.125306E+01 -.161675E+01 -.157775E+01 -.284295E+01 -.167745E+01 -.174149E+01
      66 -.101983E+01 -.875787E+00 0.116451E+00 -.119767E+01 -.648563E+00 -.643527E+00 -.836988E+00 -.542292E+00 -.839884E+00 -.986974E+00 -.198550E+01 -.923759E+00 -.900395E+00
      67 -.533966E+00 -.516218E+00 0.826422E-01 -.737936E+00 -.268681E+00 -.349559E+00 -.407766E+00 -.277879E+00 -.503044E+00 -.772799E+00 -.147258E+01 -.587985E+00 -.510964E+00
      68 -.193859E+00 -.264393E+00 0.561674E-01 -.395223E+00 -.142802E-01 -.157401E+00 -.950078E-01 -.106257E+00 -.280542E+00 -.586702E+00 -.103632E+01 -.349516E+00 -.241685E+00
      69 0.110608E+00 -.409885E-02 0.405944E-01 -.726746E-01 0.243921E+00 0.561588E-01 0.209363E+00 0.105723E+00 -.566712E-01 -.330954E+00 -.616453E+00 -.918517E-01 0.318728E-01
      70 0.461930E+00 0.358805E+00 0.329335E-01 0.317401E+00 0.600438E+00 0.393093E+00 0.589467E+00 0.451728E+00 0.278922E+00 0.626255E-01 -.161892E+00 0.275133E+00 0.403185E+00
      71 0.812785E+00 0.788020E+00 0.293890E-01 0.750818E+00 0.100665E+01 0.824843E+00 0.100205E+01 0.873944E+00 0.720932E+00 0.518715E+00 0.273734E+00 0.711518E+00 0.821287E+00
      72 0.958100E+00 0.100449E+01 0.274406E-01 0.973420E+00 0.116508E+01 0.106400E+01 0.117084E+01 0.106440E+01 0.996496E+00 0.734719E+00 0.470549E+00 0.943368E+00 0.989825E+00
      73 0.679732E+00 0.770508E+00 0.262987E-01 0.754299E+00 0.836990E+00 0.840778E+00 0.876505E+00 0.771496E+00 0.826785E+00 0.480922E+00 0.294898E+00 0.762538E+00 0.664558E+00
      74 0.255171E-02 0.204853E+00 0.191316E-01 0.175565E+00 0.180972E+00 0.232481E+00 0.265442E+00 0.151855E+00 0.247234E+00 -.507398E-01 -.555649E-01 0.311725E+00 0.865473E-02
      75 -.678387E+00 -.454621E+00 0.363700E-01 -.577849E+00 -.498405E+00 -.530312E+00 -.393346E+00 -.491552E+00 -.549687E+00 -.584326E+00 -.408193E+00 -.168928E+00 -.679478E+00
      76 -.787417E+00 -.616968E+00 0.169042E+00 -.927167E+00 -.568102E+00 -.815338E+00 -.497643E+00 -.529931E+00 -.930661E+00 -.566515E+00 -.330183E+00 -.131256E+00 -.771599E+00
      77 0.505693E-01 0.174543E+00 0.398614E+00 -.337293E+00 0.367208E+00 -.101480E+00 0.347146E+00 0.439304E+00 -.320267E+00 0.398747E+00 0.572571E+00 0.808489E+00 0.157335E+00
      78 0.177179E+01 0.156270E+01 0.525646E+00 0.928023E+00 0.187465E+01 0.129108E+01 0.171018E+01 0.197930E+01 0.101487E+01 0.188523E+01 0.192643E+01 0.223455E+01 0.169385E+01
      79 0.390860E+01 0.319918E+01 0.449965E+00 0.254047E+01 0.356767E+01 0.300504E+01 0.318413E+01 0.369800E+01 0.272798E+01 0.353097E+01 0.342682E+01 0.380187E+01 0.345028E+01
      80 0.582403E+01 0.515892E+01 0.282216E+00 0.454018E+01 0.553848E+01 0.508341E+01 0.488037E+01 0.566080E+01 0.482434E+01 0.543091E+01 0.521521E+01 0.564418E+01 0.548623E+01
      81 0.706485E+01 0.664144E+01 0.156002E+00 0.609514E+01 0.700343E+01 0.666930E+01 0.614290E+01 0.708176E+01 0.642741E+01 0.683585E+01 0.658940E+01 0.701242E+01 0.699674E+01
      82 0.760435E+01 0.743030E+01 0.898232E-01 0.697169E+01 0.774713E+01 0.750738E+01 0.686443E+01 0.778342E+01 0.728647E+01 0.756430E+01 0.736452E+01 0.770817E+01 0.776146E+01
      83 0.771699E+01 0.768736E+01 0.549056E-01 0.731078E+01 0.794089E+01 0.776639E+01 0.717951E+01 0.796722E+01 0.757349E+01 0.778258E+01 0.765514E+01 0.790211E+01 0.795500E+01
      84 0.764532E+01 0.774557E+01 0.347594E-01 0.741961E+01 0.793394E+01 0.781349E+01 0.732486E+01 0.797917E+01 0.764651E+01 0.780175E+01 0.776475E+01 0.792034E+01 0.793594E+01
      85 0.744611E+01 0.749536E+01 0.236002E-01 0.716840E+01 0.761999E+01 0.755728E+01 0.716202E+01 0.770142E+01 0.739753E+01 0.749682E+01 0.762227E+01 0.763411E+01 0.760200E+01
      86 0.711400E+01 0.702352E+01 0.240037E-01 0.664115E+01 0.708230E+01 0.708459E+01 0.680132E+01 0.721003E+01 0.690031E+01 0.696675E+01 0.734127E+01 0.712091E+01 0.702819E+01
      87 0.671910E+01 0.649422E+01 0.400747E-01 0.602532E+01 0.650030E+01 0.655870E+01 0.639443E+01 0.666519E+01 0.632492E+01 0.639671E+01 0.702045E+01 0.656203E+01 0.638560E+01
      88 0.635837E+01 0.604168E+01 0.635695E-01 0.547936E+01 0.602880E+01 0.611590E+01 0.603569E+01 0.620188E+01 0.582581E+01 0.591990E+01 0.671723E+01 0.610750E+01 0.583537E+01
      89 0.606816E+01 0.573561E+01 0.823376E-01 0.508473E+01 0.574068E+01 0.582782E+01 0.577484E+01 0.589151E+01 0.548542E+01 0.559780E+01 0.646510E+01 0.582465E+01 0.546439E+01
      90 0.583585E+01 0.524568E+01 0.926266E-01 0.451103E+01 0.529374E+01 0.536546E+01 0.528638E+01 0.540481E+01 0.497487E+01 0.509669E+01 0.593102E+01 0.537424E+01 0.493799E+01
      91 0.564183E+01 0.505644E+01 0.994282E-01 0.423556E+01 0.516303E+01 0.521455E+01 0.506887E+01 0.522504E+01 0.477478E+01 0.489893E+01 0.561649E+01 0.523956E+01 0.472656E+01
      92 0.546900E+01 0.495836E+01 0.108545E+00 0.405243E+01 0.513346E+01 0.516355E+01 0.492373E+01 0.513852E+01 0.467489E+01 0.479311E+01 0.533365E+01 0.521121E+01 0.461365E+01
      93 0.529343E+01 0.479882E+01 0.124712E+00 0.381480E+01 0.504952E+01 0.505663E+01 0.470437E+01 0.498958E+01 0.452090E+01 0.462532E+01 0.495242E+01 0.513618E+01 0.444486E+01
      94 0.508262E+01 0.485739E+01 0.152291E+00 0.380545E+01 0.518668E+01 0.517497E+01 0.469163E+01 0.505275E+01 0.459234E+01 0.467614E+01 0.475354E+01 0.529312E+01 0.449327E+01
      95 0.480327E+01 0.465837E+01 0.191245E+00 0.355785E+01 0.505790E+01 0.503774E+01 0.441679E+01 0.485054E+01 0.441119E+01 0.447451E+01 0.427236E+01 0.519456E+01 0.428375E+01
      96 0.442648E+01 0.443876E+01 0.247728E+00 0.330452E+01 0.489754E+01 0.488687E+01 0.411220E+01 0.461704E+01 0.421566E+01 0.426182E+01 0.372112E+01 0.507783E+01 0.405223E+01
      97 0.393121E+01 0.407190E+01 0.316164E+00 0.293153E+01 0.456424E+01 0.458586E+01 0.365998E+01 0.422142E+01 0.388012E+01 0.391509E+01 0.300467E+01 0.479803E+01 0.368305E+01
      98 0.332179E+01 0.376546E+01 0.368932E+00 0.266162E+01 0.424251E+01 0.432135E+01 0.329381E+01 0.386943E+01 0.360832E+01 0.364274E+01 0.242288E+01 0.452932E+01 0.339527E+01
      99 0.266741E+01 0.358645E+01 0.374678E+00 0.255124E+01 0.398467E+01 0.414534E+01 0.311016E+01 0.363435E+01 0.345296E+01 0.350700E+01 0.214203E+01 0.431502E+01 0.325328E+01
     100 0.213117E+01 0.295251E+01 0.313859E+00 0.200719E+01 0.320564E+01 0.346399E+01 0.255040E+01 0.294753E+01 0.281788E+01 0.291875E+01 0.165064E+01 0.355759E+01 0.266386E+01
     101 0.191743E+01 0.312072E+01 0.201727E+00 0.230012E+01 0.319260E+01 0.353102E+01 0.287179E+01 0.308653E+01 0.295956E+01 0.312274E+01 0.219972E+01 0.352591E+01 0.286297E+01
     102 0.211516E+01 0.283491E+01 0.117244E+00 0.214255E+01 0.276116E+01 0.313890E+01 0.273074E+01 0.280394E+01 0.264444E+01 0.285966E+01 0.228253E+01 0.304646E+01 0.260217E+01
     103 0.255842E+01 0.312016E+01 0.690075E-01 0.258484E+01 0.302851E+01 0.335505E+01 0.306923E+01 0.310946E+01 0.294266E+01 0.313819E+01 0.274391E+01 0.324940E+01 0.288799E+01
     104 0.286981E+01 0.328693E+01 0.582548E-01 0.290940E+01 0.330288E+01 0.351983E+01 0.316377E+01 0.326970E+01 0.318200E+01 0.327657E+01 0.281191E+01 0.348474E+01 0.305271E+01
     105 0.268433E+01 0.313803E+01 0.928943E-01 0.290815E+01 0.330636E+01 0.341226E+01 0.286767E+01 0.305887E+01 0.314828E+01 0.309553E+01 0.240426E+01 0.349844E+01 0.293306E+01
     106 0.190512E+01 0.250032E+01 0.155962E+00 0.238396E+01 0.272693E+01 0.279486E+01 0.209870E+01 0.232174E+01 0.261164E+01 0.246242E+01 0.153836E+01 0.296626E+01 0.240124E+01
     107 0.878945E+00 0.133196E+01 0.211775E+00 0.123632E+01 0.140442E+01 0.157732E+01 0.832414E+00 0.105388E+01 0.147729E+01 0.140952E+01 0.196419E+00 0.169138E+01 0.144804E+01
     108 0.326190E+00 0.396646E+00 0.261929E+00 0.161313E+00 0.109834E+00 0.526148E+00 -.181730E+00 0.877655E-01 0.478271E+00 0.737339E+00 -.900127E+00 0.381173E+00 0.771740E+00
     109 0.835575E+00 0.422034E+00 0.355825E+00 -.773326E-01 -.239744E+00 0.438766E+00 -.208353E+00 0.199059E+00 0.381510E+00 0.106605E+01 -.102381E+01 -.677047E-01 0.985881E+00
     110 0.229084E+01 0.187878E+01 0.433401E+00 0.115608E+01 0.100393E+01 0.183830E+01 0.128150E+01 0.183006E+01 0.173597E+01 0.267840E+01 0.412652E+00 0.105662E+01 0.254423E+01
     111 0.391860E+01 0.360731E+01 0.378729E+00 0.285359E+01 0.270098E+01 0.354721E+01 0.318811E+01 0.373695E+01 0.342569E+01 0.431690E+01 0.240428E+01 0.268444E+01 0.435670E+01
     112 0.495563E+01 0.499940E+01 0.265405E+00 0.439981E+01 0.415121E+01 0.490682E+01 0.487414E+01 0.523643E+01 0.482066E+01 0.545459E+01 0.434376E+01 0.411774E+01 0.585436E+01
     113 0.525151E+01 0.557328E+01 0.211056E+00 0.517552E+01 0.480813E+01 0.542805E+01 0.572606E+01 0.582725E+01 0.539395E+01 0.577151E+01 0.551080E+01 0.477497E+01 0.649629E+01
     114 0.521058E+01 0.543001E+01 0.180700E+00 0.517128E+01 0.476593E+01 0.524767E+01 0.574033E+01 0.564706E+01 0.523103E+01 0.545822E+01 0.575512E+01 0.473395E+01 0.631760E+01
     115 0.524767E+01 0.547286E+01 0.135209E+00 0.527026E+01 0.491546E+01 0.528852E+01 0.581571E+01 0.564732E+01 0.524919E+01 0.542506E+01 0.591417E+01 0.488816E+01 0.624624E+01
     116 0.541834E+01 0.556105E+01 0.911825E-01 0.537748E+01 0.511736E+01 0.540851E+01 0.588443E+01 0.570590E+01 0.533636E+01 0.548095E+01 0.597240E+01 0.510426E+01 0.620293E+01
     117 0.547810E+01 0.573292E+01 0.598690E-01 0.558036E+01 0.544571E+01 0.564252E+01 0.605187E+01 0.584115E+01 0.555552E+01 0.561094E+01 0.612820E+01 0.545786E+01 0.623517E+01
     118 0.511746E+01 0.532246E+01 0.618315E-01 0.523088E+01 0.525336E+01 0.531285E+01 0.566280E+01 0.535963E+01 0.525105E+01 0.513829E+01 0.579174E+01 0.530177E+01 0.566186E+01
     119 0.417772E+01 0.429336E+01 0.119920E+00 0.428233E+01 0.448058E+01 0.435335E+01 0.464749E+01 0.420968E+01 0.435951E+01 0.403387E+01 0.490958E+01 0.459249E+01 0.443167E+01
     120 0.278559E+01 0.238848E+01 0.208524E+00 0.245226E+01 0.276744E+01 0.246083E+01 0.272168E+01 0.215507E+01 0.256990E+01 0.206486E+01 0.317719E+01 0.298163E+01 0.234808E+01
     121 0.128475E+01 0.275122E+00 0.253629E+00 0.389093E+00 0.726453E+00 0.298745E+00 0.544489E+00 -.958935E-01 0.508545E+00 -.892252E-01 0.118096E+01 0.107662E+01 0.906380E-01
     122 0.439241E-02 -.999052E+00 0.221916E+00 -.857869E+00 -.592282E+00 -.104761E+01 -.818643E+00 -.144010E+01 -.780805E+00 -.136699E+01 -.108447E+00 -.127485E+00 -.128949E+01
     123 -.889203E+00 -.182031E+01 0.155000E+00 -.166076E+01 -.151696E+01 -.192659E+01 -.172638E+01 -.225066E+01 -.165934E+01 -.216840E+01 -.108108E+01 -.999783E+00 -.218358E+01
     124 -.137110E+01 -.211990E+01 0.103709E+00 -.194558E+01 -.193071E+01 -.225894E+01 -.209476E+01 -.248159E+01 -.203679E+01 -.244766E+01 -.161826E+01 -.142852E+01 -.251252E+01
     125 -.148378E+01 -.208216E+01 0.872294E-01 -.190170E+01 -.199567E+01 -.223489E+01 -.210659E+01 -.235106E+01 -.208313E+01 -.240123E+01 -.184079E+01 -.155778E+01 -.244663E+01
     126 -.130664E+01 -.187119E+01 0.958186E-01 -.169662E+01 -.186680E+01 -.202462E+01 -.192669E+01 -.204869E+01 -.194736E+01 -.218989E+01 -.186223E+01 -.151983E+01 -.215526E+01
     127 -.956621E+00 -.132740E+01 0.109721E+00 -.116489E+01 -.137831E+01 -.147033E+01 -.139198E+01 -.142556E+01 -.145497E+01 -.164478E+01 -.149380E+01 -.113091E+01 -.150713E+01
     128 -.572995E+00 -.738486E+00 0.114106E+00 -.586464E+00 -.820128E+00 -.860512E+00 -.788148E+00 -.765632E+00 -.887519E+00 -.104237E+01 -.101876E+01 -.675409E+00 -.815394E+00
     129 -.283837E+00 -.292935E+00 0.103386E+00 -.147266E+00 -.386853E+00 -.384994E+00 -.306480E+00 -.251704E+00 -.434165E+00 -.560645E+00 -.628779E+00 -.347843E+00 -.283525E+00
     130 -.174599E+00 0.359975E-01 0.807810E-01 0.177413E+00 -.598609E-01 -.180563E-01 0.716369E-01 0.146831E+00 -.736573E-01 -.165159E+00 -.305797E+00 -.130849E+00 0.109344E+00
     131 -.264318E+00 0.126231E+00 0.555169E-01 0.260625E+00 0.327945E-01 0.116905E+00 0.210335E+00 0.305161E+00 0.631389E-01 0.215727E-01 -.184097E+00 -.147113E+00 0.239940E+00
     132 -.491246E+00 0.157911E-01 0.372976E-01 0.129382E+00 -.737543E-01 0.564655E-01 0.120079E+00 0.250384E+00 -.606636E-03 0.270234E-01 -.251436E+00 -.348690E+00 0.154903E+00
     133 -.716281E+00 -.260570E+00 0.299579E-01 -.193906E+00 -.343669E+00 -.165178E+00 -.194070E+00 0.574826E-02 -.246052E+00 -.131690E+00 -.505810E+00 -.688299E+00 -.949713E-01
     134 -.756398E+00 -.436183E+00 0.326099E-01 -.448107E+00 -.506626E+00 -.287173E+00 -.483166E+00 -.173227E+00 -.420243E+00 -.217942E+00 -.708691E+00 -.880781E+00 -.231441E+00
     135 -.468976E+00 -.309447E+00 0.415119E-01 -.413870E+00 -.355587E+00 -.121218E+00 -.520347E+00 -.857215E-01 -.320928E+00 -.645408E-01 -.660199E+00 -.705626E+00 -.615329E-01
     136 0.100116E+00 0.131262E+00 0.445472E-01 -.223857E-01 0.121624E+00 0.329549E+00 -.193474E+00 0.304078E+00 0.914176E-01 0.331405E+00 -.293355E+00 -.158736E+00 0.386955E+00
     137 0.614217E+00 0.694711E+00 0.288980E-01 0.595590E+00 0.722515E+00 0.874726E+00 0.427658E+00 0.846490E+00 0.663618E+00 0.820316E+00 0.289255E+00 0.513352E+00 0.884649E+00
     138 0.648584E+00 0.730946E+00 0.118378E-01 0.772788E+00 0.773999E+00 0.869189E+00 0.702276E+00 0.895480E+00 0.752111E+00 0.811668E+00 0.497620E+00 0.610996E+00 0.790489E+00
     139 0.182892E+00 0.167277E+00 0.128958E-01 0.301640E+00 0.169719E+00 0.210449E+00 0.357796E+00 0.293814E+00 0.234458E+00 0.241516E+00 0.221895E+00 0.875098E-01 0.111470E+00
     140 -.224701E+00 -.378437E+00 0.234742E-01 -.303329E+00 -.487651E+00 -.525183E+00 -.191111E+00 -.416797E+00 -.319850E+00 -.318254E+00 -.308489E-01 -.397966E+00 -.450341E+00
     141 0.352044E-01 -.182554E+00 0.610134E-01 -.255437E+00 -.421207E+00 -.549447E+00 -.188013E+00 -.429525E+00 -.180139E+00 -.159091E+00 0.330616E+00 -.166278E+00 -.167567E+00
     142 0.104753E+01 0.116751E+01 0.104253E+00 0.988600E+00 0.840544E+00 0.661457E+00 0.942744E+00 0.810253E+00 0.110281E+01 0.117574E+01 0.167479E+01 0.112829E+01 0.130731E+01
     143 0.237525E+01 0.271490E+01 0.102078E+00 0.256006E+01 0.237470E+01 0.221928E+01 0.238684E+01 0.241056E+01 0.260097E+01 0.277519E+01 0.310047E+01 0.254297E+01 0.292318E+01
     144 0.345039E+01 0.407366E+01 0.690971E-01 0.405210E+01 0.379042E+01 0.371271E+01 0.377962E+01 0.392866E+01 0.393352E+01 0.424276E+01 0.430810E+01 0.377591E+01 0.424911E+01
     145 0.400119E+01 0.464503E+01 0.526513E-01 0.475819E+01 0.445057E+01 0.445345E+01 0.444093E+01 0.465422E+01 0.449310E+01 0.491539E+01 0.476461E+01 0.429471E+01 0.472887E+01
     146 0.417220E+01 0.475189E+01 0.505940E-01 0.491855E+01 0.462331E+01 0.468172E+01 0.461133E+01 0.483917E+01 0.460365E+01 0.507149E+01 0.482996E+01 0.442577E+01 0.475020E+01
     147 0.422937E+01 0.472677E+01 0.460984E-01 0.488587E+01 0.460753E+01 0.470663E+01 0.461664E+01 0.482191E+01 0.460860E+01 0.506182E+01 0.483550E+01 0.447096E+01 0.465714E+01
     148 0.430606E+01 0.468414E+01 0.428841E-01 0.482583E+01 0.453053E+01 0.466253E+01 0.459537E+01 0.475102E+01 0.461554E+01 0.502612E+01 0.486030E+01 0.451458E+01 0.455498E+01
     149 0.442793E+01 0.468496E+01 0.464576E-01 0.481401E+01 0.448002E+01 0.463859E+01 0.461576E+01 0.470876E+01 0.467300E+01 0.503265E+01 0.493739E+01 0.460376E+01 0.450045E+01
     150 0.459814E+01 0.474260E+01 0.529025E-01 0.485775E+01 0.450017E+01 0.467058E+01 0.468615E+01 0.472213E+01 0.477565E+01 0.508679E+01 0.505346E+01 0.473399E+01 0.452232E+01
     151 0.480717E+01 0.483873E+01 0.538950E-01 0.493637E+01 0.458832E+01 0.475530E+01 0.479261E+01 0.478637E+01 0.489660E+01 0.516354E+01 0.517281E+01 0.487894E+01 0.461041E+01
     152 0.500163E+01 0.494254E+01 0.468733E-01 0.502713E+01 0.470867E+01 0.486579E+01 0.490973E+01 0.488249E+01 0.500775E+01 0.523908E+01 0.525367E+01 0.500437E+01 0.472866E+01
     153 0.508764E+01 0.510620E+01 0.323261E-01 0.518707E+01 0.491289E+01 0.505673E+01 0.509122E+01 0.506996E+01 0.516207E+01 0.536838E+01 0.533483E+01 0.515969E+01 0.492648E+01
     154 0.496372E+01 0.511910E+01 0.154666E-01 0.520593E+01 0.500166E+01 0.512392E+01 0.512492E+01 0.514414E+01 0.514010E+01 0.533900E+01 0.518893E+01 0.512709E+01 0.499849E+01
     155 0.454327E+01 0.486914E+01 0.145530E-01 0.496980E+01 0.486227E+01 0.495238E+01 0.489380E+01 0.498302E+01 0.482101E+01 0.504794E+01 0.472524E+01 0.479549E+01 0.483258E+01
     156 0.377343E+01 0.429213E+01 0.510096E-01 0.441223E+01 0.441767E+01 0.446810E+01 0.433053E+01 0.450472E+01 0.413621E+01 0.444490E+01 0.392020E+01 0.411023E+01 0.435783E+01
     157 0.267087E+01 0.318361E+01 0.133993E+00 0.332122E+01 0.343650E+01 0.345246E+01 0.322330E+01 0.347886E+01 0.289113E+01 0.334376E+01 0.262293E+01 0.287965E+01 0.335747E+01
     158 0.135847E+01 0.212467E+01 0.240131E+00 0.226259E+01 0.246301E+01 0.246905E+01 0.214417E+01 0.245202E+01 0.170097E+01 0.234372E+01 0.147299E+01 0.170498E+01 0.239295E+01
     159 0.577415E-01 0.103999E+01 0.313193E+00 0.114868E+01 0.139279E+01 0.142226E+01 0.101689E+01 0.132685E+01 0.538149E+00 0.136717E+01 0.422947E+00 0.544015E+00 0.135955E+01
     160 -.980132E+00 -.128806E+00 0.341007E+00 -.780639E-01 0.179665E+00 0.259689E+00 -.213840E+00 0.572852E-01 -.651197E+00 0.347297E+00 -.616558E+00 -.659053E+00 0.199787E+00
     161 -.155797E+01 -.108518E+01 0.340650E+00 -.111366E+01 -.846195E+00 -.711925E+00 -.124738E+01 -.102609E+01 -.158432E+01 -.461122E+00 -.140620E+01 -.161427E+01 -.773113E+00
     162 -.157597E+01 -.100907E+01 0.328699E+00 -.112069E+01 -.830638E+00 -.659635E+00 -.125322E+01 -.106694E+01 -.145564E+01 -.280833E+00 -.117421E+01 -.151872E+01 -.710868E+00
     163 -.103924E+01 -.758581E+00 0.308042E+00 -.938697E+00 -.615463E+00 -.434605E+00 -.107701E+01 -.902930E+00 -.113075E+01 0.102382E-01 -.801281E+00 -.124623E+01 -.452328E+00
     164 -.639633E-01 0.329692E+00 0.266666E+00 0.112175E+00 0.458977E+00 0.618611E+00 -.352119E-01 0.139171E+00 0.494010E-01 0.106008E+01 0.364987E+00 -.127834E+00 0.656270E+00
     165 0.112753E+01 0.134303E+01 0.202450E+00 0.112914E+01 0.146594E+01 0.158367E+01 0.978856E+00 0.114787E+01 0.115838E+01 0.196746E+01 0.141484E+01 0.933851E+00 0.167830E+01
     166 0.226279E+01 0.248571E+01 0.131444E+00 0.231450E+01 0.260059E+01 0.267701E+01 0.217497E+01 0.232304E+01 0.237909E+01 0.297330E+01 0.256390E+01 0.214245E+01 0.279978E+01
     167 0.310845E+01 0.320642E+01 0.756927E-01 0.310377E+01 0.331538E+01 0.337310E+01 0.298852E+01 0.310360E+01 0.314650E+01 0.357097E+01 0.327704E+01 0.293219E+01 0.347043E+01
     168 0.352097E+01 0.367688E+01 0.452757E-01 0.365636E+01 0.379347E+01 0.386163E+01 0.357202E+01 0.365265E+01 0.363676E+01 0.395093E+01 0.373892E+01 0.346014E+01 0.387476E+01
     169 0.344197E+01 0.371835E+01 0.428517E-01 0.378061E+01 0.386297E+01 0.396478E+01 0.372130E+01 0.378058E+01 0.368049E+01 0.393826E+01 0.377561E+01 0.353399E+01 0.384612E+01
     170 0.289888E+01 0.331132E+01 0.590870E-01 0.344071E+01 0.349228E+01 0.363924E+01 0.338812E+01 0.344953E+01 0.326522E+01 0.351181E+01 0.336360E+01 0.312835E+01 0.336782E+01
     171 0.205666E+01 0.258155E+01 0.711966E-01 0.273847E+01 0.277283E+01 0.296740E+01 0.266936E+01 0.275481E+01 0.251512E+01 0.280616E+01 0.262084E+01 0.237390E+01 0.256426E+01
     172 0.125344E+01 0.179417E+01 0.717054E-01 0.191259E+01 0.193177E+01 0.217894E+01 0.180895E+01 0.192258E+01 0.168726E+01 0.211991E+01 0.181303E+01 0.154533E+01 0.171386E+01
     173 0.879016E+00 0.140946E+01 0.896211E-01 0.144382E+01 0.143583E+01 0.173730E+01 0.130591E+01 0.141146E+01 0.125987E+01 0.188890E+01 0.141805E+01 0.113486E+01 0.130595E+01
     174 0.111635E+01 0.148858E+01 0.121221E+00 0.144624E+01 0.139758E+01 0.174400E+01 0.128813E+01 0.131094E+01 0.133843E+01 0.209125E+01 0.151856E+01 0.123586E+01 0.142945E+01
     175 0.179958E+01 0.195694E+01 0.124866E+00 0.188437E+01 0.179015E+01 0.215510E+01 0.172483E+01 0.159122E+01 0.188296E+01 0.256337E+01 0.204062E+01 0.178811E+01 0.200284E+01
     176 0.255980E+01 0.265595E+01 0.104861E+00 0.258855E+01 0.246083E+01 0.280291E+01 0.244128E+01 0.215480E+01 0.270704E+01 0.314146E+01 0.279480E+01 0.260428E+01 0.281238E+01
     177 0.313548E+01 0.305027E+01 0.824632E-01 0.298843E+01 0.285760E+01 0.313533E+01 0.285905E+01 0.251349E+01 0.320311E+01 0.336893E+01 0.321158E+01 0.309424E+01 0.326737E+01
     178 0.353944E+01 0.336789E+01 0.574225E-01 0.329739E+01 0.319757E+01 0.338649E+01 0.318120E+01 0.289898E+01 0.354332E+01 0.356404E+01 0.350937E+01 0.344065E+01 0.357717E+01
     179 0.392782E+01 0.373931E+01 0.348933E-01 0.365788E+01 0.361088E+01 0.370188E+01 0.354584E+01 0.339516E+01 0.387444E+01 0.387411E+01 0.383801E+01 0.377676E+01 0.390083E+01
     180 0.439767E+01 0.423869E+01 0.213932E-01 0.415736E+01 0.417203E+01 0.416562E+01 0.404294E+01 0.403850E+01 0.430812E+01 0.435333E+01 0.428989E+01 0.420048E+01 0.433866E+01
     181 0.494236E+01 0.487641E+01 0.169309E-01 0.481083E+01 0.488796E+01 0.479313E+01 0.469183E+01 0.481990E+01 0.487858E+01 0.499722E+01 0.488438E+01 0.474447E+01 0.491280E+01
     182 0.549656E+01 0.548112E+01 0.185047E-01 0.544710E+01 0.558055E+01 0.541896E+01 0.532684E+01 0.555304E+01 0.542758E+01 0.562525E+01 0.545529E+01 0.525742E+01 0.545950E+01
     183 0.596880E+01 0.603741E+01 0.218394E-01 0.604607E+01 0.621248E+01 0.602904E+01 0.593301E+01 0.619977E+01 0.595197E+01 0.620891E+01 0.599405E+01 0.575335E+01 0.597574E+01
     184 0.626356E+01 0.633835E+01 0.250796E-01 0.639991E+01 0.655874E+01 0.642057E+01 0.630598E+01 0.654345E+01 0.624761E+01 0.652829E+01 0.629755E+01 0.604816E+01 0.626397E+01
     185 0.629896E+01 0.639381E+01 0.318953E-01 0.651993E+01 0.661582E+01 0.659550E+01 0.645179E+01 0.658096E+01 0.632686E+01 0.658851E+01 0.637756E+01 0.615992E+01 0.633897E+01
     186 0.601906E+01 0.619748E+01 0.490121E-01 0.640500E+01 0.637777E+01 0.653660E+01 0.635958E+01 0.629404E+01 0.618716E+01 0.638976E+01 0.622651E+01 0.607159E+01 0.619254E+01
     187 0.540349E+01 0.558815E+01 0.801929E-01 0.588895E+01 0.570015E+01 0.605823E+01 0.585410E+01 0.553003E+01 0.566323E+01 0.578303E+01 0.567388E+01 0.558871E+01 0.564839E+01
     188 0.447114E+01 0.470450E+01 0.126217E+00 0.510470E+01 0.473886E+01 0.528198E+01 0.506481E+01 0.444409E+01 0.488679E+01 0.491205E+01 0.484910E+01 0.482652E+01 0.483142E+01
     189 0.327542E+01 0.358080E+01 0.183862E+00 0.407956E+01 0.353684E+01 0.422541E+01 0.401549E+01 0.309545E+01 0.387916E+01 0.380896E+01 0.377669E+01 0.380294E+01 0.376411E+01
     190 0.189817E+01 0.202952E+01 0.237295E+00 0.260841E+01 0.190885E+01 0.268111E+01 0.250119E+01 0.133978E+01 0.242843E+01 0.227047E+01 0.225933E+01 0.232179E+01 0.225523E+01
     191 0.453947E+00 0.614999E+00 0.262787E+00 0.123628E+01 0.414257E+00 0.121011E+01 0.107596E+01 -.215291E+00 0.107501E+01 0.838756E+00 0.855195E+00 0.956346E+00 0.872611E+00
     192 -.893702E+00 -.589624E+00 0.236146E+00 0.143502E-01 -.872591E+00 -.102474E+00 -.190994E+00 -.144760E+01 -.134909E+00 -.426053E+00 -.370276E+00 -.211618E+00 -.317468E+00
     193 -.193462E+01 -.163077E+01 0.169618E+00 -.110568E+01 -.199331E+01 -.127369E+01 -.133516E+01 -.239022E+01 -.125656E+01 -.155887E+01 -.146298E+01 -.122444E+01 -.137032E+01
     194 -.247005E+01 -.210689E+01 0.109695E+00 -.170165E+01 -.254153E+01 -.186213E+01 -.192870E+01 -.267962E+01 -.186664E+01 -.212962E+01 -.200761E+01 -.167637E+01 -.188267E+01
     195 -.240422E+01 -.209633E+01 0.854825E-01 -.182528E+01 -.258802E+01 -.191263E+01 -.201757E+01 -.246505E+01 -.200075E+01 -.219012E+01 -.206496E+01 -.163834E+01 -.192366E+01
     196 -.181194E+01 -.150630E+01 0.786461E-01 -.136744E+01 -.201348E+01 -.131270E+01 -.147711E+01 -.172951E+01 -.152204E+01 -.162911E+01 -.153484E+01 -.101514E+01 -.140209E+01
     197 -.947447E+00 -.677771E+00 0.625345E-01 -.659081E+00 -.113463E+01 -.432996E+00 -.649107E+00 -.844491E+00 -.749711E+00 -.791277E+00 -.758190E+00 -.168318E+00 -.656983E+00
     198 -.152985E+00 0.633377E-01 0.435870E-01 0.245703E-05 -.296055E+00 0.353036E+00 0.116196E+00 -.117592E+00 -.857813E-02 -.259472E-01 -.531339E-01 0.556978E+00 0.125607E-01
     199 0.330511E+00 0.389277E+00 0.325519E-01 0.317783E+00 0.108818E+00 0.680549E+00 0.458892E+00 0.171785E+00 0.353197E+00 0.311523E+00 0.270012E+00 0.834734E+00 0.323775E+00
     200 0.514923E+00 0.493551E+00 0.293593E-01 0.493856E+00 0.226110E+00 0.743925E+00 0.560239E+00 0.251503E+00 0.495048E+00 0.410194E+00 0.407129E+00 0.879631E+00 0.479133E+00
