       1 0.800024E+01 0.801611E+01 0.138505E-01 0.796237E+01 0.815438E+01 0.804118E+01 0.811804E+01 0.795212E+01 0.786881E+01 0.804550E+01 0.819641E+01 0.791670E+01 0.786367E+01
       2 0.800181E+01 0.803808E+01 0.207491E-01 0.796105E+01 0.813443E+01 0.812572E+01 0.814430E+01 0.793954E+01 0.784685E+01 0.817536E+01 0.817774E+01 0.810150E+01 0.791034E+01
       3 0.800541E+01 0.806233E+01 0.278913E-01 0.795075E+01 0.804967E+01 0.823523E+01 0.820806E+01 0.793566E+01 0.784908E+01 0.827493E+01 0.807208E+01 0.829987E+01 0.802237E+01
       4 0.801053E+01 0.805733E+01 0.347218E-01 0.791312E+01 0.788289E+01 0.833403E+01 0.827648E+01 0.794661E+01 0.788257E+01 0.828153E+01 0.783683E+01 0.839378E+01 0.815019E+01
       5 0.801488E+01 0.795615E+01 0.565019E-01 0.780545E+01 0.763125E+01 0.832472E+01 0.826370E+01 0.794829E+01 0.790776E+01 0.811078E+01 0.749060E+01 0.819318E+01 0.815233E+01
       6 0.801448E+01 0.780001E+01 0.113419E+00 0.770717E+01 0.742608E+01 0.816462E+01 0.815466E+01 0.800408E+01 0.794677E+01 0.782356E+01 0.724679E+01 0.767902E+01 0.796247E+01
       7 0.800482E+01 0.804671E+01 0.201009E+00 0.811777E+01 0.777643E+01 0.820650E+01 0.832477E+01 0.851986E+01 0.837297E+01 0.793934E+01 0.766815E+01 0.746187E+01 0.801040E+01
       8 0.798359E+01 0.805150E+01 0.293862E+00 0.843257E+01 0.806079E+01 0.775148E+01 0.804679E+01 0.875747E+01 0.845779E+01 0.786353E+01 0.808975E+01 0.714071E+01 0.775199E+01
       9 0.795426E+01 0.799493E+01 0.343922E+00 0.872692E+01 0.835798E+01 0.720419E+01 0.759769E+01 0.873611E+01 0.830278E+01 0.782906E+01 0.846853E+01 0.714144E+01 0.760776E+01
      10 0.792880E+01 0.709207E+01 0.379515E+00 0.808116E+01 0.776685E+01 0.602459E+01 0.636861E+01 0.759679E+01 0.714895E+01 0.707673E+01 0.780402E+01 0.666562E+01 0.688964E+01
      11 0.792692E+01 0.774098E+01 0.432831E+00 0.870032E+01 0.852600E+01 0.670781E+01 0.698773E+01 0.777981E+01 0.751667E+01 0.798538E+01 0.826546E+01 0.802100E+01 0.791328E+01
      12 0.796962E+01 0.742947E+01 0.534149E+00 0.805687E+01 0.809053E+01 0.655179E+01 0.689299E+01 0.705814E+01 0.705955E+01 0.794171E+01 0.746789E+01 0.845764E+01 0.795606E+01
      13 0.806666E+01 0.774264E+01 0.637214E+00 0.766776E+01 0.793802E+01 0.720394E+01 0.785670E+01 0.706012E+01 0.729555E+01 0.850406E+01 0.690768E+01 0.937236E+01 0.831938E+01
      14 0.820091E+01 0.877580E+01 0.709435E+00 0.815110E+01 0.853392E+01 0.853338E+01 0.950632E+01 0.811266E+01 0.836549E+01 0.963183E+01 0.739660E+01 0.103485E+02 0.902042E+01
      15 0.831488E+01 0.803256E+01 0.777659E+00 0.709893E+01 0.751768E+01 0.822104E+01 0.949884E+01 0.768833E+01 0.763950E+01 0.889432E+01 0.647218E+01 0.856034E+01 0.750970E+01
      16 0.831044E+01 0.747002E+01 0.871779E+00 0.669555E+01 0.704776E+01 0.804064E+01 0.923377E+01 0.765387E+01 0.702331E+01 0.824910E+01 0.635868E+01 0.641692E+01 0.622223E+01
      17 0.808032E+01 0.681720E+01 0.881871E+00 0.646943E+01 0.672344E+01 0.757046E+01 0.824643E+01 0.753497E+01 0.629584E+01 0.753173E+01 0.644682E+01 0.466702E+01 0.533382E+01
      18 0.758666E+01 0.648005E+01 0.771138E+00 0.655623E+01 0.673535E+01 0.715777E+01 0.714332E+01 0.759996E+01 0.596890E+01 0.718373E+01 0.675939E+01 0.414669E+01 0.523525E+01
      19 0.695645E+01 0.581079E+01 0.708939E+00 0.616383E+01 0.625422E+01 0.617919E+01 0.560956E+01 0.716670E+01 0.544536E+01 0.648636E+01 0.661132E+01 0.392774E+01 0.504004E+01
      20 0.649145E+01 0.609214E+01 0.727018E+00 0.653013E+01 0.638806E+01 0.592555E+01 0.518894E+01 0.746025E+01 0.605684E+01 0.654810E+01 0.728039E+01 0.497462E+01 0.588695E+01
      21 0.652219E+01 0.674179E+01 0.719665E+00 0.709512E+01 0.677813E+01 0.616421E+01 0.567037E+01 0.793980E+01 0.699749E+01 0.693367E+01 0.795615E+01 0.617385E+01 0.689917E+01
      22 0.723963E+01 0.733802E+01 0.677520E+00 0.754560E+01 0.713582E+01 0.650324E+01 0.638514E+01 0.828465E+01 0.786810E+01 0.727847E+01 0.831403E+01 0.711234E+01 0.768439E+01
      23 0.868043E+01 0.921956E+01 0.598348E+00 0.927148E+01 0.882243E+01 0.825704E+01 0.852955E+01 0.981576E+01 0.100313E+02 0.888164E+01 0.976930E+01 0.924661E+01 0.956192E+01
      24 0.106193E+02 0.110817E+02 0.478286E+00 0.110278E+02 0.105827E+02 0.101387E+02 0.107594E+02 0.113173E+02 0.120912E+02 0.105089E+02 0.112119E+02 0.112252E+02 0.111613E+02
      25 0.119872E+02 0.122116E+02 0.293320E+00 0.122693E+02 0.118473E+02 0.116619E+02 0.123892E+02 0.117175E+02 0.130597E+02 0.112525E+02 0.119103E+02 0.124108E+02 0.117676E+02
      26 0.104886E+02 0.108056E+02 0.448127E+00 0.111706E+02 0.108338E+02 0.109960E+02 0.112821E+02 0.953970E+01 0.109559E+02 0.965746E+01 0.103509E+02 0.109641E+02 0.995202E+01
      27 0.455631E+01 0.507962E+01 0.947548E+00 0.581620E+01 0.571743E+01 0.617118E+01 0.541202E+01 0.319784E+01 0.423264E+01 0.418959E+01 0.475676E+01 0.527264E+01 0.429051E+01
      28 -.306040E+01 -.325940E+01 0.851248E+00 -.250588E+01 -.229617E+01 -.185163E+01 -.344632E+01 -.484665E+01 -.458156E+01 -.322111E+01 -.320081E+01 -.300028E+01 -.347852E+01
      29 -.713862E+01 -.738088E+01 0.452543E+00 -.699355E+01 -.666947E+01 -.648197E+01 -.805412E+01 -.801042E+01 -.833036E+01 -.631181E+01 -.695558E+01 -.714465E+01 -.706323E+01
      30 -.637116E+01 -.661688E+01 0.429038E+00 -.663143E+01 -.641394E+01 -.636286E+01 -.749035E+01 -.635041E+01 -.701666E+01 -.522478E+01 -.615058E+01 -.654723E+01 -.616309E+01
      31 -.388532E+01 -.417977E+01 0.340372E+00 -.445710E+01 -.444348E+01 -.417085E+01 -.493961E+01 -.340397E+01 -.444157E+01 -.334278E+01 -.408171E+01 -.431571E+01 -.400235E+01
      32 -.270615E+01 -.274369E+01 0.183860E+00 -.308165E+01 -.324875E+01 -.258816E+01 -.317960E+01 -.204907E+01 -.325771E+01 -.246080E+01 -.290685E+01 -.289931E+01 -.295859E+01
      33 -.243922E+01 -.271086E+01 0.107838E+00 -.296310E+01 -.321343E+01 -.239781E+01 -.291536E+01 -.233905E+01 -.337057E+01 -.248042E+01 -.275364E+01 -.272716E+01 -.309161E+01
      34 -.191171E+01 -.219709E+01 0.983805E-01 -.240461E+01 -.267039E+01 -.183709E+01 -.224077E+01 -.196715E+01 -.285676E+01 -.184326E+01 -.202892E+01 -.211330E+01 -.264543E+01
      35 -.815258E+00 -.103503E+01 0.136387E+00 -.132939E+01 -.160250E+01 -.705857E+00 -.900179E+00 -.676002E+00 -.165515E+01 -.627526E+00 -.757607E+00 -.926119E+00 -.164051E+01
      36 0.370423E+00 0.727439E-01 0.183625E+00 -.361686E+00 -.645515E+00 0.308644E+00 0.349477E+00 0.641492E+00 -.461902E+00 0.368205E+00 0.320991E+00 0.147809E+00 -.712452E+00
      37 0.127014E+01 0.103016E+01 0.210807E+00 0.528980E+00 0.213857E+00 0.117075E+01 0.139144E+01 0.173853E+01 0.585180E+00 0.114583E+01 0.119776E+01 0.991998E+00 0.159119E+00
      38 0.192805E+01 0.172337E+01 0.206544E+00 0.121032E+01 0.896986E+00 0.178322E+01 0.209014E+01 0.245654E+01 0.139048E+01 0.174047E+01 0.182233E+01 0.159141E+01 0.841476E+00
      39 0.227440E+01 0.207533E+01 0.172920E+00 0.156819E+01 0.127879E+01 0.205759E+01 0.232794E+01 0.265940E+01 0.185696E+01 0.206019E+01 0.208952E+01 0.202302E+01 0.122582E+01
      40 0.242647E+01 0.220247E+01 0.132129E+00 0.175078E+01 0.148052E+01 0.216476E+01 0.233919E+01 0.258970E+01 0.202655E+01 0.220254E+01 0.220399E+01 0.225366E+01 0.144847E+01
      41 0.260679E+01 0.247474E+01 0.906965E-01 0.208597E+01 0.186697E+01 0.244127E+01 0.248962E+01 0.267211E+01 0.231802E+01 0.253452E+01 0.250380E+01 0.259273E+01 0.189585E+01
      42 0.276927E+01 0.266439E+01 0.619469E-01 0.235166E+01 0.216468E+01 0.262995E+01 0.258059E+01 0.265338E+01 0.252439E+01 0.276624E+01 0.268913E+01 0.285964E+01 0.226683E+01
      43 0.294311E+01 0.287579E+01 0.482378E-01 0.264740E+01 0.245758E+01 0.285825E+01 0.277408E+01 0.270303E+01 0.273910E+01 0.300690E+01 0.290198E+01 0.312627E+01 0.256829E+01
      44 0.319682E+01 0.315398E+01 0.445056E-01 0.294841E+01 0.275420E+01 0.314651E+01 0.305238E+01 0.293768E+01 0.301783E+01 0.331494E+01 0.319716E+01 0.340553E+01 0.288463E+01
      45 0.342675E+01 0.324451E+01 0.469443E-01 0.302866E+01 0.276211E+01 0.320239E+01 0.310713E+01 0.308888E+01 0.307946E+01 0.346885E+01 0.331249E+01 0.343307E+01 0.303403E+01
      46 0.372560E+01 0.353321E+01 0.620978E-01 0.338064E+01 0.289097E+01 0.340943E+01 0.334110E+01 0.350868E+01 0.329073E+01 0.395653E+01 0.369212E+01 0.355809E+01 0.339899E+01
      47 0.443031E+01 0.410316E+01 0.954104E-01 0.406317E+01 0.336877E+01 0.392939E+01 0.388377E+01 0.421549E+01 0.378189E+01 0.481345E+01 0.442666E+01 0.392623E+01 0.399189E+01
      48 0.561785E+01 0.529615E+01 0.124201E+00 0.527365E+01 0.461197E+01 0.514136E+01 0.507748E+01 0.554862E+01 0.493945E+01 0.616504E+01 0.576356E+01 0.495274E+01 0.518253E+01
      49 0.690200E+01 0.661200E+01 0.122399E+00 0.648694E+01 0.611432E+01 0.652694E+01 0.641713E+01 0.698144E+01 0.626969E+01 0.741141E+01 0.714717E+01 0.615491E+01 0.652487E+01
      50 0.781132E+01 0.761201E+01 0.114849E+00 0.733896E+01 0.738306E+01 0.755924E+01 0.743348E+01 0.805216E+01 0.735309E+01 0.821192E+01 0.818679E+01 0.701981E+01 0.768365E+01
      51 0.802180E+01 0.784094E+01 0.138957E+00 0.742839E+01 0.793801E+01 0.775284E+01 0.766517E+01 0.825982E+01 0.774931E+01 0.818072E+01 0.847766E+01 0.707327E+01 0.821947E+01
      52 0.726066E+01 0.739369E+01 0.264439E+00 0.686053E+01 0.790042E+01 0.717849E+01 0.719022E+01 0.765091E+01 0.759462E+01 0.742572E+01 0.816598E+01 0.640202E+01 0.829312E+01
      53 0.530657E+01 0.547567E+01 0.486986E+00 0.489311E+01 0.638840E+01 0.509866E+01 0.524008E+01 0.541617E+01 0.602598E+01 0.518483E+01 0.639452E+01 0.436028E+01 0.693232E+01
      54 0.227323E+01 0.224455E+01 0.644084E+00 0.172567E+01 0.340322E+01 0.174566E+01 0.198862E+01 0.180913E+01 0.308180E+01 0.173589E+01 0.320014E+01 0.123565E+01 0.405619E+01
      55 -.110781E+01 -.107160E+01 0.514144E+00 -.143298E+01 0.526030E-03 -.155433E+01 -.132224E+01 -.170860E+01 -.157597E+00 -.151156E+01 -.327580E+00 -.175552E+01 0.631809E+00
      56 -.383741E+01 -.365172E+01 0.236142E+00 -.387676E+01 -.293465E+01 -.396347E+01 -.387402E+01 -.418875E+01 -.286805E+01 -.373204E+01 -.332458E+01 -.400503E+01 -.244538E+01
      57 -.540440E+01 -.523438E+01 0.855324E-01 -.545076E+01 -.490548E+01 -.528276E+01 -.541625E+01 -.547009E+01 -.464753E+01 -.481175E+01 -.537372E+01 -.543353E+01 -.459531E+01
      58 -.586528E+01 -.562434E+01 0.957667E-01 -.591299E+01 -.555751E+01 -.542819E+01 -.575544E+01 -.556303E+01 -.519453E+01 -.477420E+01 -.609543E+01 -.582273E+01 -.540746E+01
      59 -.535541E+01 -.507830E+01 0.262810E+00 -.553546E+01 -.508727E+01 -.458911E+01 -.512058E+01 -.471887E+01 -.466088E+01 -.378090E+01 -.610659E+01 -.546258E+01 -.513654E+01
      60 -.391065E+01 -.405445E+01 0.468001E+00 -.459097E+01 -.398416E+01 -.337861E+01 -.396672E+01 -.352493E+01 -.355587E+01 -.254589E+01 -.565367E+01 -.468580E+01 -.423101E+01
      61 -.172704E+01 -.164359E+01 0.543799E+00 -.209401E+01 -.142208E+01 -.965571E+00 -.141742E+01 -.111592E+01 -.106004E+01 -.242867E+00 -.358364E+01 -.249974E+01 -.178027E+01
      62 0.675139E+00 0.420062E+00 0.442076E+00 0.198833E+00 0.773318E+00 0.941162E+00 0.754210E+00 0.790797E+00 0.101047E+01 0.145170E+01 -.146721E+01 -.560911E+00 0.420773E+00
      63 0.272032E+01 0.226247E+01 0.265379E+00 0.231363E+01 0.265840E+01 0.256127E+01 0.264570E+01 0.239810E+01 0.275524E+01 0.282750E+01 0.808320E+00 0.131260E+01 0.238550E+01
      64 0.412437E+01 0.380500E+01 0.141719E+00 0.407787E+01 0.416294E+01 0.390437E+01 0.417858E+01 0.372446E+01 0.415179E+01 0.397246E+01 0.292696E+01 0.299974E+01 0.398507E+01
      65 0.492796E+01 0.453603E+01 0.930355E-01 0.493128E+01 0.482092E+01 0.450744E+01 0.486518E+01 0.432309E+01 0.475592E+01 0.446849E+01 0.413326E+01 0.390131E+01 0.472076E+01
      66 0.532195E+01 0.504747E+01 0.751699E-01 0.547991E+01 0.526632E+01 0.495892E+01 0.532291E+01 0.478466E+01 0.518104E+01 0.486997E+01 0.492731E+01 0.456175E+01 0.521708E+01
      67 0.549772E+01 0.527882E+01 0.630264E-01 0.569437E+01 0.546380E+01 0.518089E+01 0.551831E+01 0.502312E+01 0.537000E+01 0.505889E+01 0.524132E+01 0.489119E+01 0.543363E+01
      68 0.559195E+01 0.543517E+01 0.515267E-01 0.580465E+01 0.562638E+01 0.535564E+01 0.566650E+01 0.522112E+01 0.550085E+01 0.515665E+01 0.532128E+01 0.510967E+01 0.558037E+01
      69 0.570312E+01 0.556595E+01 0.498466E-01 0.588902E+01 0.579893E+01 0.550929E+01 0.582616E+01 0.540140E+01 0.560776E+01 0.520266E+01 0.530133E+01 0.526763E+01 0.571235E+01
      70 0.593716E+01 0.574282E+01 0.634844E-01 0.602781E+01 0.605714E+01 0.570339E+01 0.607600E+01 0.563057E+01 0.574948E+01 0.527477E+01 0.528471E+01 0.543708E+01 0.590705E+01
      71 0.639585E+01 0.628977E+01 0.912487E-01 0.654284E+01 0.670355E+01 0.626125E+01 0.671631E+01 0.623190E+01 0.625425E+01 0.572081E+01 0.562361E+01 0.595286E+01 0.648267E+01
      72 0.704446E+01 0.698153E+01 0.126284E+00 0.720300E+01 0.746865E+01 0.696976E+01 0.747664E+01 0.697657E+01 0.691892E+01 0.631275E+01 0.609949E+01 0.661509E+01 0.718555E+01
      73 0.762043E+01 0.764238E+01 0.156625E+00 0.783691E+01 0.813134E+01 0.765736E+01 0.814788E+01 0.766997E+01 0.758423E+01 0.687107E+01 0.658256E+01 0.728655E+01 0.780443E+01
      74 0.783702E+01 0.797715E+01 0.170331E+00 0.814685E+01 0.840817E+01 0.800618E+01 0.845379E+01 0.800587E+01 0.793251E+01 0.713354E+01 0.685664E+01 0.769022E+01 0.805100E+01
      75 0.770620E+01 0.777560E+01 0.159738E+00 0.790141E+01 0.814891E+01 0.778523E+01 0.822902E+01 0.779693E+01 0.770939E+01 0.692893E+01 0.673672E+01 0.760602E+01 0.776343E+01
      76 0.752565E+01 0.787348E+01 0.136863E+00 0.793938E+01 0.822862E+01 0.785115E+01 0.832387E+01 0.790785E+01 0.775485E+01 0.709338E+01 0.699492E+01 0.782888E+01 0.782529E+01
      77 0.750243E+01 0.772487E+01 0.101957E+00 0.777891E+01 0.805855E+01 0.770517E+01 0.815001E+01 0.777443E+01 0.759677E+01 0.704328E+01 0.701907E+01 0.773954E+01 0.769143E+01
      78 0.743012E+01 0.756424E+01 0.620552E-01 0.771879E+01 0.778268E+01 0.759053E+01 0.789796E+01 0.757312E+01 0.751317E+01 0.698512E+01 0.707463E+01 0.753433E+01 0.753755E+01
      79 0.677128E+01 0.707039E+01 0.108075E+00 0.742212E+01 0.707614E+01 0.715219E+01 0.731712E+01 0.694981E+01 0.714877E+01 0.658191E+01 0.683927E+01 0.690798E+01 0.698621E+01
      80 0.513902E+01 0.573824E+01 0.263512E+00 0.632607E+01 0.548480E+01 0.584095E+01 0.601906E+01 0.541246E+01 0.593404E+01 0.532858E+01 0.578240E+01 0.541110E+01 0.550769E+01
      81 0.277300E+01 0.351661E+01 0.413870E+00 0.430720E+01 0.302167E+01 0.357771E+01 0.398147E+01 0.298581E+01 0.377540E+01 0.320641E+01 0.381732E+01 0.305757E+01 0.309090E+01
      82 0.368107E+00 0.804743E+00 0.451392E+00 0.169087E+01 0.149557E+00 0.785554E+00 0.147535E+01 0.162892E+00 0.107857E+01 0.619956E+00 0.126210E+01 0.284494E+00 0.222812E+00
      83 -.154492E+01 -.139292E+01 0.366648E+00 -.568811E+00 -.208276E+01 -.147798E+01 -.669097E+00 -.201551E+01 -.113543E+01 -.144457E+01 -.896973E+00 -.188085E+01 -.201715E+01
      84 -.283202E+01 -.289530E+01 0.222111E+00 -.228815E+01 -.348615E+01 -.300415E+01 -.230784E+01 -.339300E+01 -.268536E+01 -.284117E+01 -.242301E+01 -.326456E+01 -.343627E+01
      85 -.356565E+01 -.369188E+01 0.990440E-01 -.341130E+01 -.408486E+01 -.378704E+01 -.333432E+01 -.400219E+01 -.357216E+01 -.359007E+01 -.323722E+01 -.389182E+01 -.407393E+01
      86 -.383557E+01 -.388428E+01 0.478200E-01 -.395094E+01 -.405660E+01 -.394494E+01 -.372103E+01 -.400115E+01 -.389042E+01 -.379569E+01 -.340780E+01 -.391833E+01 -.411501E+01
      87 -.371347E+01 -.384767E+01 0.534470E-01 -.420610E+01 -.383934E+01 -.386600E+01 -.378844E+01 -.380814E+01 -.398580E+01 -.380612E+01 -.332431E+01 -.375284E+01 -.398728E+01
      88 -.329301E+01 -.354385E+01 0.790504E-01 -.411635E+01 -.341412E+01 -.351806E+01 -.351704E+01 -.339833E+01 -.379317E+01 -.355817E+01 -.297357E+01 -.335875E+01 -.365560E+01
      89 -.270004E+01 -.300934E+01 0.103235E+00 -.373345E+01 -.280745E+01 -.293957E+01 -.297814E+01 -.280157E+01 -.334061E+01 -.307533E+01 -.240910E+01 -.276043E+01 -.313847E+01
      90 -.205824E+01 -.268826E+01 0.120792E+00 -.352399E+01 -.244285E+01 -.257366E+01 -.264110E+01 -.244907E+01 -.307602E+01 -.279831E+01 -.209266E+01 -.238756E+01 -.286119E+01
      91 -.145568E+01 -.212156E+01 0.130509E+00 -.303029E+01 -.184790E+01 -.196357E+01 -.206185E+01 -.187312E+01 -.254021E+01 -.226550E+01 -.158171E+01 -.177580E+01 -.234524E+01
      92 -.938412E+00 -.150325E+01 0.138950E+00 -.246691E+01 -.120411E+01 -.130016E+01 -.143852E+01 -.125679E+01 -.193875E+01 -.167548E+01 -.105837E+01 -.110824E+01 -.178063E+01
      93 -.521714E+00 -.111069E+01 0.149824E+00 -.211708E+01 -.783576E+00 -.860826E+00 -.104882E+01 -.872847E+00 -.155477E+01 -.130804E+01 -.787976E+00 -.658551E+00 -.144131E+01
      94 -.201112E+00 -.594611E+00 0.159976E+00 -.161630E+01 -.243761E+00 -.303774E+00 -.538739E+00 -.373331E+00 -.103858E+01 -.811311E+00 -.402096E+00 -.871573E-01 -.970035E+00
      95 0.441533E-01 -.254259E+00 0.174924E+00 -.129045E+01 0.117510E+00 0.763532E-01 -.204694E+00 -.527631E-01 -.699300E+00 -.486835E+00 -.184119E+00 0.310430E+00 -.674792E+00
      96 0.250569E+00 0.133227E+00 0.179866E+00 -.881654E+00 0.503861E+00 0.485532E+00 0.188241E+00 0.306520E+00 -.307636E+00 -.104629E+00 0.122093E+00 0.728552E+00 -.318162E+00
      97 0.467116E+00 0.284165E+00 0.171069E+00 -.679878E+00 0.627821E+00 0.636645E+00 0.364748E+00 0.424291E+00 -.150886E+00 0.511457E-01 0.252871E+00 0.873764E+00 -.184445E+00
      98 0.747234E+00 0.661987E+00 0.148528E+00 -.225731E+00 0.955143E+00 0.991386E+00 0.791721E+00 0.770181E+00 0.233151E+00 0.442139E+00 0.673739E+00 0.120457E+01 0.190955E+00
      99 0.113301E+01 0.139131E+01 0.124576E+00 0.573074E+00 0.162722E+01 0.168796E+01 0.158495E+01 0.147837E+01 0.965326E+00 0.118940E+01 0.146598E+01 0.186409E+01 0.924103E+00
     100 0.163834E+01 0.197613E+01 0.108922E+00 0.118429E+01 0.216108E+01 0.224721E+01 0.223452E+01 0.205746E+01 0.154802E+01 0.179806E+01 0.208140E+01 0.237754E+01 0.151136E+01
     101 0.226486E+01 0.290758E+01 0.996266E-01 0.210652E+01 0.304601E+01 0.316369E+01 0.321262E+01 0.299303E+01 0.247916E+01 0.276185E+01 0.299620E+01 0.324121E+01 0.245310E+01
     102 0.306030E+01 0.362086E+01 0.915979E-01 0.280019E+01 0.369354E+01 0.384025E+01 0.399539E+01 0.372379E+01 0.318467E+01 0.351532E+01 0.379522E+01 0.385037E+01 0.318323E+01
     103 0.411632E+01 0.476657E+01 0.880976E-01 0.392780E+01 0.477569E+01 0.494936E+01 0.518031E+01 0.489532E+01 0.432806E+01 0.470455E+01 0.502082E+01 0.489105E+01 0.435216E+01
     104 0.542059E+01 0.608014E+01 0.761170E-01 0.529803E+01 0.606983E+01 0.622069E+01 0.647260E+01 0.624055E+01 0.567935E+01 0.605731E+01 0.636311E+01 0.612202E+01 0.570423E+01
     105 0.672750E+01 0.719145E+01 0.501828E-01 0.656887E+01 0.723677E+01 0.730793E+01 0.747299E+01 0.735996E+01 0.689482E+01 0.719153E+01 0.736181E+01 0.722754E+01 0.687198E+01
     106 0.767874E+01 0.820447E+01 0.259144E-01 0.781031E+01 0.834682E+01 0.832121E+01 0.832920E+01 0.833939E+01 0.805521E+01 0.820603E+01 0.816136E+01 0.830954E+01 0.795721E+01
     107 0.811140E+01 0.862183E+01 0.189537E-01 0.842847E+01 0.882486E+01 0.874477E+01 0.862633E+01 0.870311E+01 0.859653E+01 0.861991E+01 0.838246E+01 0.879936E+01 0.845864E+01
     108 0.820566E+01 0.863111E+01 0.205626E-01 0.851750E+01 0.883132E+01 0.875921E+01 0.858418E+01 0.867820E+01 0.866352E+01 0.863879E+01 0.826108E+01 0.883625E+01 0.853782E+01
     109 0.821199E+01 0.860006E+01 0.220815E-01 0.849842E+01 0.878509E+01 0.873147E+01 0.855959E+01 0.864908E+01 0.865558E+01 0.860168E+01 0.819101E+01 0.880684E+01 0.854122E+01
     110 0.807417E+01 0.843945E+01 0.288754E-01 0.842547E+01 0.868956E+01 0.858182E+01 0.847692E+01 0.850679E+01 0.852859E+01 0.833920E+01 0.816486E+01 0.871189E+01 0.832653E+01
     111 0.756299E+01 0.798951E+01 0.819734E-01 0.819295E+01 0.844296E+01 0.817569E+01 0.815240E+01 0.803713E+01 0.812570E+01 0.767598E+01 0.799819E+01 0.848056E+01 0.764710E+01
     112 0.671254E+01 0.707945E+01 0.198212E+00 0.744973E+01 0.779841E+01 0.735558E+01 0.730467E+01 0.705815E+01 0.724041E+01 0.658803E+01 0.726638E+01 0.787625E+01 0.634461E+01
     113 0.581679E+01 0.604384E+01 0.327747E+00 0.642286E+01 0.699376E+01 0.643523E+01 0.621927E+01 0.594728E+01 0.620931E+01 0.549993E+01 0.615594E+01 0.712332E+01 0.489158E+01
     114 0.503996E+01 0.532883E+01 0.419403E+00 0.561010E+01 0.641985E+01 0.581613E+01 0.539734E+01 0.518557E+01 0.550671E+01 0.482889E+01 0.521246E+01 0.659388E+01 0.389691E+01
     115 0.428057E+01 0.439943E+01 0.449126E+00 0.457780E+01 0.554561E+01 0.493581E+01 0.437866E+01 0.423439E+01 0.461270E+01 0.397154E+01 0.409296E+01 0.574448E+01 0.287891E+01
     116 0.332174E+01 0.341465E+01 0.449077E+00 0.353711E+01 0.459215E+01 0.396729E+01 0.333566E+01 0.322402E+01 0.369191E+01 0.304995E+01 0.302346E+01 0.479607E+01 0.191887E+01
     117 0.200414E+01 0.172374E+01 0.441016E+00 0.184573E+01 0.292772E+01 0.226386E+01 0.159979E+01 0.149183E+01 0.208349E+01 0.141703E+01 0.133770E+01 0.311193E+01 0.309618E+00
     118 0.388179E+00 0.184155E+00 0.401252E+00 0.327224E+00 0.136321E+01 0.668123E+00 0.908890E-03 -.877631E-01 0.604673E+00 -.451389E-01 -.164587E+00 0.150129E+01 -.109465E+01
     119 -.118455E+01 -.177498E+01 0.294978E+00 -.163435E+01 -.745418E+00 -.139619E+01 -.204679E+01 -.204398E+01 -.136963E+01 -.188881E+01 -.213741E+01 -.674995E+00 -.285388E+01
     120 -.228059E+01 -.263626E+01 0.172247E+00 -.253657E+01 -.187531E+01 -.237636E+01 -.300531E+01 -.283282E+01 -.232710E+01 -.260726E+01 -.310950E+01 -.189177E+01 -.348137E+01
     121 -.267198E+01 -.283905E+01 0.126485E+00 -.279651E+01 -.237596E+01 -.265780E+01 -.329784E+01 -.289577E+01 -.266278E+01 -.265913E+01 -.354084E+01 -.251195E+01 -.349137E+01
     122 -.241472E+01 -.243243E+01 0.176056E+00 -.243825E+01 -.219829E+01 -.226868E+01 -.295252E+01 -.231969E+01 -.237401E+01 -.212547E+01 -.341426E+01 -.248634E+01 -.294678E+01
     123 -.171000E+01 -.147406E+01 0.251458E+00 -.151782E+01 -.137680E+01 -.129188E+01 -.200927E+01 -.121044E+01 -.149860E+01 -.108511E+01 -.267811E+01 -.182237E+01 -.185617E+01
     124 -.774932E+00 -.487127E+00 0.291404E+00 -.562499E+00 -.448451E+00 -.275132E+00 -.993772E+00 -.118885E+00 -.558264E+00 -.607344E-01 -.180036E+01 -.103086E+01 -.726463E+00
     125 0.203920E+00 0.579990E+00 0.276613E+00 0.476948E+00 0.611832E+00 0.817357E+00 0.134037E+00 0.996860E+00 0.496706E+00 0.101330E+01 -.710812E+00 -.646549E-01 0.479505E+00
     126 0.108634E+01 0.165778E+01 0.227761E+00 0.153484E+01 0.171154E+01 0.191220E+01 0.128821E+01 0.207711E+01 0.159226E+01 0.208344E+01 0.493263E+00 0.993553E+00 0.166233E+01
     127 0.179401E+01 0.229164E+01 0.172614E+00 0.216242E+01 0.237853E+01 0.255352E+01 0.199843E+01 0.268312E+01 0.226230E+01 0.270003E+01 0.130969E+01 0.167238E+01 0.234901E+01
     128 0.231611E+01 0.278725E+01 0.130233E+00 0.265791E+01 0.290432E+01 0.305044E+01 0.255670E+01 0.314128E+01 0.279852E+01 0.318152E+01 0.199437E+01 0.224063E+01 0.285936E+01
     129 0.269435E+01 0.305901E+01 0.102391E+00 0.293121E+01 0.319823E+01 0.331864E+01 0.287119E+01 0.337600E+01 0.310377E+01 0.344082E+01 0.242917E+01 0.259241E+01 0.312424E+01
     130 0.299218E+01 0.333998E+01 0.826314E-01 0.321514E+01 0.349228E+01 0.359166E+01 0.317731E+01 0.362337E+01 0.340638E+01 0.370472E+01 0.283666E+01 0.295245E+01 0.338877E+01
     131 0.325714E+01 0.358103E+01 0.669011E-01 0.346239E+01 0.373605E+01 0.382122E+01 0.343161E+01 0.383882E+01 0.365594E+01 0.392106E+01 0.316135E+01 0.326047E+01 0.361430E+01
     132 0.348761E+01 0.373878E+01 0.543116E-01 0.363812E+01 0.388361E+01 0.396589E+01 0.360440E+01 0.398774E+01 0.381249E+01 0.404757E+01 0.336428E+01 0.345633E+01 0.376526E+01
     133 0.362911E+01 0.390015E+01 0.481767E-01 0.383144E+01 0.401986E+01 0.411853E+01 0.379181E+01 0.416398E+01 0.397081E+01 0.418742E+01 0.354983E+01 0.360853E+01 0.393335E+01
     134 0.363565E+01 0.395137E+01 0.524621E-01 0.392106E+01 0.402904E+01 0.417623E+01 0.387259E+01 0.426034E+01 0.402100E+01 0.424841E+01 0.360805E+01 0.358175E+01 0.401634E+01
     135 0.358291E+01 0.387011E+01 0.704083E-01 0.384843E+01 0.390110E+01 0.413444E+01 0.377237E+01 0.424565E+01 0.393434E+01 0.422327E+01 0.348445E+01 0.336188E+01 0.400669E+01
     136 0.369703E+01 0.395072E+01 0.101250E+00 0.388321E+01 0.395620E+01 0.428780E+01 0.373544E+01 0.438391E+01 0.399346E+01 0.437476E+01 0.343769E+01 0.331243E+01 0.418868E+01
     137 0.414628E+01 0.447108E+01 0.137194E+00 0.434802E+01 0.448757E+01 0.488738E+01 0.409173E+01 0.493832E+01 0.448502E+01 0.492769E+01 0.377604E+01 0.377846E+01 0.479315E+01
     138 0.476247E+01 0.494841E+01 0.152173E+00 0.484477E+01 0.499841E+01 0.541630E+01 0.450394E+01 0.544050E+01 0.495667E+01 0.538658E+01 0.412947E+01 0.427625E+01 0.528363E+01
     139 0.517234E+01 0.542131E+01 0.131962E+00 0.541054E+01 0.547925E+01 0.588250E+01 0.507220E+01 0.592685E+01 0.545666E+01 0.582904E+01 0.464707E+01 0.479186E+01 0.570492E+01
     140 0.528868E+01 0.557483E+01 0.954460E-01 0.562579E+01 0.558119E+01 0.595650E+01 0.534893E+01 0.604126E+01 0.563940E+01 0.596250E+01 0.498461E+01 0.498889E+01 0.580660E+01
     141 0.536819E+01 0.556494E+01 0.644108E-01 0.560956E+01 0.549038E+01 0.582708E+01 0.538261E+01 0.594346E+01 0.563684E+01 0.592930E+01 0.517677E+01 0.502681E+01 0.577953E+01
     142 0.557734E+01 0.566358E+01 0.435475E-01 0.569613E+01 0.554601E+01 0.582955E+01 0.549328E+01 0.595691E+01 0.572787E+01 0.598317E+01 0.542577E+01 0.519629E+01 0.585779E+01
     143 0.582779E+01 0.581926E+01 0.209835E-01 0.587251E+01 0.573006E+01 0.591571E+01 0.571648E+01 0.602115E+01 0.587511E+01 0.603849E+01 0.572051E+01 0.550758E+01 0.593818E+01
     144 0.597564E+01 0.581881E+01 0.948742E-02 0.588620E+01 0.580098E+01 0.583597E+01 0.583465E+01 0.588683E+01 0.586924E+01 0.586512E+01 0.587876E+01 0.575340E+01 0.583311E+01
     145 0.595296E+01 0.567002E+01 0.282991E-01 0.571578E+01 0.572656E+01 0.559003E+01 0.581935E+01 0.557278E+01 0.571976E+01 0.549848E+01 0.588754E+01 0.588326E+01 0.559996E+01
     146 0.573383E+01 0.539891E+01 0.637497E-01 0.540146E+01 0.550513E+01 0.524270E+01 0.565545E+01 0.517287E+01 0.545179E+01 0.504537E+01 0.571077E+01 0.581969E+01 0.529389E+01
     147 0.531483E+01 0.483077E+01 0.898816E-01 0.478642E+01 0.497529E+01 0.464760E+01 0.515756E+01 0.454462E+01 0.488349E+01 0.435716E+01 0.514278E+01 0.535840E+01 0.473667E+01
     148 0.473847E+01 0.428089E+01 0.102769E+00 0.418586E+01 0.447508E+01 0.412055E+01 0.464201E+01 0.399668E+01 0.432013E+01 0.372701E+01 0.450339E+01 0.482848E+01 0.424167E+01
     149 0.407729E+01 0.359152E+01 0.110881E+00 0.344508E+01 0.384902E+01 0.349016E+01 0.395519E+01 0.335669E+01 0.360081E+01 0.298431E+01 0.366439E+01 0.408872E+01 0.364177E+01
     150 0.338204E+01 0.293843E+01 0.124566E+00 0.274807E+01 0.326161E+01 0.291303E+01 0.328609E+01 0.278265E+01 0.291151E+01 0.229908E+01 0.283382E+01 0.334125E+01 0.309239E+01
     151 0.265864E+01 0.231512E+01 0.148652E+00 0.209408E+01 0.270177E+01 0.236950E+01 0.263818E+01 0.225301E+01 0.225352E+01 0.165908E+01 0.202284E+01 0.260272E+01 0.256895E+01
     152 0.189557E+01 0.180846E+01 0.181282E+00 0.156997E+01 0.225638E+01 0.193739E+01 0.210039E+01 0.184007E+01 0.171368E+01 0.114827E+01 0.133628E+01 0.197798E+01 0.214588E+01
     153 0.110147E+01 0.109932E+01 0.215069E+00 0.852523E+00 0.160401E+01 0.128875E+01 0.135259E+01 0.120996E+01 0.968559E+00 0.447012E+00 0.481458E+00 0.116218E+01 0.149872E+01
     154 0.320732E+00 0.407848E+00 0.234753E+00 0.160098E+00 0.950833E+00 0.633480E+00 0.613944E+00 0.569554E+00 0.237619E+00 -.216010E+00 -.286997E+00 0.385411E+00 0.841999E+00
     155 -.372046E+00 -.186993E+00 0.221935E+00 -.426597E+00 0.352343E+00 0.411497E-01 -.339630E-01 -.138181E-01 -.390581E+00 -.749395E+00 -.858800E+00 -.263558E+00 0.246145E+00
     156 -.887998E+00 -.873775E+00 0.176042E+00 -.109803E+01 -.390566E+00 -.674751E+00 -.773709E+00 -.730258E+00 -.108883E+01 -.134394E+01 -.142694E+01 -.969327E+00 -.476524E+00
     157 -.114695E+01 -.139397E+01 0.115045E+00 -.160268E+01 -.101109E+01 -.124540E+01 -.134050E+01 -.131227E+01 -.158445E+01 -.175945E+01 -.176994E+01 -.147454E+01 -.105850E+01
     158 -.110569E+01 -.125140E+01 0.635179E-01 -.145268E+01 -.983881E+00 -.116401E+01 -.122989E+01 -.124393E+01 -.138218E+01 -.153697E+01 -.145021E+01 -.128428E+01 -.990627E+00
     159 -.786655E+00 -.993476E+00 0.344623E-01 -.119402E+01 -.827951E+00 -.965719E+00 -.989152E+00 -.105095E+01 -.105035E+01 -.123490E+01 -.105699E+01 -.962471E+00 -.806530E+00
     160 -.293222E+00 -.668947E+00 0.246170E-01 -.868147E+00 -.570730E+00 -.689539E+00 -.666253E+00 -.763768E+00 -.665003E+00 -.903864E+00 -.662420E+00 -.575633E+00 -.541433E+00
     161 0.215094E+00 -.163037E+00 0.226335E-01 -.353714E+00 -.935192E-01 -.217123E+00 -.145660E+00 -.263536E+00 -.126699E+00 -.421242E+00 -.146820E+00 -.203587E-01 -.744357E-01
     162 0.603197E+00 0.284507E+00 0.209998E-01 0.110903E+00 0.352128E+00 0.219117E+00 0.323609E+00 0.197869E+00 0.314928E+00 0.162436E-01 0.276227E+00 0.446725E+00 0.355824E+00
     163 0.858053E+00 0.652299E+00 0.184710E-01 0.487293E+00 0.725665E+00 0.607383E+00 0.687594E+00 0.569588E+00 0.641956E+00 0.453060E+00 0.627492E+00 0.784395E+00 0.731477E+00
     164 0.111724E+01 0.101964E+01 0.232029E-01 0.843594E+00 0.110321E+01 0.101807E+01 0.101508E+01 0.920647E+00 0.955933E+00 0.951744E+00 0.999591E+00 0.108338E+01 0.113368E+01
     165 0.158442E+01 0.156232E+01 0.418045E-01 0.135340E+01 0.165691E+01 0.160573E+01 0.147975E+01 0.142595E+01 0.146466E+01 0.164797E+01 0.157089E+01 0.153935E+01 0.173774E+01
     166 0.240075E+01 0.246993E+01 0.696941E-01 0.222276E+01 0.257505E+01 0.254215E+01 0.229698E+01 0.229120E+01 0.236651E+01 0.268570E+01 0.251550E+01 0.236530E+01 0.272021E+01
     167 0.358124E+01 0.354707E+01 0.920935E-01 0.327266E+01 0.365661E+01 0.362505E+01 0.329848E+01 0.333664E+01 0.346339E+01 0.384766E+01 0.362712E+01 0.338389E+01 0.386598E+01
     168 0.503186E+01 0.498842E+01 0.100316E+00 0.470883E+01 0.510151E+01 0.506663E+01 0.470011E+01 0.476990E+01 0.493552E+01 0.533170E+01 0.509484E+01 0.479177E+01 0.535851E+01
     169 0.657880E+01 0.659887E+01 0.914733E-01 0.634260E+01 0.672850E+01 0.669246E+01 0.632211E+01 0.640642E+01 0.658011E+01 0.693729E+01 0.671953E+01 0.639275E+01 0.699809E+01
     170 0.798209E+01 0.801469E+01 0.742741E-01 0.781006E+01 0.819122E+01 0.815479E+01 0.780317E+01 0.788593E+01 0.802767E+01 0.829464E+01 0.813163E+01 0.781406E+01 0.842157E+01
     171 0.899966E+01 0.923096E+01 0.645791E-01 0.909415E+01 0.948280E+01 0.944382E+01 0.911650E+01 0.918908E+01 0.926551E+01 0.941470E+01 0.932472E+01 0.903656E+01 0.962432E+01
     172 0.953990E+01 0.985156E+01 0.665878E-01 0.977166E+01 0.101729E+02 0.101308E+02 0.982051E+01 0.988412E+01 0.988987E+01 0.994189E+01 0.991107E+01 0.965564E+01 0.102141E+02
     173 0.973943E+01 0.101590E+02 0.709430E-01 0.101097E+02 0.105143E+02 0.104747E+02 0.101705E+02 0.102299E+02 0.101840E+02 0.101870E+02 0.101871E+02 0.995590E+01 0.104861E+02
     174 0.979473E+01 0.102399E+02 0.671190E-01 0.102019E+02 0.105993E+02 0.105464E+02 0.102733E+02 0.103218E+02 0.102514E+02 0.101951E+02 0.102413E+02 0.100489E+02 0.105416E+02
     175 0.974403E+01 0.101804E+02 0.571097E-01 0.101520E+02 0.105417E+02 0.104449E+02 0.102451E+02 0.102838E+02 0.101811E+02 0.100288E+02 0.101521E+02 0.100232E+02 0.104581E+02
     176 0.949271E+01 0.996988E+01 0.501573E-01 0.995682E+01 0.103455E+02 0.101877E+02 0.100788E+02 0.101365E+02 0.994245E+01 0.971927E+01 0.990302E+01 0.984032E+01 0.101998E+02
     177 0.899053E+01 0.947810E+01 0.536393E-01 0.948772E+01 0.988067E+01 0.967356E+01 0.963567E+01 0.975306E+01 0.939145E+01 0.918656E+01 0.936848E+01 0.934244E+01 0.962586E+01
     178 0.828548E+01 0.879725E+01 0.683668E-01 0.883725E+01 0.922634E+01 0.901467E+01 0.899835E+01 0.917963E+01 0.864649E+01 0.853719E+01 0.866111E+01 0.862722E+01 0.885660E+01
     179 0.743534E+01 0.791422E+01 0.922609E-01 0.799246E+01 0.836312E+01 0.819646E+01 0.816083E+01 0.837593E+01 0.772212E+01 0.772308E+01 0.777418E+01 0.771101E+01 0.790209E+01
     180 0.645015E+01 0.685698E+01 0.124368E+00 0.697681E+01 0.730908E+01 0.724041E+01 0.715727E+01 0.735821E+01 0.665647E+01 0.674072E+01 0.673461E+01 0.665288E+01 0.680201E+01
     181 0.531233E+01 0.586094E+01 0.166835E+00 0.601866E+01 0.628822E+01 0.637266E+01 0.622350E+01 0.636114E+01 0.568019E+01 0.580559E+01 0.577405E+01 0.570874E+01 0.579540E+01
     182 0.401043E+01 0.458843E+01 0.220654E+00 0.477445E+01 0.495509E+01 0.523890E+01 0.501500E+01 0.505038E+01 0.444631E+01 0.457108E+01 0.455070E+01 0.454350E+01 0.454151E+01
     183 0.255717E+01 0.315513E+01 0.273824E+00 0.335709E+01 0.342535E+01 0.392367E+01 0.363478E+01 0.354503E+01 0.306185E+01 0.315012E+01 0.317320E+01 0.325522E+01 0.314422E+01
     184 0.100569E+01 0.139552E+01 0.298397E+00 0.159960E+01 0.153968E+01 0.222818E+01 0.189987E+01 0.167957E+01 0.135554E+01 0.138496E+01 0.146740E+01 0.164694E+01 0.142304E+01
     185 -.531050E+00 -.370663E+00 0.265361E+00 -.181307E+00 -.363712E+00 0.441974E+00 0.110558E+00 -.221228E+00 -.358207E+00 -.391626E+00 -.258158E+00 -.269486E-02 -.314174E+00
     186 -.188680E+01 -.165688E+01 0.184070E+00 -.149971E+01 -.176751E+01 -.953376E+00 -.125194E+01 -.164826E+01 -.159941E+01 -.168094E+01 -.152487E+01 -.123917E+01 -.158562E+01
     187 -.290090E+01 -.272421E+01 0.990608E-01 -.260999E+01 -.290794E+01 -.219271E+01 -.243114E+01 -.283120E+01 -.263541E+01 -.274196E+01 -.259392E+01 -.232704E+01 -.265022E+01
     188 -.349766E+01 -.340132E+01 0.430418E-01 -.333554E+01 -.361400E+01 -.306609E+01 -.322895E+01 -.357531E+01 -.330073E+01 -.341686E+01 -.328815E+01 -.306708E+01 -.332984E+01
     189 -.370798E+01 -.367051E+01 0.170981E-01 -.366173E+01 -.388626E+01 -.352375E+01 -.361076E+01 -.385151E+01 -.358271E+01 -.370392E+01 -.358441E+01 -.340663E+01 -.360279E+01
     190 -.360878E+01 -.365370E+01 0.101357E-01 -.371188E+01 -.386139E+01 -.366145E+01 -.368872E+01 -.378150E+01 -.360238E+01 -.372668E+01 -.360061E+01 -.344668E+01 -.359320E+01
     191 -.325128E+01 -.331317E+01 0.152013E-01 -.346006E+01 -.349644E+01 -.344256E+01 -.343226E+01 -.331521E+01 -.332711E+01 -.343481E+01 -.330232E+01 -.316079E+01 -.328042E+01
     192 -.266025E+01 -.277169E+01 0.317619E-01 -.301353E+01 -.290084E+01 -.299095E+01 -.296150E+01 -.261067E+01 -.286378E+01 -.292265E+01 -.280410E+01 -.268954E+01 -.278668E+01
     193 -.190835E+01 -.205514E+01 0.473856E-01 -.236331E+01 -.209596E+01 -.232496E+01 -.228587E+01 -.176353E+01 -.220413E+01 -.219296E+01 -.211469E+01 -.206149E+01 -.212020E+01
     194 -.116681E+01 -.139482E+01 0.477216E-01 -.171090E+01 -.132921E+01 -.167330E+01 -.162393E+01 -.106275E+01 -.154980E+01 -.147806E+01 -.145440E+01 -.149320E+01 -.149180E+01
     195 -.620065E+00 -.818346E+00 0.364699E-01 -.108351E+01 -.675685E+00 -.107578E+01 -.101357E+01 -.536608E+00 -.934196E+00 -.839805E+00 -.857792E+00 -.976298E+00 -.916495E+00
     196 -.304670E+00 -.440466E+00 0.224058E-01 -.626604E+00 -.293030E+00 -.661857E+00 -.596153E+00 -.244658E+00 -.509967E+00 -.426935E+00 -.457776E+00 -.596271E+00 -.515106E+00
     197 -.805857E-01 -.155372E+00 0.117175E-01 -.281265E+00 -.661702E-01 -.331831E+00 -.283927E+00 -.271452E-01 -.203110E+00 -.139520E+00 -.164032E+00 -.250904E+00 -.204688E+00
     198 0.214331E+00 0.183649E+00 0.722016E-02 0.771120E-01 0.196960E+00 0.612590E-01 0.722448E-01 0.265774E+00 0.134850E+00 0.186643E+00 0.166213E+00 0.178668E+00 0.142238E+00
     199 0.621255E+00 0.621298E+00 0.726166E-02 0.500723E+00 0.576056E+00 0.554147E+00 0.522838E+00 0.664402E+00 0.565480E+00 0.609558E+00 0.584243E+00 0.707233E+00 0.570018E+00
     200 0.107928E+01 0.104250E+01 0.907706E-02 0.902207E+00 0.954410E+00 0.102364E+01 0.955649E+00 0.104555E+01 0.987731E+00 0.101648E+01 0.987879E+00 0.120677E+01 0.981408E+00
