       1 0.800061E+01 0.800077E+01 0.105185E-01 0.801034E+01 0.802574E+01 0.808696E+01 0.805871E+01 0.807313E+01 0.789491E+01 0.817385E+01 0.797025E+01 0.814232E+01 0.790338E+01
       2 0.800213E+01 0.803153E+01 0.120956E-01 0.804883E+01 0.799357E+01 0.817306E+01 0.812576E+01 0.807787E+01 0.795802E+01 0.824076E+01 0.790905E+01 0.820298E+01 0.795625E+01
       3 0.800358E+01 0.801406E+01 0.211736E-01 0.805111E+01 0.789908E+01 0.817281E+01 0.812482E+01 0.807762E+01 0.802415E+01 0.821322E+01 0.776653E+01 0.816354E+01 0.798593E+01
       4 0.800310E+01 0.800447E+01 0.497601E-01 0.809193E+01 0.784365E+01 0.809760E+01 0.810666E+01 0.814576E+01 0.815309E+01 0.812985E+01 0.766333E+01 0.801981E+01 0.799820E+01
       5 0.799838E+01 0.801713E+01 0.969552E-01 0.820513E+01 0.789559E+01 0.791732E+01 0.806894E+01 0.829316E+01 0.831719E+01 0.802271E+01 0.771084E+01 0.778412E+01 0.794124E+01
       6 0.798793E+01 0.814140E+01 0.143740E+00 0.849238E+01 0.817630E+01 0.771297E+01 0.807908E+01 0.856151E+01 0.851988E+01 0.803664E+01 0.805814E+01 0.765288E+01 0.789197E+01
       7 0.797304E+01 0.813481E+01 0.183096E+00 0.869151E+01 0.842298E+01 0.733524E+01 0.790300E+01 0.861574E+01 0.843193E+01 0.799311E+01 0.840315E+01 0.755480E+01 0.770984E+01
       8 0.795965E+01 0.850735E+01 0.235433E+00 0.922954E+01 0.908929E+01 0.750774E+01 0.810958E+01 0.883667E+01 0.851107E+01 0.844954E+01 0.910211E+01 0.812117E+01 0.805798E+01
       9 0.795858E+01 0.849419E+01 0.320077E+00 0.917036E+01 0.925987E+01 0.769549E+01 0.808212E+01 0.844958E+01 0.810155E+01 0.864961E+01 0.914113E+01 0.854629E+01 0.826063E+01
      10 0.798251E+01 0.797824E+01 0.423195E+00 0.827142E+01 0.868714E+01 0.766926E+01 0.777726E+01 0.750589E+01 0.730780E+01 0.842263E+01 0.833089E+01 0.860738E+01 0.809988E+01
      11 0.803901E+01 0.876350E+01 0.477329E+00 0.851058E+01 0.919736E+01 0.887135E+01 0.891552E+01 0.810000E+01 0.808839E+01 0.944243E+01 0.868531E+01 0.979699E+01 0.909096E+01
      12 0.812080E+01 0.768914E+01 0.547893E+00 0.675018E+01 0.755712E+01 0.821868E+01 0.842349E+01 0.705147E+01 0.723569E+01 0.848534E+01 0.711007E+01 0.886296E+01 0.796782E+01
      13 0.819659E+01 0.809050E+01 0.541278E+00 0.682603E+01 0.748163E+01 0.879230E+01 0.927848E+01 0.774392E+01 0.797741E+01 0.878263E+01 0.739456E+01 0.878327E+01 0.796744E+01
      14 0.820914E+01 0.758818E+01 0.589113E+00 0.639388E+01 0.673456E+01 0.828300E+01 0.902795E+01 0.768138E+01 0.778432E+01 0.803736E+01 0.706493E+01 0.725271E+01 0.689701E+01
      15 0.809022E+01 0.693249E+01 0.718513E+00 0.629593E+01 0.620634E+01 0.743112E+01 0.801254E+01 0.759898E+01 0.734163E+01 0.693614E+01 0.701287E+01 0.532008E+01 0.583354E+01
      16 0.780182E+01 0.675683E+01 0.734787E+00 0.677109E+01 0.641759E+01 0.691532E+01 0.702187E+01 0.774983E+01 0.716554E+01 0.644209E+01 0.739101E+01 0.477566E+01 0.576860E+01
      17 0.739527E+01 0.666022E+01 0.704135E+00 0.722957E+01 0.678596E+01 0.644711E+01 0.599764E+01 0.775334E+01 0.700301E+01 0.618728E+01 0.778020E+01 0.499950E+01 0.607871E+01
      18 0.704364E+01 0.706453E+01 0.700772E+00 0.797226E+01 0.754976E+01 0.652815E+01 0.579095E+01 0.804012E+01 0.737740E+01 0.656649E+01 0.845732E+01 0.592916E+01 0.698044E+01
      19 0.699205E+01 0.625381E+01 0.656604E+00 0.723668E+01 0.690245E+01 0.546701E+01 0.479032E+01 0.692542E+01 0.664434E+01 0.576563E+01 0.759864E+01 0.566845E+01 0.669679E+01
      20 0.744464E+01 0.730770E+01 0.559530E+00 0.811137E+01 0.790420E+01 0.639413E+01 0.601692E+01 0.756275E+01 0.787010E+01 0.681307E+01 0.828148E+01 0.724379E+01 0.813822E+01
      21 0.848566E+01 0.931218E+01 0.549760E+00 0.980553E+01 0.974098E+01 0.830321E+01 0.830864E+01 0.912409E+01 0.101431E+02 0.877682E+01 0.971079E+01 0.980394E+01 0.103641E+02
      22 0.999887E+01 0.105356E+02 0.543544E+00 0.106368E+02 0.107399E+02 0.957335E+01 0.100051E+02 0.992795E+01 0.116267E+02 0.997801E+01 0.102511E+02 0.114502E+02 0.114020E+02
      23 0.113380E+02 0.120980E+02 0.477892E+00 0.119224E+02 0.121242E+02 0.114489E+02 0.121955E+02 0.111900E+02 0.132045E+02 0.115746E+02 0.113102E+02 0.130108E+02 0.122687E+02
      24 0.108565E+02 0.108646E+02 0.654235E+00 0.107162E+02 0.108865E+02 0.109270E+02 0.115659E+02 0.979647E+01 0.113429E+02 0.104811E+02 0.998200E+01 0.112213E+02 0.100311E+02
      25 0.664039E+01 0.637097E+01 0.117349E+01 0.654606E+01 0.661002E+01 0.727570E+01 0.706552E+01 0.558889E+01 0.562345E+01 0.642655E+01 0.602320E+01 0.592467E+01 0.506967E+01
      26 -.337361E+00 -.117432E+01 0.108851E+01 -.833107E+00 -.784838E+00 0.539349E-01 -.109448E+01 -.115223E+01 -.269156E+01 -.439703E+00 -.787084E+00 -.205724E+01 -.199052E+01
      27 -.520856E+01 -.594453E+01 0.621064E+00 -.583878E+01 -.575745E+01 -.517875E+01 -.635915E+01 -.493060E+01 -.716210E+01 -.469876E+01 -.520570E+01 -.681929E+01 -.597785E+01
      28 -.500390E+01 -.554511E+01 0.587481E+00 -.583028E+01 -.579554E+01 -.554644E+01 -.590012E+01 -.371795E+01 -.601165E+01 -.435363E+01 -.489331E+01 -.640839E+01 -.527308E+01
      29 -.235176E+01 -.237705E+01 0.427611E+00 -.276826E+01 -.280568E+01 -.262125E+01 -.217205E+01 -.662309E+00 -.255286E+01 -.192503E+01 -.206723E+01 -.329304E+01 -.233845E+01
      30 -.140778E+01 -.769251E+00 0.167331E+00 -.948852E+00 -.906770E+00 -.711018E+00 -.170662E+00 0.417813E-01 -.113890E+01 -.850513E+00 -.691634E+00 -.148920E+01 -.914225E+00
      31 -.190766E+01 -.135770E+01 0.674195E-01 -.137329E+01 -.120194E+01 -.107226E+01 -.941038E+00 -.107978E+01 -.186844E+01 -.125352E+01 -.122560E+01 -.178214E+01 -.140425E+01
      32 -.220742E+01 -.179246E+01 0.578867E-01 -.178469E+01 -.156848E+01 -.145252E+01 -.167370E+01 -.159388E+01 -.234553E+01 -.147729E+01 -.162195E+01 -.204881E+01 -.175838E+01
      33 -.220340E+01 -.199765E+01 0.673620E-01 -.198648E+01 -.176336E+01 -.162786E+01 -.207232E+01 -.187075E+01 -.255738E+01 -.160276E+01 -.183014E+01 -.214689E+01 -.193249E+01
      34 -.205451E+01 -.192085E+01 0.689320E-01 -.187997E+01 -.165328E+01 -.153742E+01 -.211059E+01 -.193562E+01 -.243164E+01 -.149667E+01 -.174175E+01 -.197744E+01 -.181319E+01
      35 -.175821E+01 -.178954E+01 0.673268E-01 -.174399E+01 -.152812E+01 -.139717E+01 -.201877E+01 -.187052E+01 -.227543E+01 -.133799E+01 -.158361E+01 -.178807E+01 -.168548E+01
      36 -.130576E+01 -.129994E+01 0.626349E-01 -.130459E+01 -.111745E+01 -.902055E+00 -.149739E+01 -.131846E+01 -.180532E+01 -.846178E+00 -.108311E+01 -.128058E+01 -.127268E+01
      37 -.783751E+00 -.768522E+00 0.584418E-01 -.834279E+00 -.687149E+00 -.380778E+00 -.893574E+00 -.668229E+00 -.129571E+01 -.361361E+00 -.564906E+00 -.774545E+00 -.828033E+00
      38 -.197054E+00 -.712868E-01 0.608155E-01 -.196588E+00 -.965594E-01 0.302651E+00 -.105283E+00 0.173214E+00 -.620008E+00 0.281006E+00 0.121600E+00 -.135794E+00 -.217934E+00
      39 0.441670E+00 0.612798E+00 0.698412E-01 0.413797E+00 0.471991E+00 0.962004E+00 0.653216E+00 0.996239E+00 0.562466E-01 0.919178E+00 0.787252E+00 0.490824E+00 0.367004E+00
      40 0.104808E+01 0.119632E+01 0.799316E-01 0.931300E+00 0.951694E+00 0.151038E+01 0.128123E+01 0.167009E+01 0.646496E+00 0.145562E+01 0.133425E+01 0.104771E+01 0.861812E+00
      41 0.161500E+01 0.182180E+01 0.919376E-01 0.151434E+01 0.149181E+01 0.211031E+01 0.194829E+01 0.235623E+01 0.127438E+01 0.204102E+01 0.193248E+01 0.165703E+01 0.140761E+01
      42 0.222175E+01 0.242452E+01 0.108429E+00 0.208131E+01 0.201864E+01 0.270181E+01 0.259113E+01 0.302022E+01 0.187228E+01 0.262702E+01 0.253411E+01 0.223004E+01 0.192995E+01
      43 0.287875E+01 0.312962E+01 0.123301E+00 0.273842E+01 0.265837E+01 0.339230E+01 0.330894E+01 0.378567E+01 0.258002E+01 0.333247E+01 0.324994E+01 0.289355E+01 0.258755E+01
      44 0.346253E+01 0.374463E+01 0.131460E+00 0.329170E+01 0.321846E+01 0.397084E+01 0.390007E+01 0.446960E+01 0.321078E+01 0.393708E+01 0.386337E+01 0.345855E+01 0.322302E+01
      45 0.380508E+01 0.378043E+01 0.132652E+00 0.328691E+01 0.322312E+01 0.394053E+01 0.388522E+01 0.459268E+01 0.327263E+01 0.393542E+01 0.387814E+01 0.342813E+01 0.336478E+01
      46 0.383360E+01 0.381165E+01 0.126561E+00 0.334749E+01 0.328743E+01 0.389078E+01 0.386801E+01 0.469665E+01 0.334845E+01 0.390657E+01 0.388061E+01 0.338451E+01 0.356572E+01
      47 0.358979E+01 0.352723E+01 0.120572E+00 0.315814E+01 0.309997E+01 0.351245E+01 0.354265E+01 0.443740E+01 0.314039E+01 0.355485E+01 0.356236E+01 0.303382E+01 0.350123E+01
      48 0.314227E+01 0.334480E+01 0.126486E+00 0.312889E+01 0.306006E+01 0.320909E+01 0.331444E+01 0.419676E+01 0.308048E+01 0.332767E+01 0.334814E+01 0.280226E+01 0.359304E+01
      49 0.257015E+01 0.296396E+01 0.161442E+00 0.294486E+01 0.286590E+01 0.267033E+01 0.286622E+01 0.363988E+01 0.288530E+01 0.293374E+01 0.295710E+01 0.238588E+01 0.355467E+01
      50 0.191090E+01 0.264220E+01 0.225104E+00 0.282050E+01 0.279289E+01 0.219326E+01 0.246723E+01 0.299413E+01 0.281756E+01 0.256978E+01 0.264011E+01 0.207754E+01 0.359219E+01
      51 0.113066E+01 0.162522E+01 0.290276E+00 0.196647E+01 0.203913E+01 0.107331E+01 0.138438E+01 0.154700E+01 0.207736E+01 0.146825E+01 0.162561E+01 0.115502E+01 0.284114E+01
      52 0.242564E+00 0.747942E+00 0.305654E+00 0.121804E+01 0.132963E+01 0.187098E+00 0.481241E+00 0.258275E+00 0.140975E+01 0.509350E+00 0.688742E+00 0.488358E+00 0.199634E+01
      53 -.562556E+00 -.239362E+00 0.256322E+00 0.336992E+00 0.333013E+00 -.711065E+00 -.489132E+00 -.979022E+00 0.490239E+00 -.471890E+00 -.459062E+00 -.205991E+00 0.756647E+00
      54 -.930215E+00 -.776973E+00 0.190196E+00 -.114684E+00 -.406147E+00 -.109376E+01 -.974884E+00 -.150670E+01 -.154198E+00 -.885589E+00 -.125298E+01 -.463946E+00 -.255000E+00
      55 -.611271E+00 -.644759E+00 0.159612E+00 0.562562E-01 -.538459E+00 -.836481E+00 -.778768E+00 -.116478E+01 -.230262E+00 -.628218E+00 -.130234E+01 -.202899E+00 -.572743E+00
      56 0.152908E+00 0.131168E+00 0.118271E+00 0.793277E+00 0.798080E-01 -.663667E-01 0.489848E-01 -.177951E+00 0.351092E+00 0.988997E-01 -.377254E+00 0.519373E+00 0.312603E-01
      57 0.680606E+00 0.834305E+00 0.755060E-01 0.137247E+01 0.776857E+00 0.505139E+00 0.765238E+00 0.599317E+00 0.941394E+00 0.604296E+00 0.849206E+00 0.107606E+01 0.891409E+00
      58 0.441634E+00 0.426273E+00 0.927101E-01 0.757974E+00 0.401381E+00 -.170689E-01 0.332112E+00 0.198917E+00 0.471762E+00 0.701548E-01 0.106374E+01 0.531894E+00 0.747378E+00
      59 -.501307E+00 -.512981E+00 0.937764E-01 -.470250E+00 -.553635E+00 -.891366E+00 -.649788E+00 -.662876E+00 -.471101E+00 -.675971E+00 0.411529E+00 -.517644E+00 -.651517E-01
      60 -.156212E+01 -.146614E+01 0.611347E-01 -.173774E+01 -.154756E+01 -.160510E+01 -.161357E+01 -.143119E+01 -.137327E+01 -.118818E+01 -.761237E+00 -.159103E+01 -.109526E+01
      61 -.207287E+01 -.201772E+01 0.888806E-01 -.252822E+01 -.209494E+01 -.188345E+01 -.212219E+01 -.177930E+01 -.181950E+01 -.128606E+01 -.189120E+01 -.229081E+01 -.180592E+01
      62 -.175310E+01 -.187651E+01 0.180645E+00 -.246327E+01 -.186979E+01 -.158047E+01 -.189565E+01 -.153481E+01 -.150718E+01 -.830687E+00 -.235941E+01 -.234495E+01 -.173174E+01
      63 -.767365E+00 -.139717E+01 0.264529E+00 -.192808E+01 -.127845E+01 -.106374E+01 -.131951E+01 -.107589E+01 -.851005E+00 -.204267E+00 -.226869E+01 -.206082E+01 -.121294E+01
      64 0.571262E+00 -.150530E+00 0.304318E+00 -.544695E+00 0.567092E-01 0.132315E+00 0.641772E-02 0.507801E-01 0.547438E+00 0.107784E+01 -.111933E+01 -.962873E+00 0.125662E+00
      65 0.205080E+01 0.104073E+01 0.330004E+00 0.811764E+00 0.129678E+01 0.123648E+01 0.125072E+01 0.107632E+01 0.187392E+01 0.228110E+01 0.167423E+00 0.115610E+00 0.141340E+01
      66 0.361293E+01 0.276610E+01 0.358480E+00 0.269386E+01 0.303341E+01 0.287328E+01 0.300216E+01 0.263905E+01 0.370864E+01 0.401294E+01 0.207044E+01 0.176135E+01 0.320782E+01
      67 0.528443E+01 0.446405E+01 0.391645E+00 0.453022E+01 0.472138E+01 0.449531E+01 0.470612E+01 0.419453E+01 0.549591E+01 0.570087E+01 0.395758E+01 0.339561E+01 0.494773E+01
      68 0.706986E+01 0.593746E+01 0.401714E+00 0.612130E+01 0.617292E+01 0.591208E+01 0.616812E+01 0.555721E+01 0.701760E+01 0.708815E+01 0.559623E+01 0.483303E+01 0.642824E+01
      69 0.884278E+01 0.797604E+01 0.357730E+00 0.824821E+01 0.817154E+01 0.791193E+01 0.817039E+01 0.753039E+01 0.902976E+01 0.892655E+01 0.778266E+01 0.689083E+01 0.842853E+01
      70 0.102853E+02 0.959407E+01 0.252610E+00 0.991703E+01 0.971139E+01 0.949629E+01 0.971140E+01 0.914267E+01 0.105032E+02 0.102371E+02 0.958322E+01 0.861839E+01 0.995544E+01
      71 0.109523E+02 0.108226E+02 0.125803E+00 0.111351E+02 0.107848E+02 0.106824E+02 0.107856E+02 0.104454E+02 0.114447E+02 0.111387E+02 0.111106E+02 0.100975E+02 0.110380E+02
      72 0.104823E+02 0.106455E+02 0.778705E-01 0.108740E+02 0.103455E+02 0.104471E+02 0.103474E+02 0.104188E+02 0.108820E+02 0.107618E+02 0.114183E+02 0.103324E+02 0.106785E+02
      73 0.891214E+01 0.931516E+01 0.171394E+00 0.943505E+01 0.874582E+01 0.905047E+01 0.874865E+01 0.925795E+01 0.919003E+01 0.944081E+01 0.106345E+02 0.944214E+01 0.921344E+01
      74 0.680552E+01 0.718149E+01 0.320695E+00 0.721883E+01 0.643677E+01 0.686743E+01 0.642660E+01 0.725405E+01 0.682400E+01 0.752213E+01 0.896741E+01 0.761583E+01 0.705546E+01
      75 0.481274E+01 0.517983E+01 0.424688E+00 0.519916E+01 0.437702E+01 0.486721E+01 0.433149E+01 0.532026E+01 0.474404E+01 0.579135E+01 0.722573E+01 0.571214E+01 0.512215E+01
      76 0.313322E+01 0.280645E+01 0.484795E+00 0.288109E+01 0.198980E+01 0.255765E+01 0.190470E+01 0.294670E+01 0.243074E+01 0.362934E+01 0.492120E+01 0.326189E+01 0.283158E+01
      77 0.152287E+01 0.128789E+01 0.547410E+00 0.146839E+01 0.458916E+00 0.114409E+01 0.358437E+00 0.136127E+01 0.106972E+01 0.222066E+01 0.333169E+01 0.155240E+01 0.135015E+01
      78 -.341311E+00 -.333684E+00 0.572871E+00 -.663042E-01 -.113737E+01 -.374744E+00 -.121693E+01 -.384282E+00 -.368612E+00 0.583354E+00 0.149418E+01 -.294560E+00 -.310352E+00
      79 -.243622E+01 -.219136E+01 0.462234E+00 -.191093E+01 -.287063E+01 -.216991E+01 -.290545E+01 -.238017E+01 -.210157E+01 -.140433E+01 -.732541E+00 -.231617E+01 -.225230E+01
      80 -.420201E+01 -.378840E+01 0.245261E+00 -.357765E+01 -.424412E+01 -.376223E+01 -.423878E+01 -.404261E+01 -.366186E+01 -.318307E+01 -.280068E+01 -.396794E+01 -.389389E+01
      81 -.504297E+01 -.487890E+01 0.788819E-01 -.481012E+01 -.509455E+01 -.488688E+01 -.512183E+01 -.506805E+01 -.478345E+01 -.441531E+01 -.432993E+01 -.501522E+01 -.493653E+01
      82 -.490823E+01 -.499407E+01 0.325454E-01 -.510681E+01 -.500592E+01 -.502737E+01 -.521121E+01 -.503333E+01 -.496101E+01 -.459636E+01 -.475241E+01 -.502288E+01 -.492993E+01
      83 -.408706E+01 -.419085E+01 0.726682E-01 -.452066E+01 -.400150E+01 -.421836E+01 -.455154E+01 -.405062E+01 -.424388E+01 -.380719E+01 -.413790E+01 -.405982E+01 -.396386E+01
      84 -.282940E+01 -.269799E+01 0.167557E+00 -.325444E+01 -.228466E+01 -.269216E+01 -.324415E+01 -.238419E+01 -.285411E+01 -.234698E+01 -.279753E+01 -.238668E+01 -.230669E+01
      85 -.132290E+01 -.104404E+01 0.261336E+00 -.176219E+01 -.443483E+00 -.990792E+00 -.169671E+01 -.608018E+00 -.129025E+01 -.776351E+00 -.128592E+01 -.591428E+00 -.544345E+00
      86 0.214850E+00 0.329552E+00 0.284716E+00 -.426538E+00 0.100367E+01 0.424794E+00 -.301804E+00 0.802456E+00 0.365811E-01 0.488730E+00 -.140436E-01 0.839287E+00 0.839880E+00
      87 0.155371E+01 0.154067E+01 0.233035E+00 0.851620E+00 0.216685E+01 0.166000E+01 0.101995E+01 0.197635E+01 0.124574E+01 0.161148E+01 0.116684E+01 0.203059E+01 0.197606E+01
      88 0.254371E+01 0.254867E+01 0.154650E+00 0.196536E+01 0.305493E+01 0.267491E+01 0.216509E+01 0.291087E+01 0.227745E+01 0.257045E+01 0.221650E+01 0.298100E+01 0.286515E+01
      89 0.316508E+01 0.316777E+01 0.922463E-01 0.266530E+01 0.354396E+01 0.329145E+01 0.291019E+01 0.345683E+01 0.292138E+01 0.316802E+01 0.292832E+01 0.354195E+01 0.335684E+01
      90 0.350053E+01 0.342419E+01 0.592381E-01 0.294554E+01 0.370384E+01 0.354588E+01 0.326947E+01 0.366243E+01 0.318641E+01 0.340885E+01 0.329354E+01 0.376001E+01 0.349793E+01
      91 0.367192E+01 0.351282E+01 0.532850E-01 0.296861E+01 0.374197E+01 0.364453E+01 0.344775E+01 0.373135E+01 0.325067E+01 0.347018E+01 0.351219E+01 0.384182E+01 0.347251E+01
      92 0.378586E+01 0.362276E+01 0.673157E-01 0.295483E+01 0.384462E+01 0.377648E+01 0.362831E+01 0.384523E+01 0.331893E+01 0.354327E+01 0.372596E+01 0.396819E+01 0.348346E+01
      93 0.390755E+01 0.359288E+01 0.948449E-01 0.276718E+01 0.383738E+01 0.377840E+01 0.365187E+01 0.383240E+01 0.324094E+01 0.347327E+01 0.376230E+01 0.397298E+01 0.337095E+01
      94 0.406092E+01 0.382297E+01 0.130427E+00 0.282952E+01 0.410120E+01 0.404593E+01 0.392668E+01 0.408023E+01 0.342455E+01 0.366532E+01 0.402687E+01 0.424810E+01 0.352660E+01
      95 0.424352E+01 0.403761E+01 0.158171E+00 0.291970E+01 0.433991E+01 0.428891E+01 0.417662E+01 0.430026E+01 0.361196E+01 0.385730E+01 0.425215E+01 0.449653E+01 0.368972E+01
      96 0.444415E+01 0.437368E+01 0.174648E+00 0.317287E+01 0.468713E+01 0.464299E+01 0.454406E+01 0.463069E+01 0.393561E+01 0.418468E+01 0.459365E+01 0.484951E+01 0.399099E+01
      97 0.465488E+01 0.443232E+01 0.169096E+00 0.321622E+01 0.473421E+01 0.469750E+01 0.462990E+01 0.467119E+01 0.400520E+01 0.425393E+01 0.466938E+01 0.488756E+01 0.404481E+01
      98 0.487600E+01 0.468140E+01 0.152161E+00 0.348867E+01 0.496141E+01 0.492876E+01 0.490442E+01 0.489822E+01 0.427592E+01 0.452229E+01 0.494411E+01 0.508961E+01 0.430609E+01
      99 0.511534E+01 0.532033E+01 0.117853E+00 0.422296E+01 0.555890E+01 0.552090E+01 0.555862E+01 0.551026E+01 0.496058E+01 0.519712E+01 0.562742E+01 0.563711E+01 0.499626E+01
     100 0.537941E+01 0.555253E+01 0.686185E-01 0.466826E+01 0.572401E+01 0.565706E+01 0.577310E+01 0.571263E+01 0.528859E+01 0.549581E+01 0.591719E+01 0.571150E+01 0.535539E+01
     101 0.565124E+01 0.571514E+01 0.401971E-01 0.509806E+01 0.582834E+01 0.570519E+01 0.587467E+01 0.585212E+01 0.557634E+01 0.573777E+01 0.609978E+01 0.570366E+01 0.568883E+01
     102 0.586389E+01 0.572338E+01 0.511513E-01 0.550406E+01 0.579039E+01 0.556820E+01 0.573323E+01 0.583176E+01 0.577907E+01 0.584596E+01 0.605141E+01 0.552694E+01 0.594895E+01
     103 0.588821E+01 0.549300E+01 0.118428E+00 0.570546E+01 0.553935E+01 0.520767E+01 0.530141E+01 0.556198E+01 0.575921E+01 0.570681E+01 0.568553E+01 0.515957E+01 0.597998E+01
     104 0.555469E+01 0.482073E+01 0.249979E+00 0.556277E+01 0.483630E+01 0.440681E+01 0.439018E+01 0.481815E+01 0.532317E+01 0.511401E+01 0.482653E+01 0.437199E+01 0.559642E+01
     105 0.476133E+01 0.393829E+01 0.408468E+00 0.521627E+01 0.386685E+01 0.341157E+01 0.333232E+01 0.384371E+01 0.462702E+01 0.427774E+01 0.381114E+01 0.337721E+01 0.496385E+01
     106 0.363817E+01 0.230792E+01 0.494712E+00 0.395602E+01 0.208814E+01 0.171307E+01 0.168550E+01 0.215094E+01 0.304037E+01 0.264281E+01 0.219162E+01 0.163489E+01 0.344262E+01
     107 0.251180E+01 0.910940E+00 0.449064E+00 0.266385E+01 0.570096E+00 0.329994E+00 0.436229E+00 0.764224E+00 0.152490E+01 0.116980E+01 0.937185E+00 0.189782E+00 0.193604E+01
     108 0.156928E+01 0.607966E+00 0.306770E+00 0.221117E+01 0.320173E+00 0.157880E+00 0.387214E+00 0.541090E+00 0.100647E+01 0.683789E+00 0.839981E+00 0.326183E-01 0.128428E+01
     109 0.650602E+00 0.208982E+00 0.184928E+00 0.153900E+01 0.178730E+00 -.186754E-01 0.272553E+00 0.229015E+00 0.390904E+00 -.739805E-02 0.665124E+00 0.116494E-01 0.400775E+00
     110 -.515996E+00 -.642256E+00 0.168090E+00 0.370165E+00 -.320982E+00 -.623990E+00 -.336146E+00 -.594614E+00 -.631445E+00 -.117343E+01 0.896737E-02 -.336583E+00 -.927951E+00
     111 -.190597E+01 -.170471E+01 0.211352E+00 -.106177E+01 -.111500E+01 -.150038E+01 -.128521E+01 -.170923E+01 -.181107E+01 -.240725E+01 -.996743E+00 -.982990E+00 -.232047E+01
     112 -.312739E+01 -.295770E+01 0.206873E+00 -.272061E+01 -.228142E+01 -.267030E+01 -.258619E+01 -.304455E+01 -.312263E+01 -.361147E+01 -.240930E+01 -.205721E+01 -.368374E+01
     113 -.383657E+01 -.379424E+01 0.153982E+00 -.388470E+01 -.317068E+01 -.351348E+01 -.355984E+01 -.393651E+01 -.395365E+01 -.427425E+01 -.352308E+01 -.293114E+01 -.445222E+01
     114 -.402961E+01 -.401381E+01 0.106074E+00 -.427006E+01 -.347272E+01 -.378242E+01 -.391305E+01 -.417740E+01 -.412033E+01 -.432634E+01 -.397617E+01 -.327146E+01 -.454349E+01
     115 -.391531E+01 -.396027E+01 0.863470E-01 -.423965E+01 -.344247E+01 -.377175E+01 -.395769E+01 -.413276E+01 -.398700E+01 -.416884E+01 -.406527E+01 -.329536E+01 -.441612E+01
     116 -.369349E+01 -.372577E+01 0.741355E-01 -.396030E+01 -.321689E+01 -.358295E+01 -.378157E+01 -.390044E+01 -.368749E+01 -.387855E+01 -.387619E+01 -.312183E+01 -.410129E+01
     117 -.342546E+01 -.355702E+01 0.575481E-01 -.374535E+01 -.308927E+01 -.347489E+01 -.364248E+01 -.372555E+01 -.349736E+01 -.367681E+01 -.369174E+01 -.303776E+01 -.379556E+01
     118 -.303214E+01 -.307059E+01 0.297784E-01 -.326345E+01 -.275627E+01 -.308289E+01 -.314867E+01 -.320471E+01 -.306688E+01 -.315521E+01 -.314653E+01 -.273832E+01 -.303902E+01
     119 -.243134E+01 -.242488E+01 0.189756E-01 -.265431E+01 -.230061E+01 -.252076E+01 -.245613E+01 -.250878E+01 -.250602E+01 -.248367E+01 -.242595E+01 -.229933E+01 -.211429E+01
     120 -.169557E+01 -.158992E+01 0.260975E-01 -.185846E+01 -.165118E+01 -.173760E+01 -.152327E+01 -.163017E+01 -.174036E+01 -.163993E+01 -.147039E+01 -.164234E+01 -.106764E+01
     121 -.101728E+01 -.881389E+00 0.353436E-01 -.115151E+01 -.102104E+01 -.103473E+01 -.735384E+00 -.922152E+00 -.103645E+01 -.939438E+00 -.645325E+00 -.982641E+00 -.338167E+00
     122 -.521136E+00 -.368965E+00 0.341131E-01 -.614525E+00 -.521862E+00 -.506741E+00 -.207639E+00 -.428339E+00 -.495340E+00 -.423220E+00 -.876260E-01 -.453095E+00 0.600988E-01
     123 -.179948E+00 -.891402E-01 0.219737E-01 -.304147E+00 -.240168E+00 -.202276E+00 0.287719E-01 -.145717E+00 -.189798E+00 -.113321E+00 0.128217E+00 -.167415E+00 0.186660E+00
     124 0.116529E+00 0.219626E+00 0.108776E-01 0.216683E-01 0.766409E-01 0.139082E+00 0.263118E+00 0.201860E+00 0.126319E+00 0.247739E+00 0.271547E+00 0.102780E+00 0.383731E+00
     125 0.470191E+00 0.610010E+00 0.139091E-01 0.406727E+00 0.483690E+00 0.567641E+00 0.578468E+00 0.653062E+00 0.510083E+00 0.701202E+00 0.453908E+00 0.417691E+00 0.734519E+00
     126 0.933032E+00 0.121877E+01 0.326353E-01 0.980751E+00 0.112386E+01 0.121837E+01 0.112624E+01 0.132824E+01 0.110847E+01 0.138085E+01 0.863361E+00 0.930375E+00 0.137206E+01
     127 0.151223E+01 0.188108E+01 0.628106E-01 0.157789E+01 0.183452E+01 0.192527E+01 0.174681E+01 0.205000E+01 0.176830E+01 0.212274E+01 0.136998E+01 0.149503E+01 0.210182E+01
     128 0.219837E+01 0.270761E+01 0.100098E+00 0.232465E+01 0.271841E+01 0.279777E+01 0.254740E+01 0.292213E+01 0.260724E+01 0.303297E+01 0.209165E+01 0.224035E+01 0.298779E+01
     129 0.299236E+01 0.355251E+01 0.141917E+00 0.308276E+01 0.362533E+01 0.369142E+01 0.337540E+01 0.379703E+01 0.348048E+01 0.396149E+01 0.287291E+01 0.303188E+01 0.385887E+01
     130 0.391608E+01 0.456077E+01 0.183704E+00 0.400915E+01 0.469776E+01 0.475579E+01 0.436832E+01 0.482249E+01 0.453223E+01 0.504642E+01 0.383706E+01 0.402218E+01 0.484017E+01
     131 0.500291E+01 0.572337E+01 0.214473E+00 0.510646E+01 0.592742E+01 0.598316E+01 0.551493E+01 0.598717E+01 0.575315E+01 0.626455E+01 0.496493E+01 0.521728E+01 0.590920E+01
     132 0.626316E+01 0.679849E+01 0.217518E+00 0.615720E+01 0.707185E+01 0.712505E+01 0.657788E+01 0.704373E+01 0.689675E+01 0.734852E+01 0.601451E+01 0.639343E+01 0.682015E+01
     133 0.762369E+01 0.797358E+01 0.185654E+00 0.738195E+01 0.831238E+01 0.835212E+01 0.775704E+01 0.817683E+01 0.813868E+01 0.846291E+01 0.718808E+01 0.774011E+01 0.777942E+01
     134 0.888601E+01 0.908778E+01 0.134664E+00 0.864436E+01 0.947861E+01 0.948291E+01 0.890526E+01 0.922843E+01 0.930289E+01 0.944506E+01 0.835000E+01 0.907149E+01 0.866574E+01
     135 0.979180E+01 0.970702E+01 0.914370E-01 0.949940E+01 0.101263E+02 0.100635E+02 0.959135E+01 0.976734E+01 0.993880E+01 0.988387E+01 0.909036E+01 0.990870E+01 0.910119E+01
     136 0.101630E+02 0.988441E+01 0.734737E-01 0.994127E+01 0.103075E+02 0.101412E+02 0.985544E+01 0.984752E+01 0.100947E+02 0.986953E+01 0.945936E+01 0.102762E+02 0.917454E+01
     137 0.992889E+01 0.957052E+01 0.856240E-01 0.987042E+01 0.997555E+01 0.965478E+01 0.965507E+01 0.940098E+01 0.972887E+01 0.936132E+01 0.942053E+01 0.101545E+02 0.882196E+01
     138 0.910387E+01 0.862601E+01 0.129655E+00 0.910500E+01 0.899024E+01 0.847462E+01 0.885016E+01 0.828783E+01 0.871192E+01 0.824067E+01 0.883062E+01 0.939797E+01 0.789360E+01
     139 0.790287E+01 0.738681E+01 0.178761E+00 0.791115E+01 0.770181E+01 0.701694E+01 0.770451E+01 0.688853E+01 0.739423E+01 0.688640E+01 0.789774E+01 0.827885E+01 0.672968E+01
     140 0.665783E+01 0.605382E+01 0.207525E+00 0.651848E+01 0.634582E+01 0.555130E+01 0.640314E+01 0.544828E+01 0.599195E+01 0.548837E+01 0.672655E+01 0.700095E+01 0.549249E+01
     141 0.548331E+01 0.493476E+01 0.218384E+00 0.532335E+01 0.525126E+01 0.440585E+01 0.532368E+01 0.429695E+01 0.482979E+01 0.432658E+01 0.563579E+01 0.591551E+01 0.442949E+01
     142 0.423342E+01 0.383198E+01 0.236051E+00 0.417258E+01 0.421050E+01 0.335017E+01 0.432070E+01 0.321050E+01 0.371242E+01 0.318061E+01 0.450678E+01 0.487446E+01 0.331661E+01
     143 0.272929E+01 0.237391E+01 0.272159E+00 0.267066E+01 0.281647E+01 0.196614E+01 0.299904E+01 0.177802E+01 0.225864E+01 0.167539E+01 0.301907E+01 0.351307E+01 0.181326E+01
     144 0.965288E+00 0.531588E+00 0.286789E+00 0.744034E+00 0.985634E+00 0.199530E+00 0.124497E+01 -.295175E-01 0.430317E+00 -.179350E+00 0.113089E+01 0.172683E+01 -.332754E-01
     145 -.844207E+00 -.117546E+01 0.233945E+00 -.109195E+01 -.790808E+00 -.142609E+01 -.489397E+00 -.166068E+01 -.125580E+01 -.181392E+01 -.674885E+00 -.550720E-01 -.165883E+01
     146 -.239593E+01 -.263104E+01 0.138957E+00 -.268034E+01 -.236853E+01 -.278857E+01 -.207594E+01 -.299102E+01 -.268153E+01 -.311507E+01 -.228299E+01 -.172293E+01 -.297229E+01
     147 -.346730E+01 -.376152E+01 0.599793E-01 -.390879E+01 -.362083E+01 -.382735E+01 -.338170E+01 -.398024E+01 -.377696E+01 -.406754E+01 -.358309E+01 -.313253E+01 -.394813E+01
     148 -.400450E+01 -.415493E+01 0.207241E-01 -.435062E+01 -.409518E+01 -.414619E+01 -.393580E+01 -.425538E+01 -.413859E+01 -.431912E+01 -.412326E+01 -.378743E+01 -.421229E+01
     149 -.410892E+01 -.420948E+01 0.916301E-02 -.441723E+01 -.418216E+01 -.414481E+01 -.411194E+01 -.422667E+01 -.416972E+01 -.428537E+01 -.429209E+01 -.404523E+01 -.417300E+01
     150 -.395118E+01 -.399874E+01 0.975282E-02 -.419840E+01 -.396578E+01 -.389572E+01 -.397808E+01 -.396713E+01 -.394721E+01 -.403212E+01 -.416135E+01 -.396573E+01 -.390666E+01
     151 -.367928E+01 -.366582E+01 0.127608E-01 -.384809E+01 -.361476E+01 -.354069E+01 -.369297E+01 -.361053E+01 -.361196E+01 -.367334E+01 -.387258E+01 -.370848E+01 -.355303E+01
     152 -.336963E+01 -.334186E+01 0.137829E-01 -.350128E+01 -.328567E+01 -.321372E+01 -.340561E+01 -.328338E+01 -.328978E+01 -.331372E+01 -.354609E+01 -.342340E+01 -.324121E+01
     153 -.302465E+01 -.299896E+01 0.127600E-01 -.313019E+01 -.296630E+01 -.288912E+01 -.309887E+01 -.295667E+01 -.294647E+01 -.291222E+01 -.314530E+01 -.309512E+01 -.294067E+01
     154 -.260508E+01 -.260933E+01 0.152246E-01 -.270170E+01 -.264593E+01 -.254241E+01 -.274968E+01 -.260219E+01 -.254571E+01 -.242671E+01 -.263406E+01 -.270365E+01 -.262571E+01
     155 -.207995E+01 -.210063E+01 0.307681E-01 -.214410E+01 -.223576E+01 -.208619E+01 -.227713E+01 -.213478E+01 -.201176E+01 -.180296E+01 -.198011E+01 -.218565E+01 -.220601E+01
     156 -.146918E+01 -.148820E+01 0.555544E-01 -.147799E+01 -.171522E+01 -.151256E+01 -.168524E+01 -.154937E+01 -.136775E+01 -.108648E+01 -.126044E+01 -.156884E+01 -.166985E+01
     157 -.849770E+00 -.676191E+00 0.722571E-01 -.610778E+00 -.958792E+00 -.712126E+00 -.872140E+00 -.734678E+00 -.537215E+00 -.200297E+00 -.416481E+00 -.768869E+00 -.902215E+00
     158 -.311046E+00 -.162027E+00 0.655515E-01 -.543972E-01 -.440293E+00 -.180476E+00 -.337524E+00 -.189153E+00 -.403727E-01 0.338210E+00 0.526608E-01 -.284092E+00 -.383185E+00
     159 0.112237E+00 0.279744E+00 0.500678E-01 0.405965E+00 0.371049E-01 0.285888E+00 0.127830E+00 0.284120E+00 0.365418E+00 0.766560E+00 0.434649E+00 0.132226E+00 0.908625E-01
     160 0.466080E+00 0.701640E+00 0.361101E-01 0.822157E+00 0.499252E+00 0.725027E+00 0.568352E+00 0.721716E+00 0.754150E+00 0.115111E+01 0.814379E+00 0.544040E+00 0.552771E+00
     161 0.831854E+00 0.993988E+00 0.252924E-01 0.108647E+01 0.825198E+00 0.102163E+01 0.873919E+00 0.101065E+01 0.103044E+01 0.138532E+01 0.108618E+01 0.848629E+00 0.881991E+00
     162 0.125643E+01 0.129297E+01 0.183980E-01 0.134756E+01 0.114698E+01 0.131129E+01 0.118528E+01 0.129633E+01 0.133421E+01 0.161046E+01 0.137762E+01 0.118294E+01 0.120500E+01
     163 0.173108E+01 0.168335E+01 0.153132E-01 0.170698E+01 0.155286E+01 0.168875E+01 0.159061E+01 0.167657E+01 0.173530E+01 0.193339E+01 0.176233E+01 0.161435E+01 0.160782E+01
     164 0.223076E+01 0.208482E+01 0.144943E-01 0.208462E+01 0.196665E+01 0.208037E+01 0.200799E+01 0.207132E+01 0.214298E+01 0.228646E+01 0.216013E+01 0.205326E+01 0.201705E+01
     165 0.275551E+01 0.256601E+01 0.155763E-01 0.255229E+01 0.245490E+01 0.255714E+01 0.250183E+01 0.255064E+01 0.262758E+01 0.274394E+01 0.264330E+01 0.256251E+01 0.250127E+01
     166 0.332807E+01 0.308850E+01 0.180053E-01 0.306668E+01 0.298135E+01 0.307753E+01 0.303363E+01 0.307495E+01 0.315508E+01 0.325103E+01 0.317125E+01 0.310825E+01 0.302450E+01
     167 0.396398E+01 0.372611E+01 0.224023E-01 0.370233E+01 0.362306E+01 0.370868E+01 0.368526E+01 0.372293E+01 0.380595E+01 0.384758E+01 0.380807E+01 0.377416E+01 0.365814E+01
     168 0.463916E+01 0.436583E+01 0.281828E-01 0.433719E+01 0.428099E+01 0.433165E+01 0.435062E+01 0.437971E+01 0.446769E+01 0.438095E+01 0.442333E+01 0.445317E+01 0.429902E+01
     169 0.525306E+01 0.492332E+01 0.421226E-01 0.488319E+01 0.488351E+01 0.484906E+01 0.496161E+01 0.496103E+01 0.505515E+01 0.471751E+01 0.490683E+01 0.507213E+01 0.486332E+01
     170 0.561413E+01 0.524657E+01 0.848396E-01 0.518343E+01 0.528288E+01 0.509544E+01 0.537408E+01 0.530326E+01 0.540263E+01 0.470110E+01 0.509305E+01 0.548121E+01 0.519857E+01
     171 0.551298E+01 0.502225E+01 0.170015E+00 0.492472E+01 0.514596E+01 0.476277E+01 0.525369E+01 0.507211E+01 0.517538E+01 0.411688E+01 0.470237E+01 0.534722E+01 0.499276E+01
     172 0.485380E+01 0.458931E+01 0.257093E+00 0.446218E+01 0.478274E+01 0.422469E+01 0.490597E+01 0.460449E+01 0.470755E+01 0.343759E+01 0.414406E+01 0.498005E+01 0.458860E+01
     173 0.367846E+01 0.348261E+01 0.274710E+00 0.336126E+01 0.370874E+01 0.305986E+01 0.384902E+01 0.347046E+01 0.355063E+01 0.226617E+01 0.300618E+01 0.389778E+01 0.350371E+01
     174 0.207613E+01 0.191406E+01 0.212645E+00 0.184113E+01 0.214368E+01 0.150414E+01 0.229254E+01 0.192571E+01 0.193068E+01 0.802821E+00 0.149214E+01 0.230134E+01 0.192246E+01
     175 0.182753E+00 0.176823E+00 0.121743E+00 0.171198E+00 0.397594E+00 -.142296E+00 0.521514E+00 0.282369E+00 0.135332E+00 -.677342E+00 -.148688E+00 0.462768E+00 0.118361E+00
     176 -.171454E+01 -.158311E+01 0.567424E-01 -.153490E+01 -.137573E+01 -.174384E+01 -.132384E+01 -.134408E+01 -.169475E+01 -.205506E+01 -.180816E+01 -.147614E+01 -.174847E+01
     177 -.320837E+01 -.289452E+01 0.481699E-01 -.281905E+01 -.270053E+01 -.285970E+01 -.274999E+01 -.254569E+01 -.306839E+01 -.294219E+01 -.303036E+01 -.300011E+01 -.315347E+01
     178 -.402329E+01 -.359693E+01 0.821758E-01 -.351038E+01 -.340630E+01 -.337862E+01 -.354648E+01 -.319881E+01 -.379991E+01 -.330592E+01 -.366262E+01 -.387569E+01 -.389154E+01
     179 -.420210E+01 -.381445E+01 0.111851E+00 -.371722E+01 -.362675E+01 -.346749E+01 -.380609E+01 -.342382E+01 -.400877E+01 -.333307E+01 -.383080E+01 -.417915E+01 -.409687E+01
     180 -.401431E+01 -.378103E+01 0.116014E+00 -.366769E+01 -.360024E+01 -.336313E+01 -.376294E+01 -.342473E+01 -.394437E+01 -.324164E+01 -.376913E+01 -.415124E+01 -.403522E+01
     181 -.373962E+01 -.340686E+01 0.103697E+00 -.327679E+01 -.324178E+01 -.295985E+01 -.335198E+01 -.309367E+01 -.353166E+01 -.288603E+01 -.338326E+01 -.373529E+01 -.363936E+01
     182 -.352719E+01 -.323223E+01 0.846818E-01 -.309329E+01 -.309638E+01 -.278872E+01 -.314326E+01 -.296837E+01 -.331925E+01 -.275778E+01 -.320773E+01 -.350411E+01 -.345610E+01
     183 -.336646E+01 -.308289E+01 0.599407E-01 -.295215E+01 -.298875E+01 -.268621E+01 -.299103E+01 -.287393E+01 -.314113E+01 -.265498E+01 -.306709E+01 -.331432E+01 -.331205E+01
     184 -.312562E+01 -.297276E+01 0.346696E-01 -.287265E+01 -.292204E+01 -.268472E+01 -.292842E+01 -.282159E+01 -.301695E+01 -.258059E+01 -.297693E+01 -.320672E+01 -.321794E+01
     185 -.262939E+01 -.255589E+01 0.306060E-01 -.250709E+01 -.253190E+01 -.244439E+01 -.261188E+01 -.245993E+01 -.260176E+01 -.219020E+01 -.258905E+01 -.284677E+01 -.281321E+01
     186 -.177037E+01 -.172136E+01 0.608239E-01 -.172655E+01 -.169444E+01 -.181732E+01 -.189679E+01 -.167160E+01 -.177639E+01 -.138620E+01 -.178042E+01 -.209585E+01 -.196243E+01
     187 -.617119E+00 -.712084E+00 0.887997E-01 -.745353E+00 -.663441E+00 -.965510E+00 -.964785E+00 -.703179E+00 -.767966E+00 -.425276E+00 -.776412E+00 -.113418E+01 -.892506E+00
     188 0.573067E+00 0.335341E+00 0.779448E-01 0.313495E+00 0.396484E+00 0.231085E-01 0.812080E-01 0.281541E+00 0.302489E+00 0.547141E+00 0.297547E+00 -.490484E-01 0.265179E+00
     189 0.148191E+01 0.126345E+01 0.428771E-01 0.129052E+01 0.130325E+01 0.100827E+01 0.108866E+01 0.110429E+01 0.128594E+01 0.138144E+01 0.128112E+01 0.101699E+01 0.133159E+01
     190 0.190068E+01 0.176976E+01 0.283653E-01 0.185945E+01 0.175418E+01 0.163651E+01 0.171409E+01 0.147961E+01 0.186662E+01 0.179298E+01 0.184944E+01 0.171638E+01 0.196259E+01
     191 0.181799E+01 0.173737E+01 0.414782E-01 0.186778E+01 0.163802E+01 0.171604E+01 0.178386E+01 0.133291E+01 0.190141E+01 0.166909E+01 0.186322E+01 0.188183E+01 0.201441E+01
     192 0.140824E+01 0.141575E+01 0.522157E-01 0.153204E+01 0.123253E+01 0.143947E+01 0.150339E+01 0.978012E+00 0.160527E+01 0.125920E+01 0.155300E+01 0.171015E+01 0.172152E+01
     193 0.946827E+00 0.902763E+00 0.442012E-01 0.940444E+00 0.666070E+00 0.895885E+00 0.961914E+00 0.539945E+00 0.106199E+01 0.668389E+00 0.101574E+01 0.127301E+01 0.118351E+01
     194 0.667167E+00 0.586257E+00 0.311155E-01 0.503445E+00 0.350771E+00 0.498322E+00 0.569877E+00 0.374139E+00 0.676331E+00 0.303828E+00 0.655828E+00 0.951041E+00 0.804355E+00
     195 0.642488E+00 0.418805E+00 0.277285E-01 0.219351E+00 0.235132E+00 0.238559E+00 0.319563E+00 0.361877E+00 0.438923E+00 0.127323E+00 0.448976E+00 0.720490E+00 0.564435E+00
     196 0.806230E+00 0.559316E+00 0.321228E-01 0.281394E+00 0.445537E+00 0.302939E+00 0.396184E+00 0.613498E+00 0.533228E+00 0.286361E+00 0.565977E+00 0.780565E+00 0.645845E+00
     197 0.107746E+01 0.815263E+00 0.381443E-01 0.497203E+00 0.756612E+00 0.505880E+00 0.608760E+00 0.937566E+00 0.763490E+00 0.568919E+00 0.810910E+00 0.971131E+00 0.861501E+00
     198 0.143674E+01 0.115953E+01 0.431891E-01 0.823626E+00 0.112783E+01 0.819458E+00 0.923900E+00 0.132166E+01 0.109146E+01 0.936481E+00 0.114927E+01 0.127950E+01 0.117928E+01
     199 0.190333E+01 0.166307E+01 0.476767E-01 0.131484E+01 0.163509E+01 0.130906E+01 0.140653E+01 0.184706E+01 0.158160E+01 0.145655E+01 0.164731E+01 0.177607E+01 0.166322E+01
     200 0.249066E+01 0.231500E+01 0.524457E-01 0.195062E+01 0.227758E+01 0.195981E+01 0.204282E+01 0.250898E+01 0.222149E+01 0.211959E+01 0.229247E+01 0.244412E+01 0.229725E+01
