       1 0.799997E+01 0.802585E+01 0.773258E-02 0.808440E+01 0.809473E+01 0.815803E+01 0.798698E+01 0.799206E+01 0.809342E+01 0.812090E+01 0.797381E+01 0.796997E+01 0.787347E+01
       2 0.799951E+01 0.800944E+01 0.133106E-01 0.807534E+01 0.804968E+01 0.808382E+01 0.793612E+01 0.798993E+01 0.812522E+01 0.810572E+01 0.794769E+01 0.796953E+01 0.790581E+01
       3 0.799777E+01 0.798425E+01 0.238795E-01 0.807256E+01 0.801446E+01 0.791699E+01 0.787575E+01 0.801025E+01 0.817332E+01 0.802278E+01 0.794623E+01 0.790626E+01 0.791321E+01
       4 0.799398E+01 0.799643E+01 0.344096E-01 0.813014E+01 0.805980E+01 0.771617E+01 0.785646E+01 0.809110E+01 0.822963E+01 0.794185E+01 0.805505E+01 0.784576E+01 0.790705E+01
       5 0.798845E+01 0.803666E+01 0.473859E-01 0.823454E+01 0.818882E+01 0.752974E+01 0.787217E+01 0.818647E+01 0.821435E+01 0.790122E+01 0.828499E+01 0.784184E+01 0.788016E+01
       6 0.798365E+01 0.816242E+01 0.931427E-01 0.841382E+01 0.843784E+01 0.753381E+01 0.798792E+01 0.829136E+01 0.813552E+01 0.801123E+01 0.864442E+01 0.803088E+01 0.796045E+01
       7 0.798460E+01 0.805402E+01 0.200716E+00 0.827822E+01 0.842684E+01 0.756944E+01 0.790683E+01 0.802578E+01 0.769979E+01 0.798125E+01 0.867862E+01 0.812362E+01 0.794403E+01
       8 0.799773E+01 0.824343E+01 0.330095E+00 0.825163E+01 0.858658E+01 0.824861E+01 0.821565E+01 0.794550E+01 0.759528E+01 0.832990E+01 0.875265E+01 0.862438E+01 0.842020E+01
       9 0.802750E+01 0.854540E+01 0.469906E+00 0.808973E+01 0.862723E+01 0.927150E+01 0.878232E+01 0.800931E+01 0.782646E+01 0.881658E+01 0.864583E+01 0.929990E+01 0.911465E+01
      10 0.807096E+01 0.891440E+01 0.586091E+00 0.794906E+01 0.854885E+01 0.101948E+02 0.947140E+01 0.838379E+01 0.847520E+01 0.926938E+01 0.856528E+01 0.988800E+01 0.971314E+01
      11 0.811221E+01 0.879903E+01 0.577734E+00 0.756011E+01 0.801787E+01 0.101236E+02 0.959425E+01 0.851939E+01 0.886240E+01 0.907678E+01 0.825329E+01 0.967549E+01 0.947619E+01
      12 0.812038E+01 0.858875E+01 0.562559E+00 0.744872E+01 0.747337E+01 0.941174E+01 0.944851E+01 0.879468E+01 0.929578E+01 0.852898E+01 0.812373E+01 0.883313E+01 0.876454E+01
      13 0.805653E+01 0.868224E+01 0.638805E+00 0.798378E+01 0.757629E+01 0.874718E+01 0.929303E+01 0.926891E+01 0.970877E+01 0.830210E+01 0.853830E+01 0.820589E+01 0.837242E+01
      14 0.789445E+01 0.689478E+01 0.744005E+00 0.696992E+01 0.613036E+01 0.615080E+01 0.684803E+01 0.779870E+01 0.792916E+01 0.621265E+01 0.723879E+01 0.577574E+01 0.632363E+01
      15 0.765347E+01 0.714305E+01 0.680049E+00 0.793430E+01 0.691453E+01 0.591860E+01 0.636196E+01 0.807870E+01 0.787109E+01 0.636508E+01 0.787767E+01 0.602984E+01 0.673951E+01
      16 0.742528E+01 0.711091E+01 0.603702E+00 0.841038E+01 0.739587E+01 0.572063E+01 0.587001E+01 0.788406E+01 0.747874E+01 0.642265E+01 0.807731E+01 0.631323E+01 0.707688E+01
      17 0.736401E+01 0.725753E+01 0.558940E+00 0.876935E+01 0.796736E+01 0.589837E+01 0.589858E+01 0.768433E+01 0.732694E+01 0.678696E+01 0.814557E+01 0.700129E+01 0.778522E+01
      18 0.762859E+01 0.779738E+01 0.560842E+00 0.908065E+01 0.874219E+01 0.659086E+01 0.663090E+01 0.783866E+01 0.773438E+01 0.759830E+01 0.827907E+01 0.818377E+01 0.888455E+01
      19 0.830908E+01 0.850801E+01 0.582976E+00 0.912180E+01 0.944972E+01 0.753243E+01 0.779207E+01 0.817658E+01 0.847522E+01 0.860761E+01 0.831829E+01 0.957843E+01 0.994986E+01
      20 0.935076E+01 0.949575E+01 0.556804E+00 0.941664E+01 0.102620E+02 0.874333E+01 0.923521E+01 0.902408E+01 0.966207E+01 0.979168E+01 0.879618E+01 0.108532E+02 0.108354E+02
      21 0.103890E+02 0.106227E+02 0.529295E+00 0.984943E+01 0.109929E+02 0.101995E+02 0.110751E+02 0.101164E+02 0.110171E+02 0.111005E+02 0.943019E+01 0.119579E+02 0.112907E+02
      22 0.104720E+02 0.102374E+02 0.674416E+00 0.909572E+01 0.100612E+02 0.103319E+02 0.114843E+02 0.997960E+01 0.105950E+02 0.108501E+02 0.893352E+01 0.107926E+02 0.955927E+01
      23 0.818255E+01 0.699205E+01 0.104858E+01 0.618318E+01 0.650418E+01 0.755293E+01 0.834674E+01 0.729746E+01 0.679859E+01 0.759996E+01 0.634658E+01 0.621491E+01 0.522072E+01
      24 0.319333E+01 0.135570E+01 0.121446E+01 0.123516E+01 0.922467E+00 0.214620E+01 0.195187E+01 0.240180E+01 0.366361E+00 0.195063E+01 0.181594E+01 -.408097E+00 -.435316E+00
      25 -.176654E+01 -.355810E+01 0.843707E+00 -.338590E+01 -.388626E+01 -.308896E+01 -.385043E+01 -.201679E+01 -.456597E+01 -.299041E+01 -.247365E+01 -.516759E+01 -.439546E+01
      26 -.310612E+01 -.415670E+01 0.602608E+00 -.413080E+01 -.455298E+01 -.425790E+01 -.464633E+01 -.274465E+01 -.444673E+01 -.386421E+01 -.327547E+01 -.506112E+01 -.424426E+01
      27 -.147184E+01 -.221300E+01 0.340357E+00 -.219926E+01 -.255986E+01 -.253203E+01 -.236691E+01 -.168235E+01 -.199182E+01 -.247768E+01 -.191811E+01 -.247112E+01 -.222887E+01
      28 -.811667E+00 -.118013E+01 0.109801E+00 -.972087E+00 -.120860E+01 -.118302E+01 -.120029E+01 -.137664E+01 -.117121E+01 -.157346E+01 -.118015E+01 -.111568E+01 -.125651E+01
      29 -.132663E+01 -.159550E+01 0.321729E-01 -.140869E+01 -.152181E+01 -.145909E+01 -.171525E+01 -.149947E+01 -.180438E+01 -.165075E+01 -.153021E+01 -.162265E+01 -.156321E+01
      30 -.144531E+01 -.146244E+01 0.534762E-01 -.139139E+01 -.145195E+01 -.136608E+01 -.146554E+01 -.966142E+00 -.174536E+01 -.139898E+01 -.136704E+01 -.172475E+01 -.139982E+01
      31 -.138349E+01 -.123440E+01 0.612377E-01 -.120652E+01 -.120074E+01 -.112540E+01 -.112878E+01 -.683072E+00 -.156171E+01 -.114346E+01 -.116050E+01 -.158986E+01 -.114615E+01
      32 -.124361E+01 -.937152E+00 0.519281E-01 -.936039E+00 -.884893E+00 -.807293E+00 -.838240E+00 -.405554E+00 -.128676E+01 -.807145E+00 -.893230E+00 -.128616E+01 -.827649E+00
      33 -.106644E+01 -.911014E+00 0.471023E-01 -.930656E+00 -.865792E+00 -.744956E+00 -.845063E+00 -.422102E+00 -.130907E+01 -.749182E+00 -.885328E+00 -.122160E+01 -.819055E+00
      34 -.857381E+00 -.765068E+00 0.448922E-01 -.793748E+00 -.731990E+00 -.554446E+00 -.737839E+00 -.351420E+00 -.121636E+01 -.562940E+00 -.724629E+00 -.101798E+01 -.711402E+00
      35 -.568604E+00 -.519069E+00 0.419827E-01 -.554952E+00 -.507011E+00 -.281692E+00 -.519541E+00 -.186593E+00 -.992606E+00 -.285201E+00 -.447858E+00 -.707917E+00 -.515734E+00
      36 -.192227E+00 -.200851E+00 0.366713E-01 -.253592E+00 -.230613E+00 0.318469E-01 -.205648E+00 0.753231E-01 -.654016E+00 0.342220E-01 -.109523E+00 -.332010E+00 -.262532E+00
      37 0.216345E+00 0.178197E+00 0.306863E-01 0.109859E+00 0.111281E+00 0.388835E+00 0.180978E+00 0.420793E+00 -.228352E+00 0.390775E+00 0.269975E+00 0.819884E-01 0.675565E-01
      38 0.608958E+00 0.609402E+00 0.246883E-01 0.535245E+00 0.524611E+00 0.796029E+00 0.617039E+00 0.824544E+00 0.258620E+00 0.796165E+00 0.691387E+00 0.530357E+00 0.479229E+00
      39 0.966439E+00 0.990601E+00 0.203940E-01 0.922781E+00 0.916265E+00 0.116745E+01 0.992170E+00 0.118180E+01 0.681107E+00 0.116586E+01 0.106055E+01 0.917843E+00 0.876936E+00
      40 0.130031E+01 0.132195E+01 0.192292E-01 0.126707E+01 0.127749E+01 0.150697E+01 0.131494E+01 0.150449E+01 0.102743E+01 0.150085E+01 0.138321E+01 0.124498E+01 0.124638E+01
      41 0.163333E+01 0.167311E+01 0.211849E-01 0.163382E+01 0.166685E+01 0.187571E+01 0.166454E+01 0.186685E+01 0.137397E+01 0.186113E+01 0.172655E+01 0.158178E+01 0.163912E+01
      42 0.198100E+01 0.205277E+01 0.258061E-01 0.203452E+01 0.209131E+01 0.227553E+01 0.205604E+01 0.227838E+01 0.173788E+01 0.224763E+01 0.209897E+01 0.193566E+01 0.205605E+01
      43 0.235493E+01 0.245781E+01 0.318854E-01 0.246325E+01 0.254439E+01 0.269435E+01 0.248232E+01 0.273395E+01 0.212660E+01 0.265156E+01 0.250109E+01 0.230445E+01 0.249094E+01
      44 0.274319E+01 0.290465E+01 0.367467E-01 0.294509E+01 0.305381E+01 0.313473E+01 0.294762E+01 0.322071E+01 0.257544E+01 0.307767E+01 0.294651E+01 0.271412E+01 0.297854E+01
      45 0.311559E+01 0.327033E+01 0.383654E-01 0.336899E+01 0.351102E+01 0.346960E+01 0.332620E+01 0.356814E+01 0.298093E+01 0.338818E+01 0.330855E+01 0.306142E+01 0.340289E+01
      46 0.343942E+01 0.359605E+01 0.380753E-01 0.375578E+01 0.394692E+01 0.375702E+01 0.366428E+01 0.380124E+01 0.338464E+01 0.361559E+01 0.362274E+01 0.340444E+01 0.378278E+01
      47 0.365204E+01 0.386229E+01 0.425129E-01 0.408634E+01 0.435300E+01 0.398319E+01 0.393973E+01 0.387832E+01 0.377663E+01 0.372600E+01 0.385482E+01 0.373948E+01 0.410344E+01
      48 0.368812E+01 0.393025E+01 0.595795E-01 0.421360E+01 0.454890E+01 0.401407E+01 0.400956E+01 0.368845E+01 0.399253E+01 0.362057E+01 0.387158E+01 0.391791E+01 0.420631E+01
      49 0.356905E+01 0.366617E+01 0.929112E-01 0.400593E+01 0.437330E+01 0.372986E+01 0.374349E+01 0.311669E+01 0.387830E+01 0.320832E+01 0.355423E+01 0.380766E+01 0.391395E+01
      50 0.340990E+01 0.336827E+01 0.129630E+00 0.373133E+01 0.407383E+01 0.345543E+01 0.345139E+01 0.257216E+01 0.367313E+01 0.283131E+01 0.321693E+01 0.367259E+01 0.346954E+01
      51 0.334668E+01 0.324353E+01 0.160155E+00 0.358511E+01 0.384123E+01 0.340002E+01 0.334719E+01 0.234495E+01 0.355387E+01 0.269991E+01 0.306613E+01 0.369133E+01 0.306835E+01
      52 0.345963E+01 0.322287E+01 0.165135E+00 0.350205E+01 0.366501E+01 0.345828E+01 0.335310E+01 0.241862E+01 0.345731E+01 0.274301E+01 0.305410E+01 0.371115E+01 0.276755E+01
      53 0.368605E+01 0.346017E+01 0.145490E+00 0.367830E+01 0.379500E+01 0.372947E+01 0.360242E+01 0.281802E+01 0.362296E+01 0.304760E+01 0.333503E+01 0.389755E+01 0.285509E+01
      54 0.382385E+01 0.359147E+01 0.113380E+00 0.382038E+01 0.395156E+01 0.381098E+01 0.370753E+01 0.300257E+01 0.378474E+01 0.320226E+01 0.349878E+01 0.395534E+01 0.307698E+01
      55 0.380112E+01 0.348367E+01 0.120104E+00 0.385957E+01 0.391282E+01 0.360824E+01 0.353858E+01 0.280177E+01 0.379646E+01 0.311798E+01 0.327756E+01 0.387701E+01 0.314258E+01
      56 0.390490E+01 0.359817E+01 0.180523E+00 0.421783E+01 0.399917E+01 0.362848E+01 0.358944E+01 0.283809E+01 0.400327E+01 0.329042E+01 0.313983E+01 0.410315E+01 0.330793E+01
      57 0.439036E+01 0.432465E+01 0.251863E+00 0.518037E+01 0.460929E+01 0.421830E+01 0.426513E+01 0.356439E+01 0.474014E+01 0.401703E+01 0.374861E+01 0.490325E+01 0.401862E+01
      58 0.499302E+01 0.485945E+01 0.284903E+00 0.585693E+01 0.503731E+01 0.452931E+01 0.474823E+01 0.411102E+01 0.523773E+01 0.444374E+01 0.455096E+01 0.541443E+01 0.466461E+01
      59 0.514254E+01 0.518981E+01 0.284162E+00 0.616416E+01 0.532092E+01 0.464819E+01 0.501729E+01 0.446017E+01 0.555268E+01 0.473389E+01 0.541375E+01 0.564386E+01 0.527410E+01
      60 0.455554E+01 0.490375E+01 0.239922E+00 0.566382E+01 0.501056E+01 0.430235E+01 0.466882E+01 0.426700E+01 0.531554E+01 0.466191E+01 0.556370E+01 0.519672E+01 0.527110E+01
      61 0.354167E+01 0.376173E+01 0.158135E+00 0.416867E+01 0.386082E+01 0.328406E+01 0.349062E+01 0.332365E+01 0.430928E+01 0.399088E+01 0.445769E+01 0.382336E+01 0.430251E+01
      62 0.269794E+01 0.295638E+01 0.134032E+00 0.302586E+01 0.308229E+01 0.268266E+01 0.270015E+01 0.274919E+01 0.368834E+01 0.370679E+01 0.329915E+01 0.273710E+01 0.356978E+01
      63 0.238318E+01 0.219960E+01 0.203195E+00 0.203671E+01 0.237942E+01 0.210743E+01 0.200050E+01 0.216875E+01 0.310788E+01 0.336593E+01 0.206964E+01 0.169815E+01 0.284947E+01
      64 0.261041E+01 0.220305E+01 0.300086E+00 0.192917E+01 0.243899E+01 0.223368E+01 0.208104E+01 0.225398E+01 0.323614E+01 0.361208E+01 0.169574E+01 0.148207E+01 0.286103E+01
      65 0.325958E+01 0.258489E+01 0.349388E+00 0.228594E+01 0.285139E+01 0.268349E+01 0.253115E+01 0.263096E+01 0.367338E+01 0.405254E+01 0.188662E+01 0.175633E+01 0.320531E+01
      66 0.420796E+01 0.373054E+01 0.348576E+00 0.345278E+01 0.400507E+01 0.386388E+01 0.372942E+01 0.372804E+01 0.483383E+01 0.511934E+01 0.296804E+01 0.286405E+01 0.428061E+01
      67 0.528486E+01 0.495697E+01 0.272118E+00 0.472936E+01 0.520135E+01 0.510302E+01 0.497793E+01 0.489518E+01 0.598521E+01 0.606530E+01 0.425550E+01 0.415064E+01 0.537947E+01
      68 0.613533E+01 0.574374E+01 0.123894E+00 0.558686E+01 0.589123E+01 0.587138E+01 0.572885E+01 0.565441E+01 0.651575E+01 0.632718E+01 0.527631E+01 0.514344E+01 0.596264E+01
      69 0.614095E+01 0.635947E+01 0.226260E-01 0.626231E+01 0.632892E+01 0.642633E+01 0.622711E+01 0.631129E+01 0.667328E+01 0.630992E+01 0.632551E+01 0.611436E+01 0.632770E+01
      70 0.466641E+01 0.565045E+01 0.145720E+00 0.553798E+01 0.534924E+01 0.561412E+01 0.529500E+01 0.576676E+01 0.528334E+01 0.500032E+01 0.624059E+01 0.597966E+01 0.533656E+01
      71 0.170651E+01 0.283885E+01 0.479224E+00 0.264000E+01 0.229720E+01 0.269735E+01 0.226939E+01 0.318468E+01 0.187537E+01 0.193573E+01 0.395794E+01 0.374423E+01 0.234895E+01
      72 -.174454E+01 -.466325E+00 0.566288E+00 -.721513E+00 -.104734E+01 -.656882E+00 -.105220E+01 0.184130E-01 -.161363E+01 -.119873E+01 0.746758E+00 0.699671E+00 -.928494E+00
      73 -.435893E+01 -.389131E+01 0.296587E+00 -.408841E+01 -.429177E+01 -.405760E+01 -.426852E+01 -.346887E+01 -.478261E+01 -.423229E+01 -.300491E+01 -.291379E+01 -.417128E+01
      74 -.559002E+01 -.544045E+01 0.919802E-01 -.552440E+01 -.563558E+01 -.555216E+01 -.559166E+01 -.519256E+01 -.597990E+01 -.543877E+01 -.488561E+01 -.481478E+01 -.555608E+01
      75 -.582190E+01 -.587632E+01 0.365606E-01 -.587949E+01 -.595542E+01 -.593594E+01 -.590210E+01 -.578826E+01 -.620459E+01 -.568523E+01 -.544319E+01 -.549432E+01 -.593241E+01
      76 -.563844E+01 -.585996E+01 0.329181E-01 -.583491E+01 -.589447E+01 -.588433E+01 -.583564E+01 -.587912E+01 -.611402E+01 -.559886E+01 -.538935E+01 -.558123E+01 -.593619E+01
      77 -.533550E+01 -.548484E+01 0.229899E-01 -.549204E+01 -.540843E+01 -.548793E+01 -.533555E+01 -.556760E+01 -.570563E+01 -.532279E+01 -.513899E+01 -.527403E+01 -.560866E+01
      78 -.481894E+01 -.494770E+01 0.413678E-01 -.502697E+01 -.467841E+01 -.495158E+01 -.458714E+01 -.506309E+01 -.514658E+01 -.500553E+01 -.490782E+01 -.479917E+01 -.510777E+01
      79 -.370823E+01 -.396171E+01 0.138054E+00 -.410346E+01 -.346128E+01 -.398264E+01 -.334673E+01 -.405922E+01 -.412052E+01 -.431236E+01 -.438794E+01 -.388894E+01 -.409566E+01
      80 -.186780E+01 -.244547E+01 0.254419E+00 -.256782E+01 -.182067E+01 -.248674E+01 -.164595E+01 -.247665E+01 -.252113E+01 -.306432E+01 -.331506E+01 -.248828E+01 -.249072E+01
      81 0.787038E-01 -.462196E+00 0.229906E+00 -.431252E+00 0.291584E-01 -.511153E+00 0.340266E+00 -.467513E+00 -.409173E+00 -.117837E+01 -.143583E+01 -.675028E+00 -.448605E+00
      82 0.131471E+01 0.108578E+01 0.137856E+00 0.134397E+01 0.124975E+01 0.103085E+01 0.175075E+01 0.102244E+01 0.128112E+01 0.471718E+00 0.364962E+00 0.689236E+00 0.107604E+01
      83 0.165539E+01 0.151774E+01 0.100467E+00 0.192757E+01 0.135717E+01 0.144204E+01 0.196474E+01 0.138684E+01 0.180637E+01 0.114235E+01 0.119516E+01 0.101353E+01 0.145591E+01
      84 0.148125E+01 0.133828E+01 0.772090E-01 0.171799E+01 0.103215E+01 0.123941E+01 0.151137E+01 0.121984E+01 0.162925E+01 0.122443E+01 0.133405E+01 0.859865E+00 0.128500E+01
      85 0.129781E+01 0.116600E+01 0.373664E-01 0.136279E+01 0.933310E+00 0.106601E+01 0.107039E+01 0.114364E+01 0.138426E+01 0.122348E+01 0.129157E+01 0.813680E+00 0.120218E+01
      86 0.146248E+01 0.142595E+01 0.149217E-01 0.137523E+01 0.141021E+01 0.135190E+01 0.111557E+01 0.153981E+01 0.153792E+01 0.153800E+01 0.150667E+01 0.123667E+01 0.160061E+01
      87 0.210599E+01 0.202742E+01 0.356333E-01 0.176451E+01 0.225273E+01 0.199310E+01 0.158990E+01 0.226254E+01 0.203860E+01 0.210986E+01 0.196726E+01 0.197977E+01 0.233143E+01
      88 0.316492E+01 0.307006E+01 0.841085E-01 0.267091E+01 0.349815E+01 0.307764E+01 0.257388E+01 0.339094E+01 0.300468E+01 0.309244E+01 0.282931E+01 0.312460E+01 0.347617E+01
      89 0.445710E+01 0.428407E+01 0.123773E+00 0.384599E+01 0.482577E+01 0.432357E+01 0.377346E+01 0.463703E+01 0.418779E+01 0.426437E+01 0.388641E+01 0.439113E+01 0.475264E+01
      90 0.575748E+01 0.572143E+01 0.135707E+00 0.531146E+01 0.628749E+01 0.577964E+01 0.520973E+01 0.606077E+01 0.563468E+01 0.569998E+01 0.523637E+01 0.585625E+01 0.621669E+01
      91 0.685693E+01 0.689999E+01 0.120943E+00 0.654539E+01 0.742098E+01 0.696630E+01 0.639320E+01 0.719383E+01 0.684310E+01 0.690912E+01 0.642613E+01 0.706426E+01 0.738388E+01
      92 0.760088E+01 0.789906E+01 0.896488E-01 0.763002E+01 0.832026E+01 0.795975E+01 0.740536E+01 0.811788E+01 0.789013E+01 0.795359E+01 0.752750E+01 0.808892E+01 0.834189E+01
      93 0.791229E+01 0.837153E+01 0.602806E-01 0.824223E+01 0.865041E+01 0.840458E+01 0.788623E+01 0.849164E+01 0.843775E+01 0.848473E+01 0.814949E+01 0.856186E+01 0.877735E+01
      94 0.780122E+01 0.844012E+01 0.491238E-01 0.849682E+01 0.855946E+01 0.842119E+01 0.795058E+01 0.845954E+01 0.860203E+01 0.862499E+01 0.835843E+01 0.858873E+01 0.884379E+01
      95 0.735558E+01 0.815625E+01 0.677420E-01 0.847142E+01 0.810912E+01 0.805485E+01 0.764233E+01 0.808115E+01 0.843976E+01 0.843137E+01 0.816654E+01 0.820071E+01 0.861681E+01
      96 0.670656E+01 0.760433E+01 0.121558E+00 0.819914E+01 0.741731E+01 0.740587E+01 0.705031E+01 0.746285E+01 0.801140E+01 0.797302E+01 0.763573E+01 0.749889E+01 0.817310E+01
      97 0.597960E+01 0.704928E+01 0.209794E+00 0.791744E+01 0.676242E+01 0.675206E+01 0.644075E+01 0.687321E+01 0.757242E+01 0.750385E+01 0.702491E+01 0.676874E+01 0.776369E+01
      98 0.525628E+01 0.623264E+01 0.308744E+00 0.730928E+01 0.589756E+01 0.585726E+01 0.556640E+01 0.605239E+01 0.684662E+01 0.674875E+01 0.609092E+01 0.579456E+01 0.709172E+01
      99 0.456256E+01 0.497817E+01 0.415003E+00 0.623062E+01 0.462880E+01 0.454125E+01 0.424656E+01 0.480735E+01 0.567055E+01 0.553591E+01 0.467192E+01 0.440468E+01 0.597786E+01
     100 0.387979E+01 0.384850E+01 0.535009E+00 0.529346E+01 0.350330E+01 0.336086E+01 0.303509E+01 0.368568E+01 0.461897E+01 0.442954E+01 0.333507E+01 0.316269E+01 0.498827E+01
     101 0.316534E+01 0.229015E+01 0.619456E+00 0.389472E+01 0.196945E+01 0.178282E+01 0.140432E+01 0.212997E+01 0.311041E+01 0.285942E+01 0.157768E+01 0.155567E+01 0.351826E+01
     102 0.236690E+01 0.169450E+01 0.632874E+00 0.341085E+01 0.141013E+01 0.121133E+01 0.765281E+00 0.152361E+01 0.252005E+01 0.220807E+01 0.810679E+00 0.992225E+00 0.292900E+01
     103 0.143165E+01 0.511647E+00 0.563188E+00 0.225412E+01 0.270425E+00 0.993479E-01 -.404022E+00 0.319420E+00 0.128294E+01 0.924841E+00 -.490134E+00 -.851901E-01 0.165809E+01
     104 0.346667E+00 -.598225E+00 0.415322E+00 0.103455E+01 -.803008E+00 -.889145E+00 -.141139E+01 -.814075E+00 0.390740E-01 -.326219E+00 -.163701E+01 -.102928E+01 0.346429E+00
     105 -.783599E+00 -.119314E+01 0.235908E+00 0.126158E+00 -.136906E+01 -.131584E+01 -.180505E+01 -.141068E+01 -.781208E+00 -.108281E+01 -.217129E+01 -.141841E+01 -.564518E+00
     106 -.174126E+01 -.195627E+01 0.116806E+00 -.113268E+01 -.208445E+01 -.188419E+01 -.232150E+01 -.214003E+01 -.182144E+01 -.199847E+01 -.282415E+01 -.195569E+01 -.170563E+01
     107 -.235263E+01 -.210128E+01 0.110772E+00 -.190098E+01 -.212602E+01 -.181905E+01 -.223399E+01 -.222276E+01 -.223947E+01 -.226761E+01 -.287719E+01 -.184522E+01 -.224854E+01
     108 -.259913E+01 -.213506E+01 0.203379E+00 -.253652E+01 -.202421E+01 -.167544E+01 -.212017E+01 -.220228E+01 -.246610E+01 -.237003E+01 -.288972E+01 -.164359E+01 -.258833E+01
     109 -.251404E+01 -.199230E+01 0.306916E+00 -.286223E+01 -.180909E+01 -.144191E+01 -.194633E+01 -.204196E+01 -.240976E+01 -.220102E+01 -.279583E+01 -.138608E+01 -.256484E+01
     110 -.203508E+01 -.137126E+01 0.358414E+00 -.257999E+01 -.124015E+01 -.833596E+00 -.139278E+01 -.142897E+01 -.178268E+01 -.143076E+01 -.228940E+01 -.831975E+00 -.186266E+01
     111 -.105587E+01 -.569649E+00 0.335802E+00 -.194870E+01 -.599479E+00 -.142583E+00 -.699329E+00 -.623647E+00 -.886867E+00 -.402774E+00 -.161458E+01 -.271517E+00 -.821223E+00
     112 0.328864E+00 0.492286E+00 0.247654E+00 -.796289E+00 0.299478E+00 0.757911E+00 0.299075E+00 0.475138E+00 0.339390E+00 0.829937E+00 -.566257E+00 0.494357E+00 0.495227E+00
     113 0.175268E+01 0.167468E+01 0.128851E+00 0.748112E+00 0.144041E+01 0.179602E+01 0.150612E+01 0.170810E+01 0.170854E+01 0.203325E+01 0.793444E+00 0.148686E+01 0.177439E+01
     114 0.282889E+01 0.289519E+01 0.505828E-01 0.244520E+01 0.276712E+01 0.293859E+01 0.280360E+01 0.295933E+01 0.307892E+01 0.314896E+01 0.230619E+01 0.270143E+01 0.288642E+01
     115 0.336271E+01 0.357713E+01 0.386762E-01 0.352839E+01 0.363921E+01 0.361094E+01 0.356102E+01 0.363792E+01 0.384955E+01 0.367941E+01 0.327337E+01 0.352320E+01 0.334847E+01
     116 0.334806E+01 0.360651E+01 0.714324E-01 0.381060E+01 0.391193E+01 0.368085E+01 0.363399E+01 0.362308E+01 0.392675E+01 0.355396E+01 0.352014E+01 0.379894E+01 0.312511E+01
     117 0.287659E+01 0.283197E+01 0.130502E+00 0.315618E+01 0.339515E+01 0.296500E+01 0.285674E+01 0.277193E+01 0.318322E+01 0.264978E+01 0.287923E+01 0.331092E+01 0.214244E+01
     118 0.209706E+01 0.205275E+01 0.198323E+00 0.240353E+01 0.285612E+01 0.222595E+01 0.203244E+01 0.189640E+01 0.241637E+01 0.177108E+01 0.216898E+01 0.280448E+01 0.127114E+01
     119 0.123499E+01 0.782364E+00 0.224989E+00 0.108617E+01 0.171253E+01 0.938757E+00 0.703551E+00 0.549718E+00 0.110960E+01 0.445099E+00 0.933703E+00 0.168244E+01 0.107709E+00
     120 0.552195E+00 0.137033E+00 0.192864E+00 0.330486E+00 0.105109E+01 0.220770E+00 0.281987E-01 -.132206E+00 0.369747E+00 -.221537E+00 0.327771E+00 0.103211E+01 -.241019E+00
     121 0.207887E+00 -.214468E+00 0.140111E+00 -.160701E+00 0.583125E+00 -.221375E+00 -.297996E+00 -.489993E+00 -.985252E-01 -.576456E+00 0.503374E-01 0.574071E+00 -.230304E+00
     122 0.189726E+00 -.415703E-01 0.107063E+00 -.121883E+00 0.615850E+00 -.125556E+00 -.669475E-01 -.318836E+00 -.227692E-01 -.398905E+00 0.323139E+00 0.623030E+00 0.234586E+00
     123 0.398330E+00 0.301750E+00 0.938963E-01 0.109333E+00 0.829968E+00 0.163780E+00 0.330164E+00 0.226105E-01 0.255252E+00 -.387572E-01 0.751486E+00 0.857152E+00 0.747956E+00
     124 0.753438E+00 0.763701E+00 0.847379E-01 0.485469E+00 0.118366E+01 0.597103E+00 0.818035E+00 0.493796E+00 0.677336E+00 0.458308E+00 0.123475E+01 0.121976E+01 0.127556E+01
     125 0.122349E+01 0.135371E+01 0.725668E-01 0.100808E+01 0.168534E+01 0.117998E+01 0.141097E+01 0.110916E+01 0.124434E+01 0.109818E+01 0.177548E+01 0.171177E+01 0.187324E+01
     126 0.180421E+01 0.198476E+01 0.599824E-01 0.158237E+01 0.224568E+01 0.181997E+01 0.203378E+01 0.177683E+01 0.186604E+01 0.178652E+01 0.231002E+01 0.224706E+01 0.248371E+01
     127 0.249629E+01 0.281027E+01 0.500639E-01 0.235679E+01 0.301284E+01 0.266675E+01 0.285201E+01 0.264044E+01 0.269954E+01 0.266910E+01 0.302610E+01 0.299015E+01 0.326007E+01
     128 0.329694E+01 0.362919E+01 0.421320E-01 0.313180E+01 0.378361E+01 0.352115E+01 0.366674E+01 0.349495E+01 0.354621E+01 0.354159E+01 0.373208E+01 0.374792E+01 0.398604E+01
     129 0.419344E+01 0.446896E+01 0.345014E-01 0.395073E+01 0.458686E+01 0.441432E+01 0.450870E+01 0.436099E+01 0.443913E+01 0.441874E+01 0.446340E+01 0.457068E+01 0.465961E+01
     130 0.514390E+01 0.532564E+01 0.304719E-01 0.483382E+01 0.542699E+01 0.534232E+01 0.537446E+01 0.522847E+01 0.537290E+01 0.527939E+01 0.522022E+01 0.547749E+01 0.526621E+01
     131 0.603891E+01 0.597356E+01 0.442507E-01 0.560259E+01 0.608467E+01 0.606553E+01 0.604360E+01 0.585711E+01 0.611252E+01 0.586317E+01 0.580592E+01 0.628217E+01 0.558277E+01
     132 0.665412E+01 0.620377E+01 0.111039E+00 0.610302E+01 0.634540E+01 0.633664E+01 0.631063E+01 0.602377E+01 0.641623E+01 0.592876E+01 0.606271E+01 0.679433E+01 0.545748E+01
     133 0.664432E+01 0.585418E+01 0.253616E+00 0.616304E+01 0.602730E+01 0.594747E+01 0.600201E+01 0.557749E+01 0.606923E+01 0.534289E+01 0.585693E+01 0.677826E+01 0.486455E+01
     134 0.567722E+01 0.460863E+01 0.414018E+00 0.537387E+01 0.479467E+01 0.456633E+01 0.477871E+01 0.423597E+01 0.472256E+01 0.387668E+01 0.484963E+01 0.578542E+01 0.361040E+01
     135 0.370388E+01 0.278065E+01 0.465437E+00 0.388014E+01 0.294449E+01 0.254209E+01 0.293908E+01 0.235618E+01 0.271121E+01 0.194950E+01 0.328513E+01 0.399699E+01 0.204818E+01
     136 0.109164E+01 0.170327E+00 0.358669E+00 0.133430E+01 0.275786E+00 -.243908E+00 0.301693E+00 -.233052E+00 -.781619E-01 -.583204E+00 0.871890E+00 0.117853E+01 -.133734E+00
     137 -.154987E+01 -.237801E+01 0.192743E+00 -.142492E+01 -.234915E+01 -.287538E+01 -.224863E+01 -.269460E+01 -.271182E+01 -.291211E+01 -.159554E+01 -.174305E+01 -.228153E+01
     138 -.361616E+01 -.399169E+01 0.885714E-01 -.341322E+01 -.403175E+01 -.446420E+01 -.383337E+01 -.420408E+01 -.429061E+01 -.426671E+01 -.324499E+01 -.374162E+01 -.366739E+01
     139 -.474760E+01 -.484800E+01 0.605153E-01 -.464596E+01 -.493799E+01 -.524782E+01 -.466225E+01 -.500315E+01 -.504707E+01 -.494091E+01 -.420168E+01 -.483399E+01 -.448761E+01
     140 -.502012E+01 -.504156E+01 0.569298E-01 -.509118E+01 -.515413E+01 -.539107E+01 -.483542E+01 -.521093E+01 -.514694E+01 -.507977E+01 -.448690E+01 -.505107E+01 -.477409E+01
     141 -.481334E+01 -.485358E+01 0.565318E-01 -.501570E+01 -.496552E+01 -.518876E+01 -.462046E+01 -.507257E+01 -.490493E+01 -.492211E+01 -.435038E+01 -.475113E+01 -.471624E+01
     142 -.449067E+01 -.444504E+01 0.586487E-01 -.464198E+01 -.455425E+01 -.478084E+01 -.418421E+01 -.470412E+01 -.447751E+01 -.455692E+01 -.396767E+01 -.420784E+01 -.441082E+01
     143 -.420382E+01 -.411334E+01 0.535970E-01 -.432984E+01 -.424976E+01 -.443905E+01 -.386269E+01 -.436526E+01 -.414673E+01 -.421672E+01 -.367413E+01 -.381918E+01 -.410982E+01
     144 -.387429E+01 -.373450E+01 0.361219E-01 -.398145E+01 -.394330E+01 -.401326E+01 -.357210E+01 -.390382E+01 -.377078E+01 -.373757E+01 -.338500E+01 -.353176E+01 -.367087E+01
     145 -.329543E+01 -.305931E+01 0.294817E-01 -.333408E+01 -.335894E+01 -.324235E+01 -.306215E+01 -.307943E+01 -.308237E+01 -.289097E+01 -.285961E+01 -.309388E+01 -.287419E+01
     146 -.230112E+01 -.201759E+01 0.519895E-01 -.228646E+01 -.237004E+01 -.208467E+01 -.220228E+01 -.188636E+01 -.200660E+01 -.169651E+01 -.198304E+01 -.233336E+01 -.171638E+01
     147 -.932837E+00 -.518728E+00 0.763904E-01 -.731285E+00 -.842011E+00 -.481876E+00 -.829832E+00 -.292246E+00 -.463055E+00 -.143123E+00 -.618143E+00 -.104315E+01 -.159081E+00
     148 0.529158E+00 0.774754E+00 0.699953E-01 0.652216E+00 0.570494E+00 0.889250E+00 0.440173E+00 0.101890E+01 0.867743E+00 0.107866E+01 0.588975E+00 0.193946E+00 0.111661E+01
     149 0.173196E+01 0.188411E+01 0.434798E-01 0.184454E+01 0.184737E+01 0.204956E+01 0.161986E+01 0.208952E+01 0.199106E+01 0.203053E+01 0.164758E+01 0.139472E+01 0.215753E+01
     150 0.245072E+01 0.249812E+01 0.273821E-01 0.250534E+01 0.262860E+01 0.269978E+01 0.235044E+01 0.264782E+01 0.259553E+01 0.246319E+01 0.222016E+01 0.217850E+01 0.269734E+01
     151 0.264710E+01 0.259746E+01 0.341036E-01 0.260811E+01 0.286103E+01 0.283013E+01 0.256319E+01 0.270511E+01 0.267066E+01 0.240707E+01 0.226970E+01 0.244824E+01 0.275171E+01
     152 0.240942E+01 0.231113E+01 0.554774E-01 0.229347E+01 0.266324E+01 0.257282E+01 0.235657E+01 0.240085E+01 0.235535E+01 0.201709E+01 0.192419E+01 0.228536E+01 0.245595E+01
     153 0.188331E+01 0.171590E+01 0.768074E-01 0.165597E+01 0.211338E+01 0.199945E+01 0.179725E+01 0.180379E+01 0.173219E+01 0.137789E+01 0.127950E+01 0.175851E+01 0.186939E+01
     154 0.123608E+01 0.105238E+01 0.835573E-01 0.951374E+00 0.144832E+01 0.134001E+01 0.112412E+01 0.113841E+01 0.104722E+01 0.736329E+00 0.609219E+00 0.111976E+01 0.120667E+01
     155 0.635513E+00 0.487022E+00 0.688335E-01 0.360693E+00 0.826212E+00 0.751438E+00 0.510959E+00 0.556691E+00 0.473314E+00 0.260769E+00 0.108612E+00 0.554438E+00 0.610909E+00
     156 0.221755E+00 -.994669E-01 0.447882E-01 -.227865E+00 0.130130E+00 0.119870E+00 -.149097E+00 -.625346E-01 -.100384E+00 -.174536E+00 -.348356E+00 -.455044E-01 -.437438E-01
     157 0.749237E-01 -.260872E+00 0.347157E-01 -.365654E+00 -.173041E+00 -.917742E-01 -.392449E+00 -.261682E+00 -.226639E+00 -.142662E+00 -.355964E+00 -.231072E+00 -.299538E+00
     158 0.198689E+00 0.290126E-01 0.507304E-01 -.294205E-01 -.243469E-01 0.161623E+00 -.177594E+00 0.268735E-02 0.109279E+00 0.357594E+00 0.618532E-01 0.202575E-01 -.109352E+00
     159 0.538356E+00 0.420629E+00 0.828270E-01 0.420242E+00 0.253232E+00 0.537802E+00 0.154945E+00 0.389820E+00 0.534764E+00 0.946869E+00 0.533604E+00 0.358480E+00 0.200965E+00
     160 0.102696E+01 0.105491E+01 0.114419E+00 0.111143E+01 0.809027E+00 0.117153E+01 0.748220E+00 0.103493E+01 0.118306E+01 0.174184E+01 0.120855E+01 0.935628E+00 0.782349E+00
     161 0.162267E+01 0.172006E+01 0.133969E+00 0.182041E+01 0.143022E+01 0.184151E+01 0.139063E+01 0.171601E+01 0.184659E+01 0.251097E+01 0.189024E+01 0.155315E+01 0.142579E+01
     162 0.230999E+01 0.235765E+01 0.137306E+00 0.248182E+01 0.205190E+01 0.248103E+01 0.202334E+01 0.236684E+01 0.247688E+01 0.318481E+01 0.253279E+01 0.216280E+01 0.206873E+01
     163 0.307697E+01 0.305572E+01 0.124557E+00 0.318520E+01 0.275776E+01 0.317350E+01 0.273620E+01 0.307483E+01 0.316886E+01 0.384666E+01 0.322773E+01 0.285790E+01 0.279292E+01
     164 0.389223E+01 0.376850E+01 0.978850E-01 0.388960E+01 0.350253E+01 0.387231E+01 0.348690E+01 0.379813E+01 0.387875E+01 0.444711E+01 0.392579E+01 0.359325E+01 0.354973E+01
     165 0.468775E+01 0.454115E+01 0.641490E-01 0.464588E+01 0.433196E+01 0.462526E+01 0.432230E+01 0.458682E+01 0.465263E+01 0.503466E+01 0.466555E+01 0.440982E+01 0.437963E+01
     166 0.534584E+01 0.518456E+01 0.330704E-01 0.527039E+01 0.505993E+01 0.524809E+01 0.505607E+01 0.525675E+01 0.530158E+01 0.542256E+01 0.524726E+01 0.511285E+01 0.508702E+01
     167 0.569279E+01 0.559232E+01 0.177879E-01 0.566074E+01 0.558207E+01 0.563965E+01 0.558250E+01 0.570153E+01 0.571538E+01 0.551616E+01 0.555626E+01 0.558828E+01 0.555627E+01
     168 0.551395E+01 0.551548E+01 0.320172E-01 0.556873E+01 0.564898E+01 0.555462E+01 0.564767E+01 0.566459E+01 0.563562E+01 0.509500E+01 0.534321E+01 0.557605E+01 0.553052E+01
     169 0.462164E+01 0.467399E+01 0.768410E-01 0.471325E+01 0.496087E+01 0.471641E+01 0.494403E+01 0.484690E+01 0.476672E+01 0.396456E+01 0.435488E+01 0.477355E+01 0.472234E+01
     170 0.299919E+01 0.315078E+01 0.119742E+00 0.317747E+01 0.355428E+01 0.321614E+01 0.350223E+01 0.330980E+01 0.318001E+01 0.234520E+01 0.273670E+01 0.323415E+01 0.321137E+01
     171 0.939803E+00 0.143525E+01 0.121891E+00 0.145511E+01 0.186745E+01 0.155546E+01 0.176361E+01 0.154047E+01 0.137610E+01 0.821242E+00 0.104214E+01 0.143395E+01 0.148906E+01
     172 -.102869E+01 -.350422E+00 0.103976E+00 -.327131E+00 0.140492E-01 -.143747E+00 -.143488E+00 -.310410E+00 -.487635E+00 -.550279E+00 -.609357E+00 -.478962E+00 -.317878E+00
     173 -.244803E+01 -.176570E+01 0.117542E+00 -.173431E+01 -.152238E+01 -.145837E+01 -.172487E+01 -.177599E+01 -.194731E+01 -.148913E+01 -.184546E+01 -.202405E+01 -.176271E+01
     174 -.312146E+01 -.242414E+01 0.173866E+00 -.238704E+01 -.230416E+01 -.201446E+01 -.254322E+01 -.246422E+01 -.261426E+01 -.172725E+01 -.234266E+01 -.279491E+01 -.244636E+01
     175 -.302393E+01 -.241600E+01 0.248034E+00 -.238291E+01 -.239056E+01 -.190932E+01 -.266555E+01 -.248732E+01 -.258204E+01 -.140927E+01 -.221702E+01 -.287564E+01 -.244051E+01
     176 -.217974E+01 -.164274E+01 0.294710E+00 -.162560E+01 -.167516E+01 -.106902E+01 -.197890E+01 -.177178E+01 -.174757E+01 -.486484E+00 -.137288E+01 -.214381E+01 -.162618E+01
     177 -.727743E+00 -.163135E+00 0.264615E+00 -.166671E+00 -.219061E+00 0.401215E+00 -.517522E+00 -.368266E+00 -.178076E+00 0.925148E+00 0.125224E+00 -.619631E+00 -.665833E-01
     178 0.969127E+00 0.118389E+01 0.167371E+00 0.116787E+01 0.112669E+01 0.164612E+01 0.886461E+00 0.928151E+00 0.124962E+01 0.201765E+01 0.143842E+01 0.855849E+00 0.135203E+01
     179 0.244150E+01 0.241730E+01 0.713945E-01 0.240716E+01 0.237763E+01 0.273563E+01 0.222675E+01 0.217938E+01 0.252130E+01 0.293192E+01 0.260170E+01 0.223915E+01 0.260077E+01
     180 0.337176E+01 0.327039E+01 0.196676E-01 0.328666E+01 0.327362E+01 0.348003E+01 0.320119E+01 0.312669E+01 0.336658E+01 0.352589E+01 0.337234E+01 0.319392E+01 0.340197E+01
     181 0.369150E+01 0.373588E+01 0.955770E-02 0.379601E+01 0.380839E+01 0.391860E+01 0.378425E+01 0.373715E+01 0.379812E+01 0.384496E+01 0.376190E+01 0.369186E+01 0.377087E+01
     182 0.348396E+01 0.370415E+01 0.325424E-01 0.381852E+01 0.385783E+01 0.395200E+01 0.385829E+01 0.385889E+01 0.372861E+01 0.378376E+01 0.367456E+01 0.364142E+01 0.362989E+01
     183 0.287014E+01 0.325820E+01 0.861554E-01 0.343267E+01 0.348976E+01 0.364131E+01 0.351374E+01 0.355383E+01 0.325184E+01 0.338486E+01 0.318984E+01 0.315806E+01 0.307285E+01
     184 0.198349E+01 0.238524E+01 0.153551E+00 0.261314E+01 0.267035E+01 0.292457E+01 0.272501E+01 0.278727E+01 0.235723E+01 0.260082E+01 0.228923E+01 0.224383E+01 0.208873E+01
     185 0.100961E+01 0.134974E+01 0.194611E+00 0.160945E+01 0.165384E+01 0.200425E+01 0.172771E+01 0.181462E+01 0.130245E+01 0.167822E+01 0.122736E+01 0.114607E+01 0.933857E+00
     186 0.219542E+00 0.763494E+00 0.178108E+00 0.102008E+01 0.105910E+01 0.142202E+01 0.109621E+01 0.124479E+01 0.691865E+00 0.121913E+01 0.609757E+00 0.443530E+00 0.227063E+00
     187 -.782383E-01 0.267513E+00 0.143211E+00 0.492649E+00 0.551520E+00 0.799699E+00 0.471874E+00 0.728829E+00 0.167012E+00 0.848806E+00 0.819236E-01 -.227796E+00 -.362045E+00
     188 0.314330E+00 0.589086E+00 0.145328E+00 0.779567E+00 0.872227E+00 0.910641E+00 0.625179E+00 0.997422E+00 0.466289E+00 0.127365E+01 0.387336E+00 -.102056E+00 -.706296E-01
     189 0.134862E+01 0.133556E+01 0.170937E+00 0.151673E+01 0.161701E+01 0.144966E+01 0.123022E+01 0.163912E+01 0.121794E+01 0.207260E+01 0.115487E+01 0.505016E+00 0.740393E+00
     190 0.274183E+01 0.278788E+01 0.169991E+00 0.299965E+01 0.304594E+01 0.277592E+01 0.261933E+01 0.291695E+01 0.272009E+01 0.351228E+01 0.267426E+01 0.193614E+01 0.235155E+01
     191 0.412532E+01 0.408131E+01 0.138528E+00 0.435140E+01 0.428081E+01 0.404627E+01 0.393455E+01 0.397968E+01 0.410512E+01 0.473042E+01 0.406491E+01 0.334001E+01 0.385952E+01
     192 0.521794E+01 0.522893E+01 0.110353E+00 0.555176E+01 0.533636E+01 0.523420E+01 0.515202E+01 0.489265E+01 0.535779E+01 0.575337E+01 0.530891E+01 0.469376E+01 0.522250E+01
     193 0.593491E+01 0.603398E+01 0.964965E-01 0.636970E+01 0.603600E+01 0.608518E+01 0.602522E+01 0.552828E+01 0.624208E+01 0.640713E+01 0.618122E+01 0.573660E+01 0.619395E+01
     194 0.637031E+01 0.648368E+01 0.834007E-01 0.678030E+01 0.639678E+01 0.654630E+01 0.650750E+01 0.591250E+01 0.672216E+01 0.671075E+01 0.665859E+01 0.638968E+01 0.673567E+01
     195 0.667232E+01 0.651742E+01 0.646664E-01 0.673862E+01 0.637742E+01 0.655701E+01 0.653962E+01 0.596836E+01 0.674687E+01 0.662348E+01 0.669143E+01 0.656534E+01 0.679888E+01
     196 0.693519E+01 0.677271E+01 0.446691E-01 0.690145E+01 0.661655E+01 0.676498E+01 0.677131E+01 0.630165E+01 0.697224E+01 0.678508E+01 0.693077E+01 0.690498E+01 0.704289E+01
     197 0.718010E+01 0.705521E+01 0.265627E-01 0.710513E+01 0.692109E+01 0.700871E+01 0.703397E+01 0.669691E+01 0.721572E+01 0.701095E+01 0.718865E+01 0.721802E+01 0.728134E+01
     198 0.737929E+01 0.724269E+01 0.124593E-01 0.724569E+01 0.715532E+01 0.718491E+01 0.722094E+01 0.701127E+01 0.736249E+01 0.717644E+01 0.734725E+01 0.739664E+01 0.740319E+01
     199 0.747150E+01 0.737855E+01 0.434107E-02 0.736841E+01 0.734948E+01 0.733858E+01 0.737928E+01 0.727567E+01 0.745879E+01 0.731416E+01 0.745350E+01 0.749804E+01 0.746432E+01
     200 0.736970E+01 0.736849E+01 0.397556E-02 0.738684E+01 0.740436E+01 0.737868E+01 0.742104E+01 0.738642E+01 0.741324E+01 0.732674E+01 0.741578E+01 0.742845E+01 0.737924E+01
