       1 0.799992E+01 0.801809E+01 0.565331E-02 0.797912E+01 0.808805E+01 0.800942E+01 0.803179E+01 0.795362E+01 0.793964E+01 0.813577E+01 0.815308E+01 0.801181E+01 0.796010E+01
       2 0.799941E+01 0.799884E+01 0.548213E-02 0.796162E+01 0.804238E+01 0.785396E+01 0.800520E+01 0.796978E+01 0.799214E+01 0.807427E+01 0.813362E+01 0.802496E+01 0.797931E+01
       3 0.799842E+01 0.799342E+01 0.987104E-02 0.797447E+01 0.800952E+01 0.771336E+01 0.803180E+01 0.801943E+01 0.798495E+01 0.801047E+01 0.813879E+01 0.805558E+01 0.798169E+01
       4 0.799766E+01 0.795646E+01 0.313674E-01 0.796753E+01 0.795741E+01 0.761276E+01 0.806268E+01 0.802962E+01 0.784420E+01 0.793038E+01 0.812682E+01 0.806338E+01 0.792884E+01
       5 0.799898E+01 0.795690E+01 0.857467E-01 0.798617E+01 0.795270E+01 0.770788E+01 0.814712E+01 0.803055E+01 0.764595E+01 0.793738E+01 0.813888E+01 0.812690E+01 0.794276E+01
       6 0.800502E+01 0.798247E+01 0.154749E+00 0.797386E+01 0.796039E+01 0.805609E+01 0.824982E+01 0.798428E+01 0.745630E+01 0.803477E+01 0.809552E+01 0.823339E+01 0.809285E+01
       7 0.801783E+01 0.786685E+01 0.205316E+00 0.771367E+01 0.776931E+01 0.848594E+01 0.821489E+01 0.775403E+01 0.724427E+01 0.804335E+01 0.775667E+01 0.821801E+01 0.824038E+01
       8 0.803628E+01 0.747703E+01 0.276354E+00 0.710176E+01 0.722869E+01 0.862778E+01 0.791366E+01 0.731492E+01 0.699093E+01 0.776771E+01 0.705157E+01 0.792682E+01 0.812937E+01
       9 0.805314E+01 0.759494E+01 0.367682E+00 0.703451E+01 0.713057E+01 0.891536E+01 0.809240E+01 0.755638E+01 0.752959E+01 0.790570E+01 0.689840E+01 0.806510E+01 0.834633E+01
      10 0.805357E+01 0.797260E+01 0.438339E+00 0.743197E+01 0.734459E+01 0.877388E+01 0.843653E+01 0.823473E+01 0.849178E+01 0.815928E+01 0.722640E+01 0.828028E+01 0.846220E+01
      11 0.801798E+01 0.731867E+01 0.608915E+00 0.711097E+01 0.667983E+01 0.699322E+01 0.759698E+01 0.795289E+01 0.834271E+01 0.726844E+01 0.676381E+01 0.719375E+01 0.719571E+01
      12 0.793192E+01 0.794553E+01 0.789591E+00 0.836485E+01 0.754486E+01 0.652012E+01 0.781774E+01 0.880198E+01 0.902769E+01 0.768315E+01 0.775727E+01 0.730845E+01 0.725967E+01
      13 0.780280E+01 0.822984E+01 0.829761E+00 0.935731E+01 0.821123E+01 0.621739E+01 0.763610E+01 0.910227E+01 0.890487E+01 0.790841E+01 0.841339E+01 0.731092E+01 0.733761E+01
      14 0.767643E+01 0.819509E+01 0.772733E+00 0.998443E+01 0.872494E+01 0.618892E+01 0.724231E+01 0.882118E+01 0.807227E+01 0.804784E+01 0.861530E+01 0.740841E+01 0.752383E+01
      15 0.763902E+01 0.851138E+01 0.714095E+00 0.104712E+02 0.937215E+01 0.689498E+01 0.758142E+01 0.885543E+01 0.783389E+01 0.860978E+01 0.889265E+01 0.807194E+01 0.827783E+01
      16 0.779220E+01 0.795587E+01 0.683280E+00 0.959408E+01 0.909185E+01 0.683362E+01 0.727785E+01 0.796167E+01 0.690522E+01 0.842440E+01 0.803304E+01 0.810545E+01 0.829728E+01
      17 0.820533E+01 0.828991E+01 0.634359E+00 0.905453E+01 0.943594E+01 0.771015E+01 0.808964E+01 0.805654E+01 0.718878E+01 0.914954E+01 0.786060E+01 0.904530E+01 0.909800E+01
      18 0.885507E+01 0.847350E+01 0.640267E+00 0.812405E+01 0.930055E+01 0.840010E+01 0.889983E+01 0.816660E+01 0.761737E+01 0.964320E+01 0.751253E+01 0.966966E+01 0.941859E+01
      19 0.953647E+01 0.980432E+01 0.708997E+00 0.847964E+01 0.100119E+02 0.101738E+02 0.109472E+02 0.960903E+01 0.940573E+01 0.111144E+02 0.849771E+01 0.110628E+02 0.103129E+02
      20 0.973762E+01 0.991020E+01 0.790141E+00 0.814021E+01 0.941616E+01 0.104814E+02 0.115883E+02 0.100342E+02 0.100688E+02 0.111022E+02 0.863798E+01 0.106660E+02 0.944733E+01
      21 0.864832E+01 0.804719E+01 0.911816E+00 0.656789E+01 0.698554E+01 0.857521E+01 0.973446E+01 0.866706E+01 0.853659E+01 0.880101E+01 0.735182E+01 0.761686E+01 0.638753E+01
      22 0.574852E+01 0.512930E+01 0.103715E+01 0.466801E+01 0.397858E+01 0.542520E+01 0.593444E+01 0.622988E+01 0.539577E+01 0.522083E+01 0.554601E+01 0.342003E+01 0.296573E+01
      23 0.198338E+01 0.140968E+01 0.928266E+00 0.192693E+01 0.685116E+00 0.133586E+01 0.941891E+00 0.263021E+01 0.133661E+01 0.992621E+00 0.272692E+01 -.497149E+00 -.865417E-01
      24 -.291000E+00 -.823074E+00 0.618740E+00 -.406681E-01 -.110725E+01 -.122626E+01 -.190262E+01 0.276426E-01 -.753348E+00 -.144352E+01 0.540274E+00 -.184052E+01 -.132110E+01
      25 -.128860E+00 0.226411E-01 0.245271E+00 0.516211E+00 -.488648E-01 -.351758E+00 -.708297E+00 0.276534E+00 0.264655E+00 -.553355E+00 0.797793E+00 -.106819E+00 -.139076E+00
      26 0.293126E+00 0.380737E+00 0.614566E-01 0.559277E+00 0.386890E+00 0.419228E+00 0.121128E+00 0.504674E+00 0.188336E+00 0.167954E+00 0.787078E+00 0.315782E+00 0.965890E-01
      27 -.327795E-01 -.420960E+00 0.104021E+00 -.410401E+00 -.502393E+00 -.242922E+00 -.617136E+00 0.227712E-03 -.842045E+00 -.351350E+00 -.110217E-01 -.704134E+00 -.680145E+00
      28 -.627085E-01 -.733920E+00 0.131524E+00 -.737527E+00 -.867426E+00 -.582951E+00 -.892224E+00 -.334448E+00 -.112707E+01 -.660355E+00 -.401033E+00 -.100417E+01 -.939405E+00
      29 -.435818E-01 -.498710E+00 0.113367E+00 -.482023E+00 -.602616E+00 -.337082E+00 -.631779E+00 -.141725E+00 -.882008E+00 -.391287E+00 -.259812E+00 -.723046E+00 -.611561E+00
      30 -.305095E-01 -.197876E+00 0.883537E-01 -.202822E+00 -.271557E+00 -.519071E-01 -.266164E+00 0.194798E+00 -.541512E+00 -.690737E-01 -.562592E-01 -.439417E+00 -.204853E+00
      31 -.296457E-01 -.744029E-01 0.747540E-01 -.999312E-01 -.989398E-01 0.657043E-01 -.714150E-01 0.362964E+00 -.402156E+00 0.513299E-01 -.238864E-01 -.355404E+00 0.144563E-01
      32 -.416704E-01 0.177998E+00 0.713856E-01 0.131005E+00 0.209300E+00 0.331232E+00 0.240873E+00 0.674021E+00 -.165562E+00 0.312429E+00 0.147805E+00 -.146681E+00 0.357663E+00
      33 -.210693E-01 0.160081E+00 0.778963E-01 0.907320E-01 0.233258E+00 0.345401E+00 0.263879E+00 0.727232E+00 -.235100E+00 0.312598E+00 0.648111E-01 -.208332E+00 0.409704E+00
      34 0.552775E-01 0.283878E+00 0.888132E-01 0.194530E+00 0.384707E+00 0.518226E+00 0.413046E+00 0.905426E+00 -.191337E+00 0.470307E+00 0.148611E+00 -.112278E+00 0.574598E+00
      35 0.209528E+00 0.442195E+00 0.103116E+00 0.337689E+00 0.557480E+00 0.733923E+00 0.580063E+00 0.110283E+01 -.130227E+00 0.677762E+00 0.299057E+00 0.319228E-01 0.745583E+00
      36 0.468837E+00 0.636860E+00 0.116753E+00 0.517695E+00 0.747998E+00 0.978117E+00 0.771892E+00 0.132040E+01 -.282755E-01 0.919619E+00 0.505212E+00 0.228596E+00 0.923331E+00
      37 0.839407E+00 0.963008E+00 0.124653E+00 0.831897E+00 0.105271E+01 0.133267E+01 0.109195E+01 0.165101E+01 0.231310E+00 0.127417E+01 0.847959E+00 0.571427E+00 0.121012E+01
      38 0.130042E+01 0.147677E+01 0.124833E+00 0.134231E+01 0.154100E+01 0.185377E+01 0.160056E+01 0.214885E+01 0.711806E+00 0.179702E+01 0.137949E+01 0.110864E+01 0.167669E+01
      39 0.181437E+01 0.198452E+01 0.114607E+00 0.186045E+01 0.203475E+01 0.234569E+01 0.210033E+01 0.260878E+01 0.123050E+01 0.229491E+01 0.190364E+01 0.164648E+01 0.214600E+01
      40 0.234093E+01 0.242102E+01 0.948497E-01 0.232273E+01 0.247585E+01 0.274451E+01 0.252146E+01 0.296202E+01 0.172044E+01 0.270535E+01 0.235496E+01 0.212291E+01 0.256225E+01
      41 0.284699E+01 0.293021E+01 0.696067E-01 0.287324E+01 0.300731E+01 0.319682E+01 0.300848E+01 0.335705E+01 0.231690E+01 0.317439E+01 0.287955E+01 0.268136E+01 0.306952E+01
      42 0.330026E+01 0.339483E+01 0.429239E-01 0.339621E+01 0.350954E+01 0.358185E+01 0.344477E+01 0.367543E+01 0.290229E+01 0.358156E+01 0.336089E+01 0.320360E+01 0.355030E+01
      43 0.366345E+01 0.367879E+01 0.211997E-01 0.375485E+01 0.384125E+01 0.376031E+01 0.369173E+01 0.377784E+01 0.334070E+01 0.378586E+01 0.366173E+01 0.355409E+01 0.386835E+01
      44 0.390296E+01 0.383390E+01 0.132600E-01 0.399695E+01 0.404652E+01 0.378726E+01 0.379933E+01 0.371211E+01 0.368163E+01 0.383558E+01 0.383154E+01 0.378853E+01 0.406907E+01
      45 0.400881E+01 0.393095E+01 0.277645E-01 0.418316E+01 0.418690E+01 0.374864E+01 0.384073E+01 0.355309E+01 0.398696E+01 0.380784E+01 0.393999E+01 0.398067E+01 0.420535E+01
      46 0.400667E+01 0.387161E+01 0.641783E-01 0.419748E+01 0.415497E+01 0.357422E+01 0.372578E+01 0.324052E+01 0.412801E+01 0.362908E+01 0.389077E+01 0.402060E+01 0.415753E+01
      47 0.394846E+01 0.387260E+01 0.110908E+00 0.423761E+01 0.414139E+01 0.349025E+01 0.367436E+01 0.302722E+01 0.430187E+01 0.354128E+01 0.390523E+01 0.411630E+01 0.412114E+01
      48 0.389841E+01 0.367569E+01 0.152626E+00 0.403547E+01 0.387223E+01 0.324689E+01 0.343181E+01 0.269371E+01 0.422505E+01 0.330518E+01 0.373344E+01 0.399596E+01 0.382617E+01
      49 0.391434E+01 0.363787E+01 0.176514E+00 0.393695E+01 0.369797E+01 0.320810E+01 0.336213E+01 0.262990E+01 0.422930E+01 0.328055E+01 0.373241E+01 0.400535E+01 0.362884E+01
      50 0.403125E+01 0.372887E+01 0.185386E+00 0.392923E+01 0.362404E+01 0.333954E+01 0.344186E+01 0.278839E+01 0.428307E+01 0.341097E+01 0.386124E+01 0.411066E+01 0.353491E+01
      51 0.427155E+01 0.398684E+01 0.189724E+00 0.406906E+01 0.370488E+01 0.366119E+01 0.370415E+01 0.316674E+01 0.444332E+01 0.371949E+01 0.415295E+01 0.435187E+01 0.361719E+01
      52 0.466346E+01 0.438027E+01 0.203188E+00 0.434219E+01 0.393347E+01 0.413476E+01 0.411324E+01 0.368708E+01 0.470616E+01 0.415305E+01 0.457602E+01 0.470661E+01 0.384747E+01
      53 0.523354E+01 0.484665E+01 0.224231E+00 0.468598E+01 0.425780E+01 0.468593E+01 0.460073E+01 0.430435E+01 0.502637E+01 0.465504E+01 0.508373E+01 0.509427E+01 0.416776E+01
      54 0.595211E+01 0.556406E+01 0.247411E+00 0.527440E+01 0.486989E+01 0.547270E+01 0.533587E+01 0.520833E+01 0.560080E+01 0.540589E+01 0.587948E+01 0.567402E+01 0.478016E+01
      55 0.669620E+01 0.631465E+01 0.259219E+00 0.591658E+01 0.558941E+01 0.626195E+01 0.609426E+01 0.611586E+01 0.625170E+01 0.618359E+01 0.672590E+01 0.625765E+01 0.552125E+01
      56 0.735240E+01 0.692841E+01 0.249525E+00 0.647130E+01 0.623411E+01 0.689842E+01 0.670933E+01 0.682341E+01 0.681821E+01 0.684252E+01 0.738048E+01 0.672980E+01 0.620324E+01
      57 0.792686E+01 0.774493E+01 0.224556E+00 0.725676E+01 0.708589E+01 0.774389E+01 0.753208E+01 0.773704E+01 0.759452E+01 0.775443E+01 0.817067E+01 0.743004E+01 0.710820E+01
      58 0.849948E+01 0.834807E+01 0.193541E+00 0.782069E+01 0.771897E+01 0.840194E+01 0.816956E+01 0.848980E+01 0.812913E+01 0.850465E+01 0.871410E+01 0.792694E+01 0.780670E+01
      59 0.912948E+01 0.903140E+01 0.144180E+00 0.854454E+01 0.848951E+01 0.914007E+01 0.892899E+01 0.925167E+01 0.876939E+01 0.928774E+01 0.928226E+01 0.859694E+01 0.858587E+01
      60 0.977071E+01 0.964748E+01 0.884441E-01 0.926528E+01 0.925647E+01 0.979416E+01 0.965129E+01 0.984523E+01 0.937577E+01 0.991195E+01 0.976458E+01 0.929381E+01 0.930877E+01
      61 0.102900E+02 0.101336E+02 0.465691E-01 0.988539E+01 0.991214E+01 0.102998E+02 0.102379E+02 0.102182E+02 0.987848E+01 0.103035E+02 0.101419E+02 0.992930E+01 0.987519E+01
      62 0.106098E+02 0.104047E+02 0.261512E-01 0.102857E+02 0.103133E+02 0.105669E+02 0.105655E+02 0.103419E+02 0.101845E+02 0.104114E+02 0.103772E+02 0.103559E+02 0.101789E+02
      63 0.107583E+02 0.106239E+02 0.256186E-01 0.106117E+02 0.106200E+02 0.107821E+02 0.108152E+02 0.104297E+02 0.104302E+02 0.104059E+02 0.105968E+02 0.107014E+02 0.103798E+02
      64 0.107736E+02 0.107535E+02 0.329002E-01 0.108136E+02 0.108077E+02 0.109058E+02 0.109499E+02 0.104767E+02 0.106127E+02 0.103356E+02 0.107300E+02 0.108728E+02 0.104975E+02
      65 0.106088E+02 0.107298E+02 0.565179E-01 0.108729E+02 0.108018E+02 0.108637E+02 0.109194E+02 0.103944E+02 0.105776E+02 0.100168E+02 0.107400E+02 0.109057E+02 0.104184E+02
      66 0.100929E+02 0.104133E+02 0.112317E+00 0.106515E+02 0.104430E+02 0.104945E+02 0.105622E+02 0.100556E+02 0.101439E+02 0.931776E+01 0.105400E+02 0.107039E+02 0.100089E+02
      67 0.894082E+01 0.944608E+01 0.269034E+00 0.978453E+01 0.934024E+01 0.940970E+01 0.948549E+01 0.912749E+01 0.886314E+01 0.785341E+01 0.986703E+01 0.998927E+01 0.889976E+01
      68 0.688269E+01 0.826325E+01 0.530626E+00 0.863527E+01 0.797730E+01 0.807097E+01 0.813990E+01 0.808789E+01 0.726727E+01 0.631860E+01 0.907820E+01 0.910262E+01 0.762321E+01
      69 0.400831E+01 0.551356E+01 0.704588E+00 0.582068E+01 0.510888E+01 0.518767E+01 0.525695E+01 0.555425E+01 0.422778E+01 0.361848E+01 0.660613E+01 0.653439E+01 0.492429E+01
      70 0.113217E+01 0.239964E+01 0.558083E+00 0.260249E+01 0.204211E+01 0.201018E+01 0.215465E+01 0.262994E+01 0.116025E+01 0.997222E+00 0.341036E+01 0.334055E+01 0.204608E+01
      71 -.465784E+00 -.219524E+00 0.184913E+00 -.418939E-01 -.312938E+00 -.567698E+00 -.228832E+00 0.227502E-01 -.965718E+00 -.901397E+00 0.225347E+00 0.255817E+00 -.206885E+00
      72 -.334768E-01 -.428032E+00 0.789741E-01 -.139488E+00 -.169021E+00 -.658408E+00 -.857545E-01 -.403631E+00 -.477374E+00 -.549157E+00 -.740835E+00 -.634419E+00 -.106840E+00
      73 0.192554E+01 0.137586E+01 0.218729E+00 0.179170E+01 0.182186E+01 0.126508E+01 0.190935E+01 0.113604E+01 0.180023E+01 0.148622E+01 0.633832E+00 0.683866E+00 0.179012E+01
      74 0.400463E+01 0.346660E+01 0.176421E+00 0.391051E+01 0.381005E+01 0.343585E+01 0.389525E+01 0.309146E+01 0.389360E+01 0.354990E+01 0.289805E+01 0.279079E+01 0.372006E+01
      75 0.507210E+01 0.482811E+01 0.529876E-01 0.519949E+01 0.491205E+01 0.484411E+01 0.498902E+01 0.447484E+01 0.493748E+01 0.484386E+01 0.479922E+01 0.454349E+01 0.482061E+01
      76 0.483868E+01 0.469396E+01 0.650524E-01 0.496556E+01 0.451542E+01 0.474904E+01 0.458032E+01 0.443707E+01 0.441195E+01 0.472681E+01 0.526974E+01 0.490751E+01 0.445917E+01
      77 0.349020E+01 0.354359E+01 0.196551E+00 0.372496E+01 0.318102E+01 0.363999E+01 0.323732E+01 0.337956E+01 0.294206E+01 0.368170E+01 0.464489E+01 0.418662E+01 0.315284E+01
      78 0.137879E+01 0.168090E+01 0.276690E+00 0.176425E+01 0.129732E+01 0.181025E+01 0.135877E+01 0.155949E+01 0.926673E+00 0.187768E+01 0.302184E+01 0.255280E+01 0.119942E+01
      79 -.855036E+00 -.875470E+00 0.202372E+00 -.907875E+00 -.105880E+01 -.732661E+00 -.973612E+00 -.101583E+01 -.162038E+01 -.794706E+00 0.262831E+00 0.148284E-01 -.139755E+01
      80 -.228182E+01 -.218948E+01 0.115361E+00 -.231797E+01 -.200247E+01 -.205988E+01 -.186575E+01 -.236066E+01 -.282402E+01 -.241609E+01 -.168712E+01 -.143362E+01 -.268298E+01
      81 -.235156E+01 -.261951E+01 0.195911E+00 -.276427E+01 -.208106E+01 -.252274E+01 -.182139E+01 -.279385E+01 -.312131E+01 -.323856E+01 -.289245E+01 -.207723E+01 -.304051E+01
      82 -.135494E+01 -.171682E+01 0.358396E+00 -.174746E+01 -.101260E+01 -.165488E+01 -.515931E+00 -.190696E+01 -.209912E+01 -.267977E+01 -.254957E+01 -.142672E+01 -.209287E+01
      83 0.242809E-01 -.271955E+00 0.440108E+00 -.762980E-01 0.377182E+00 -.241354E+00 0.118196E+01 -.524349E+00 -.520996E+00 -.143082E+01 -.132039E+01 -.256763E+00 -.652660E+00
      84 0.127928E+01 0.582418E+00 0.425157E+00 0.101552E+01 0.104537E+01 0.579733E+00 0.208851E+01 0.259284E+00 0.491215E+00 -.600750E+00 -.429005E+00 0.342576E+00 0.190057E+00
      85 0.225762E+01 0.168214E+01 0.355609E+00 0.224436E+01 0.196809E+01 0.164820E+01 0.305005E+01 0.133543E+01 0.171221E+01 0.605256E+00 0.835573E+00 0.128598E+01 0.130928E+01
      86 0.304627E+01 0.242797E+01 0.266173E+00 0.299393E+01 0.261680E+01 0.237455E+01 0.355387E+01 0.211122E+01 0.251993E+01 0.151539E+01 0.176955E+01 0.197695E+01 0.211363E+01
      87 0.375045E+01 0.335889E+01 0.178989E+00 0.385548E+01 0.351354E+01 0.330360E+01 0.421712E+01 0.309409E+01 0.347127E+01 0.262836E+01 0.287964E+01 0.292787E+01 0.312387E+01
      88 0.433491E+01 0.374938E+01 0.107371E+00 0.417066E+01 0.387147E+01 0.370516E+01 0.435849E+01 0.351963E+01 0.387708E+01 0.320790E+01 0.345645E+01 0.338849E+01 0.358593E+01
      89 0.461110E+01 0.415233E+01 0.574063E-01 0.453206E+01 0.419746E+01 0.412220E+01 0.453398E+01 0.392042E+01 0.431157E+01 0.380743E+01 0.409551E+01 0.390434E+01 0.402990E+01
      90 0.433645E+01 0.427670E+01 0.411919E-01 0.466043E+01 0.419038E+01 0.425710E+01 0.446060E+01 0.400600E+01 0.447710E+01 0.412452E+01 0.451921E+01 0.417936E+01 0.414628E+01
      91 0.336270E+01 0.361591E+01 0.716106E-01 0.405640E+01 0.334735E+01 0.359664E+01 0.364588E+01 0.327783E+01 0.385454E+01 0.363955E+01 0.420803E+01 0.368421E+01 0.342140E+01
      92 0.177457E+01 0.227143E+01 0.124090E+00 0.278357E+01 0.184225E+01 0.223793E+01 0.218108E+01 0.188687E+01 0.252821E+01 0.243175E+01 0.313841E+01 0.246923E+01 0.202027E+01
      93 -.773913E-01 0.594766E+00 0.143308E+00 0.114829E+01 0.900919E-01 0.533764E+00 0.410387E+00 0.226314E+00 0.840226E+00 0.841709E+00 0.154143E+01 0.840751E+00 0.356724E+00
      94 -.172012E+01 -.110221E+01 0.104462E+00 -.566536E+00 -.156603E+01 -.119387E+01 -.134612E+01 -.138214E+01 -.898555E+00 -.826931E+00 -.326077E+00 -.903814E+00 -.123530E+01
      95 -.279744E+01 -.221175E+01 0.500148E-01 -.174146E+01 -.254335E+01 -.232598E+01 -.248495E+01 -.236312E+01 -.206561E+01 -.195560E+01 -.178797E+01 -.212411E+01 -.217284E+01
      96 -.321901E+01 -.270245E+01 0.312459E-01 -.229181E+01 -.287824E+01 -.283099E+01 -.298438E+01 -.273878E+01 -.260228E+01 -.248973E+01 -.267415E+01 -.274658E+01 -.247422E+01
      97 -.312088E+01 -.267434E+01 0.517509E-01 -.227229E+01 -.272819E+01 -.281464E+01 -.295264E+01 -.264376E+01 -.259160E+01 -.250960E+01 -.297304E+01 -.284137E+01 -.228478E+01
      98 -.272127E+01 -.242979E+01 0.916688E-01 -.196943E+01 -.241309E+01 -.258582E+01 -.270725E+01 -.238146E+01 -.233071E+01 -.230313E+01 -.295816E+01 -.270188E+01 -.191474E+01
      99 -.220691E+01 -.223694E+01 0.126184E+00 -.170201E+01 -.218641E+01 -.240268E+01 -.251023E+01 -.219866E+01 -.211057E+01 -.214378E+01 -.290405E+01 -.257747E+01 -.165160E+01
     100 -.169435E+01 -.197625E+01 0.131228E+00 -.142606E+01 -.190278E+01 -.212810E+01 -.222460E+01 -.195099E+01 -.184862E+01 -.192662E+01 -.270371E+01 -.232443E+01 -.139808E+01
     101 -.123500E+01 -.179122E+01 0.112154E+00 -.128736E+01 -.169757E+01 -.190993E+01 -.199375E+01 -.177453E+01 -.169197E+01 -.179420E+01 -.252080E+01 -.210289E+01 -.127567E+01
     102 -.829959E+00 -.123426E+01 0.759113E-01 -.844647E+00 -.112594E+01 -.130956E+01 -.136775E+01 -.121612E+01 -.119718E+01 -.129174E+01 -.187860E+01 -.147784E+01 -.826805E+00
     103 -.447407E+00 -.790346E+00 0.462199E-01 -.533600E+00 -.673933E+00 -.827005E+00 -.854971E+00 -.767507E+00 -.819241E+00 -.892821E+00 -.131560E+01 -.972569E+00 -.492898E+00
     104 -.537588E-01 -.312321E+00 0.269119E-01 -.164829E+00 -.200703E+00 -.334458E+00 -.344406E+00 -.283193E+00 -.381958E+00 -.427317E+00 -.682084E+00 -.451178E+00 -.936969E-01
     105 0.331307E+00 0.151063E+00 0.194860E-01 0.295085E+00 0.235952E+00 0.109345E+00 0.782079E-01 0.171036E+00 0.102986E+00 0.650153E-01 -.863068E-01 0.276414E-01 0.361947E+00
     106 0.601563E+00 0.365111E+00 0.206433E-01 0.617272E+00 0.395826E+00 0.294223E+00 0.207697E+00 0.351124E+00 0.378535E+00 0.321162E+00 0.192949E+00 0.243451E+00 0.615186E+00
     107 0.640624E+00 0.297511E+00 0.259023E-01 0.716252E+00 0.251548E+00 0.224280E+00 0.595630E-01 0.232936E+00 0.357118E+00 0.278926E+00 0.131682E+00 0.198907E+00 0.567911E+00
     108 0.436694E+00 0.237087E+00 0.273268E-01 0.706168E+00 0.152172E+00 0.229907E+00 -.196664E-01 0.139218E+00 0.260663E+00 0.198744E+00 0.451891E-01 0.227913E+00 0.416677E+00
     109 0.753228E-01 0.753165E-01 0.393680E-01 0.428856E+00 0.147268E-01 0.191539E+00 -.150731E+00 -.300722E-01 -.451782E-02 -.163295E-01 -.145543E+00 0.222422E+00 0.571229E-01
     110 -.315373E+00 -.144666E+00 0.890279E-01 -.789417E-01 -.137524E+00 0.126189E+00 -.323771E+00 -.246216E+00 -.361404E+00 -.292107E+00 -.418195E+00 0.188742E+00 -.405407E+00
     111 -.533639E+00 -.203942E+00 0.193492E+00 -.587917E+00 -.154080E+00 0.214796E+00 -.371369E+00 -.311147E+00 -.553784E+00 -.342100E+00 -.632823E+00 0.266818E+00 -.644248E+00
     112 -.284187E+00 -.115134E+00 0.327156E+00 -.101576E+01 -.113013E+00 0.394335E+00 -.324690E+00 -.229848E+00 -.543717E+00 -.135352E+00 -.811294E+00 0.361191E+00 -.584850E+00
     113 0.660782E+00 0.436625E+00 0.425922E+00 -.875107E+00 0.307286E+00 0.957588E+00 0.162526E+00 0.337849E+00 0.231627E-01 0.600040E+00 -.569799E+00 0.771951E+00 0.752599E-01
     114 0.225899E+01 0.189252E+01 0.431250E+00 0.422064E+00 0.162972E+01 0.236692E+01 0.158646E+01 0.184475E+01 0.158480E+01 0.221404E+01 0.650720E+00 0.202280E+01 0.165892E+01
     115 0.418997E+01 0.408409E+01 0.346738E+00 0.272425E+01 0.375794E+01 0.448972E+01 0.380851E+01 0.411237E+01 0.392969E+01 0.448042E+01 0.275682E+01 0.404847E+01 0.389661E+01
     116 0.600485E+01 0.612403E+01 0.222537E+00 0.505270E+01 0.583333E+01 0.645659E+01 0.594129E+01 0.622705E+01 0.613063E+01 0.650392E+01 0.490006E+01 0.602676E+01 0.587351E+01
     117 0.733037E+01 0.770954E+01 0.118616E+00 0.697614E+01 0.752576E+01 0.797087E+01 0.764129E+01 0.785727E+01 0.784783E+01 0.801266E+01 0.674801E+01 0.764871E+01 0.734201E+01
     118 0.804218E+01 0.830156E+01 0.656960E-01 0.782581E+01 0.823354E+01 0.850968E+01 0.831207E+01 0.845330E+01 0.852325E+01 0.852363E+01 0.762589E+01 0.831637E+01 0.783084E+01
     119 0.828308E+01 0.838629E+01 0.428082E-01 0.806066E+01 0.836852E+01 0.855266E+01 0.843481E+01 0.852815E+01 0.864075E+01 0.855926E+01 0.793467E+01 0.843230E+01 0.788799E+01
     120 0.830319E+01 0.845933E+01 0.338053E-01 0.819460E+01 0.844840E+01 0.860913E+01 0.851495E+01 0.858563E+01 0.871837E+01 0.860532E+01 0.810903E+01 0.850699E+01 0.797801E+01
     121 0.827583E+01 0.841913E+01 0.273629E-01 0.817779E+01 0.836117E+01 0.855876E+01 0.848185E+01 0.854284E+01 0.866345E+01 0.855792E+01 0.811242E+01 0.842022E+01 0.798677E+01
     122 0.824925E+01 0.832290E+01 0.237463E-01 0.810297E+01 0.822249E+01 0.845699E+01 0.839336E+01 0.844537E+01 0.855263E+01 0.845416E+01 0.803876E+01 0.828310E+01 0.792620E+01
     123 0.821554E+01 0.827911E+01 0.230210E-01 0.808500E+01 0.813987E+01 0.841094E+01 0.835234E+01 0.840524E+01 0.850035E+01 0.841011E+01 0.800568E+01 0.820096E+01 0.788848E+01
     124 0.817150E+01 0.821952E+01 0.252183E-01 0.805047E+01 0.805189E+01 0.835649E+01 0.828873E+01 0.835195E+01 0.844082E+01 0.835640E+01 0.793733E+01 0.811498E+01 0.780154E+01
     125 0.812662E+01 0.812511E+01 0.308928E-01 0.797829E+01 0.794148E+01 0.828075E+01 0.818434E+01 0.826393E+01 0.835839E+01 0.827170E+01 0.781141E+01 0.801407E+01 0.764046E+01
     126 0.808696E+01 0.804358E+01 0.419039E-01 0.792416E+01 0.785963E+01 0.823717E+01 0.808852E+01 0.818571E+01 0.830491E+01 0.819796E+01 0.767710E+01 0.795686E+01 0.744254E+01
     127 0.803776E+01 0.779386E+01 0.617222E-01 0.772675E+01 0.763007E+01 0.804400E+01 0.782322E+01 0.793247E+01 0.809927E+01 0.794329E+01 0.736348E+01 0.777527E+01 0.702308E+01
     128 0.792976E+01 0.750921E+01 0.969286E-01 0.754412E+01 0.739348E+01 0.782835E+01 0.752411E+01 0.763139E+01 0.786979E+01 0.762441E+01 0.702026E+01 0.761992E+01 0.652101E+01
     129 0.766864E+01 0.715093E+01 0.151845E+00 0.735295E+01 0.711551E+01 0.753052E+01 0.715520E+01 0.723856E+01 0.755808E+01 0.718725E+01 0.663655E+01 0.745599E+01 0.594331E+01
     130 0.711058E+01 0.646663E+01 0.223613E+00 0.690528E+01 0.654005E+01 0.687124E+01 0.646425E+01 0.650195E+01 0.688469E+01 0.637589E+01 0.598479E+01 0.701285E+01 0.510455E+01
     131 0.607990E+01 0.506951E+01 0.288410E+00 0.579687E+01 0.526234E+01 0.543429E+01 0.506092E+01 0.504588E+01 0.543135E+01 0.482575E+01 0.469530E+01 0.584462E+01 0.370534E+01
     132 0.444495E+01 0.316642E+01 0.287703E+00 0.415803E+01 0.345069E+01 0.341385E+01 0.314227E+01 0.310943E+01 0.338514E+01 0.281627E+01 0.296051E+01 0.403208E+01 0.204343E+01
     133 0.227768E+01 0.129349E+01 0.192762E+00 0.238937E+01 0.160925E+01 0.138660E+01 0.123623E+01 0.126565E+01 0.131428E+01 0.973326E+00 0.124687E+01 0.199657E+01 0.645534E+00
     134 -.156068E-04 -.595196E+00 0.861207E-01 0.344603E+00 -.312481E+00 -.613800E+00 -.702793E+00 -.517888E+00 -.748171E+00 -.713769E+00 -.576136E+00 -.311826E+00 -.667489E+00
     135 -.172715E+01 -.192012E+01 0.923437E-01 -.138892E+01 -.171534E+01 -.193747E+01 -.208706E+01 -.168592E+01 -.214047E+01 -.171563E+01 -.198397E+01 -.218285E+01 -.151552E+01
     136 -.236739E+01 -.222694E+01 0.218122E+00 -.221381E+01 -.210363E+01 -.212473E+01 -.244360E+01 -.183840E+01 -.238370E+01 -.169807E+01 -.250009E+01 -.297019E+01 -.159190E+01
     137 -.173948E+01 -.108337E+01 0.335558E+00 -.152788E+01 -.100820E+01 -.791692E+00 -.131997E+01 -.600754E+00 -.107039E+01 -.346776E+00 -.162298E+01 -.209114E+01 -.516095E+00
     138 -.864007E-01 0.454608E+00 0.301109E+00 -.212744E+00 0.520165E+00 0.881416E+00 0.250593E+00 0.903204E+00 0.656693E+00 0.117332E+01 -.264201E+00 -.479492E+00 0.722374E+00
     139 0.190444E+01 0.235480E+01 0.154155E+00 0.175679E+01 0.241824E+01 0.275847E+01 0.223781E+01 0.263633E+01 0.266582E+01 0.284536E+01 0.166254E+01 0.178720E+01 0.226653E+01
     140 0.345175E+01 0.369506E+01 0.497941E-01 0.334885E+01 0.374597E+01 0.392160E+01 0.370110E+01 0.374034E+01 0.399907E+01 0.386970E+01 0.323553E+01 0.358941E+01 0.335026E+01
     141 0.416669E+01 0.413415E+01 0.419279E-01 0.404566E+01 0.417172E+01 0.411362E+01 0.427610E+01 0.394625E+01 0.435130E+01 0.401860E+01 0.400850E+01 0.442092E+01 0.366998E+01
     142 0.408576E+01 0.386695E+01 0.952312E-01 0.395264E+01 0.390937E+01 0.360695E+01 0.415138E+01 0.348308E+01 0.397035E+01 0.352290E+01 0.407359E+01 0.445551E+01 0.336120E+01
     143 0.340335E+01 0.311546E+01 0.177548E+00 0.328155E+01 0.317720E+01 0.265518E+01 0.355029E+01 0.257797E+01 0.311049E+01 0.260398E+01 0.360826E+01 0.395356E+01 0.259248E+01
     144 0.231223E+01 0.202527E+01 0.261548E+00 0.219182E+01 0.208556E+01 0.140825E+01 0.259549E+01 0.138356E+01 0.192444E+01 0.141654E+01 0.274484E+01 0.306731E+01 0.150951E+01
     145 0.103810E+01 0.876085E+00 0.293271E+00 0.965667E+00 0.864225E+00 0.162996E+00 0.150616E+01 0.214202E+00 0.698922E+00 0.285646E+00 0.173189E+01 0.200509E+01 0.434440E+00
     146 -.783812E-01 -.711474E-01 0.240721E+00 -.115945E+00 -.238116E+00 -.796346E+00 0.488978E+00 -.643513E+00 -.287204E+00 -.503060E+00 0.797488E+00 0.946269E+00 -.350998E+00
     147 -.624290E+00 -.628508E+00 0.155618E+00 -.816631E+00 -.987101E+00 -.128831E+01 -.260930E+00 -.102798E+01 -.831689E+00 -.809115E+00 0.140570E+00 0.769860E-01 -.686792E+00
     148 -.316679E+00 -.101713E+00 0.109514E+00 -.385401E+00 -.610527E+00 -.648419E+00 0.184626E-01 -.306364E+00 -.241652E+00 -.350359E-01 0.499356E+00 0.179449E+00 0.621963E-01
     149 0.823179E+00 0.109976E+01 0.108012E+00 0.790338E+00 0.544751E+00 0.683877E+00 0.101152E+01 0.105340E+01 0.104888E+01 0.131620E+01 0.151172E+01 0.991898E+00 0.142893E+01
     150 0.250552E+01 0.289319E+01 0.108353E+00 0.261180E+01 0.241020E+01 0.261284E+01 0.268986E+01 0.294512E+01 0.293474E+01 0.312912E+01 0.311186E+01 0.252555E+01 0.330119E+01
     151 0.434125E+01 0.469527E+01 0.893488E-01 0.446395E+01 0.438564E+01 0.454987E+01 0.447924E+01 0.478941E+01 0.481104E+01 0.483541E+01 0.471760E+01 0.422838E+01 0.510189E+01
     152 0.598082E+01 0.618844E+01 0.667163E-01 0.600375E+01 0.611083E+01 0.616537E+01 0.603661E+01 0.628583E+01 0.634305E+01 0.616582E+01 0.601998E+01 0.576196E+01 0.654406E+01
     153 0.719331E+01 0.725189E+01 0.615313E-01 0.709838E+01 0.740733E+01 0.732446E+01 0.719753E+01 0.733487E+01 0.740620E+01 0.705902E+01 0.691609E+01 0.695079E+01 0.754404E+01
     154 0.791330E+01 0.776725E+01 0.734187E-01 0.762642E+01 0.810031E+01 0.790075E+01 0.779836E+01 0.783548E+01 0.789573E+01 0.744775E+01 0.730941E+01 0.760848E+01 0.801169E+01
     155 0.823189E+01 0.809353E+01 0.856387E-01 0.795233E+01 0.852516E+01 0.825544E+01 0.817379E+01 0.815106E+01 0.819194E+01 0.771167E+01 0.757182E+01 0.804895E+01 0.830835E+01
     156 0.831786E+01 0.794670E+01 0.845524E-01 0.780395E+01 0.840016E+01 0.810730E+01 0.803954E+01 0.799338E+01 0.802481E+01 0.756350E+01 0.742520E+01 0.797565E+01 0.813684E+01
     157 0.831956E+01 0.778532E+01 0.763901E-01 0.763982E+01 0.822039E+01 0.793905E+01 0.786313E+01 0.782412E+01 0.786005E+01 0.743652E+01 0.729535E+01 0.784777E+01 0.795535E+01
     158 0.830756E+01 0.794633E+01 0.638212E-01 0.781077E+01 0.834393E+01 0.807843E+01 0.801012E+01 0.797577E+01 0.801631E+01 0.763715E+01 0.751421E+01 0.803251E+01 0.809377E+01
     159 0.827748E+01 0.797205E+01 0.533416E-01 0.785730E+01 0.833770E+01 0.806652E+01 0.804671E+01 0.799438E+01 0.801854E+01 0.766003E+01 0.760576E+01 0.808917E+01 0.811205E+01
     160 0.818949E+01 0.780272E+01 0.517859E-01 0.770425E+01 0.815589E+01 0.785606E+01 0.791194E+01 0.782365E+01 0.781304E+01 0.742345E+01 0.749180E+01 0.795644E+01 0.796264E+01
     161 0.800427E+01 0.769272E+01 0.665857E-01 0.759412E+01 0.805631E+01 0.770709E+01 0.785666E+01 0.771911E+01 0.766279E+01 0.717020E+01 0.741893E+01 0.788664E+01 0.790791E+01
     162 0.769528E+01 0.748189E+01 0.105918E+00 0.736041E+01 0.788388E+01 0.746778E+01 0.771293E+01 0.752065E+01 0.742082E+01 0.675195E+01 0.721352E+01 0.771005E+01 0.778351E+01
     163 0.724428E+01 0.711454E+01 0.169142E+00 0.695235E+01 0.757959E+01 0.708834E+01 0.741204E+01 0.716924E+01 0.703970E+01 0.615606E+01 0.681606E+01 0.736203E+01 0.751397E+01
     164 0.663248E+01 0.660768E+01 0.250842E+00 0.639472E+01 0.715750E+01 0.658518E+01 0.696544E+01 0.667685E+01 0.653655E+01 0.543086E+01 0.624566E+01 0.685761E+01 0.709863E+01
     165 0.583446E+01 0.597853E+01 0.337240E+00 0.571498E+01 0.662484E+01 0.597201E+01 0.638553E+01 0.605474E+01 0.592473E+01 0.462587E+01 0.553054E+01 0.621513E+01 0.653470E+01
     166 0.482477E+01 0.516863E+01 0.412877E+00 0.486121E+01 0.591168E+01 0.518546E+01 0.561048E+01 0.523829E+01 0.513812E+01 0.370666E+01 0.462784E+01 0.537808E+01 0.575179E+01
     167 0.361043E+01 0.398977E+01 0.456416E+00 0.364980E+01 0.480994E+01 0.403130E+01 0.444312E+01 0.403217E+01 0.397711E+01 0.251740E+01 0.337547E+01 0.415839E+01 0.455716E+01
     168 0.228562E+01 0.264469E+01 0.443982E+00 0.228579E+01 0.349567E+01 0.270854E+01 0.306891E+01 0.263468E+01 0.263533E+01 0.129944E+01 0.200989E+01 0.275458E+01 0.315924E+01
     169 0.106924E+01 0.135561E+01 0.367186E+00 0.994003E+00 0.216643E+01 0.143906E+01 0.169573E+01 0.127549E+01 0.133643E+01 0.286069E+00 0.781705E+00 0.138992E+01 0.179586E+01
     170 0.258461E+00 0.441131E+00 0.257333E+00 0.924375E-01 0.114165E+01 0.539935E+00 0.653713E+00 0.294822E+00 0.412030E+00 -.270747E+00 0.366834E-02 0.401580E+00 0.809387E+00
     171 0.704022E-01 0.508019E+00 0.161642E+00 0.181425E+00 0.106481E+01 0.606212E+00 0.594008E+00 0.323561E+00 0.484705E+00 0.950563E-01 0.225935E+00 0.429502E+00 0.823816E+00
     172 0.468802E+00 0.747600E+00 0.100092E+00 0.443461E+00 0.117747E+01 0.814574E+00 0.756911E+00 0.558500E+00 0.743923E+00 0.464729E+00 0.569401E+00 0.684588E+00 0.103155E+01
     173 0.114116E+01 0.124919E+01 0.665771E-01 0.968383E+00 0.158009E+01 0.124754E+01 0.124628E+01 0.107789E+01 0.125722E+01 0.934411E+00 0.110484E+01 0.125091E+01 0.151399E+01
     174 0.167067E+01 0.168789E+01 0.518248E-01 0.144436E+01 0.193887E+01 0.161896E+01 0.171137E+01 0.154625E+01 0.167532E+01 0.130759E+01 0.154376E+01 0.175630E+01 0.193264E+01
     175 0.178763E+01 0.181867E+01 0.356245E-01 0.163204E+01 0.199523E+01 0.174490E+01 0.185321E+01 0.171440E+01 0.175384E+01 0.149635E+01 0.169697E+01 0.189326E+01 0.202941E+01
     176 0.156279E+01 0.178940E+01 0.242440E-01 0.166423E+01 0.190034E+01 0.181037E+01 0.177979E+01 0.171708E+01 0.166616E+01 0.170918E+01 0.173543E+01 0.177571E+01 0.195860E+01
     177 0.140702E+01 0.178527E+01 0.648234E-01 0.169550E+01 0.185085E+01 0.198684E+01 0.167069E+01 0.169628E+01 0.163616E+01 0.207044E+01 0.183481E+01 0.161295E+01 0.194631E+01
     178 0.178968E+01 0.214253E+01 0.157053E+00 0.204654E+01 0.218372E+01 0.250890E+01 0.191542E+01 0.196153E+01 0.202379E+01 0.271543E+01 0.229276E+01 0.184821E+01 0.236813E+01
     179 0.289102E+01 0.305765E+01 0.235711E+00 0.293501E+01 0.307748E+01 0.350664E+01 0.275365E+01 0.274170E+01 0.300438E+01 0.375458E+01 0.328931E+01 0.273662E+01 0.340044E+01
     180 0.451858E+01 0.426551E+01 0.244969E+00 0.412131E+01 0.425941E+01 0.469343E+01 0.394317E+01 0.383732E+01 0.427470E+01 0.491936E+01 0.455026E+01 0.401372E+01 0.472248E+01
     181 0.626858E+01 0.603319E+01 0.190239E+00 0.589510E+01 0.599744E+01 0.636938E+01 0.574734E+01 0.557367E+01 0.607365E+01 0.655057E+01 0.634411E+01 0.589337E+01 0.654510E+01
     182 0.773638E+01 0.750701E+01 0.113326E+00 0.740892E+01 0.743670E+01 0.772298E+01 0.729120E+01 0.711126E+01 0.754255E+01 0.787379E+01 0.782139E+01 0.746630E+01 0.799096E+01
     183 0.868647E+01 0.852300E+01 0.561730E-01 0.848690E+01 0.841252E+01 0.863233E+01 0.838127E+01 0.824792E+01 0.853558E+01 0.878232E+01 0.882455E+01 0.853792E+01 0.891939E+01
     184 0.912596E+01 0.905161E+01 0.302409E-01 0.907235E+01 0.889811E+01 0.908337E+01 0.896084E+01 0.888795E+01 0.904618E+01 0.925482E+01 0.933309E+01 0.908565E+01 0.935535E+01
     185 0.923214E+01 0.918535E+01 0.227011E-01 0.923909E+01 0.900232E+01 0.917741E+01 0.911816E+01 0.908296E+01 0.917892E+01 0.936606E+01 0.944747E+01 0.922129E+01 0.943081E+01
     186 0.920019E+01 0.916336E+01 0.200348E-01 0.922582E+01 0.896943E+01 0.914020E+01 0.910267E+01 0.907586E+01 0.916680E+01 0.932861E+01 0.940967E+01 0.919842E+01 0.938239E+01
     187 0.914256E+01 0.915556E+01 0.181218E-01 0.921225E+01 0.895488E+01 0.912225E+01 0.909353E+01 0.905493E+01 0.917273E+01 0.929235E+01 0.939110E+01 0.919648E+01 0.936609E+01
     188 0.908539E+01 0.909888E+01 0.167853E-01 0.914703E+01 0.889872E+01 0.906912E+01 0.904151E+01 0.898138E+01 0.912991E+01 0.919949E+01 0.932598E+01 0.914679E+01 0.930169E+01
     189 0.900723E+01 0.903195E+01 0.187399E-01 0.906602E+01 0.883364E+01 0.902970E+01 0.898875E+01 0.889242E+01 0.908564E+01 0.908030E+01 0.925833E+01 0.910589E+01 0.925132E+01
     190 0.886354E+01 0.882320E+01 0.273948E-01 0.882772E+01 0.864122E+01 0.888378E+01 0.880998E+01 0.867515E+01 0.890415E+01 0.879711E+01 0.905089E+01 0.895406E+01 0.908674E+01
     191 0.859726E+01 0.859512E+01 0.522941E-01 0.853870E+01 0.846695E+01 0.876853E+01 0.863886E+01 0.849210E+01 0.868875E+01 0.846522E+01 0.880869E+01 0.882461E+01 0.890642E+01
     192 0.816288E+01 0.814663E+01 0.990553E-01 0.801033E+01 0.813036E+01 0.846155E+01 0.826860E+01 0.818335E+01 0.820705E+01 0.792782E+01 0.830753E+01 0.845932E+01 0.843254E+01
     193 0.754943E+01 0.737268E+01 0.171549E+00 0.716527E+01 0.752294E+01 0.783040E+01 0.758537E+01 0.764139E+01 0.734597E+01 0.711885E+01 0.744028E+01 0.770211E+01 0.751902E+01
     194 0.676734E+01 0.669181E+01 0.262591E+00 0.645971E+01 0.703150E+01 0.726519E+01 0.699466E+01 0.722981E+01 0.654979E+01 0.647792E+01 0.664820E+01 0.694271E+01 0.660669E+01
     195 0.582104E+01 0.641605E+01 0.358986E+00 0.621798E+01 0.692581E+01 0.706661E+01 0.680073E+01 0.720372E+01 0.616312E+01 0.629456E+01 0.626847E+01 0.651973E+01 0.607010E+01
     196 0.470610E+01 0.538975E+01 0.438075E+00 0.527131E+01 0.601449E+01 0.607887E+01 0.584068E+01 0.636259E+01 0.505284E+01 0.537464E+01 0.516362E+01 0.533028E+01 0.481912E+01
     197 0.342244E+01 0.402172E+01 0.496086E+00 0.400190E+01 0.470659E+01 0.471995E+01 0.452413E+01 0.512912E+01 0.362015E+01 0.409976E+01 0.373729E+01 0.381261E+01 0.327677E+01
     198 0.198766E+01 0.290014E+01 0.503647E+00 0.297836E+01 0.358273E+01 0.357276E+01 0.343100E+01 0.406886E+01 0.245989E+01 0.303951E+01 0.258178E+01 0.257982E+01 0.206026E+01
     199 0.460707E+00 0.161511E+01 0.439926E+00 0.177684E+01 0.223438E+01 0.221959E+01 0.214141E+01 0.275223E+01 0.117262E+01 0.177934E+01 0.129010E+01 0.123111E+01 0.775831E+00
     200 -.102927E+01 -.475026E+00 0.320248E+00 -.250776E+00 0.319303E-01 0.176780E-01 0.683505E-02 0.537590E+00 -.876742E+00 -.311579E+00 -.780760E+00 -.883800E+00 -.122576E+01
