       1 0.800000E+01 0.799403E+01 0.118357E-01 0.798682E+01 0.797971E+01 0.778234E+01 0.798975E+01 0.810917E+01 0.812157E+01 0.810913E+01 0.797863E+01 0.820252E+01 0.801274E+01
       2 0.800009E+01 0.798486E+01 0.205155E-01 0.802033E+01 0.787795E+01 0.774943E+01 0.810461E+01 0.814749E+01 0.801313E+01 0.806821E+01 0.788552E+01 0.824318E+01 0.797160E+01
       3 0.800068E+01 0.797292E+01 0.385688E-01 0.806824E+01 0.780117E+01 0.780255E+01 0.821273E+01 0.817805E+01 0.786135E+01 0.802818E+01 0.778967E+01 0.822696E+01 0.792011E+01
       4 0.800251E+01 0.792417E+01 0.578586E-01 0.807647E+01 0.772910E+01 0.795064E+01 0.824761E+01 0.814226E+01 0.766204E+01 0.798182E+01 0.766043E+01 0.811591E+01 0.786642E+01
       5 0.800629E+01 0.791498E+01 0.636478E-01 0.808704E+01 0.773871E+01 0.826810E+01 0.825314E+01 0.810384E+01 0.756655E+01 0.801633E+01 0.756692E+01 0.800294E+01 0.793660E+01
       6 0.801167E+01 0.784299E+01 0.835635E-01 0.796627E+01 0.770693E+01 0.857042E+01 0.812638E+01 0.797876E+01 0.755736E+01 0.801579E+01 0.739526E+01 0.782980E+01 0.802923E+01
       7 0.801588E+01 0.794867E+01 0.178599E+00 0.796123E+01 0.783778E+01 0.887169E+01 0.813892E+01 0.805981E+01 0.792065E+01 0.817615E+01 0.740338E+01 0.789776E+01 0.828556E+01
       8 0.801289E+01 0.745604E+01 0.295097E+00 0.736563E+01 0.734169E+01 0.811409E+01 0.756046E+01 0.762438E+01 0.781883E+01 0.767471E+01 0.688316E+01 0.745078E+01 0.775550E+01
       9 0.799438E+01 0.734270E+01 0.357043E+00 0.727733E+01 0.723620E+01 0.721520E+01 0.737137E+01 0.764693E+01 0.807881E+01 0.748742E+01 0.687955E+01 0.735572E+01 0.729744E+01
      10 0.795389E+01 0.696923E+01 0.456223E+00 0.714026E+01 0.694461E+01 0.579888E+01 0.688497E+01 0.741197E+01 0.789053E+01 0.700197E+01 0.676424E+01 0.682770E+01 0.634372E+01
      11 0.789459E+01 0.681740E+01 0.550924E+00 0.740401E+01 0.698744E+01 0.495710E+01 0.657559E+01 0.726441E+01 0.748442E+01 0.677271E+01 0.696707E+01 0.638254E+01 0.569021E+01
      12 0.783794E+01 0.710642E+01 0.536437E+00 0.807614E+01 0.749608E+01 0.530029E+01 0.677530E+01 0.740283E+01 0.716038E+01 0.712544E+01 0.750246E+01 0.651368E+01 0.588993E+01
      13 0.782717E+01 0.732645E+01 0.585181E+00 0.858885E+01 0.802937E+01 0.599783E+01 0.699320E+01 0.733873E+01 0.656838E+01 0.757576E+01 0.786043E+01 0.678581E+01 0.635452E+01
      14 0.791767E+01 0.865653E+01 0.663856E+00 0.971216E+01 0.958293E+01 0.810514E+01 0.852779E+01 0.835352E+01 0.735275E+01 0.924198E+01 0.904648E+01 0.846977E+01 0.822793E+01
      15 0.815147E+01 0.895003E+01 0.745077E+00 0.933150E+01 0.991788E+01 0.909099E+01 0.915354E+01 0.851764E+01 0.756613E+01 0.987468E+01 0.898054E+01 0.922931E+01 0.912512E+01
      16 0.851829E+01 0.858930E+01 0.830214E+00 0.779622E+01 0.923962E+01 0.949076E+01 0.932364E+01 0.822323E+01 0.762857E+01 0.972750E+01 0.816891E+01 0.933612E+01 0.926955E+01
      17 0.890557E+01 0.867931E+01 0.874001E+00 0.702172E+01 0.881449E+01 0.996085E+01 0.985900E+01 0.857152E+01 0.838721E+01 0.977961E+01 0.801085E+01 0.958701E+01 0.938784E+01
      18 0.904548E+01 0.855792E+01 0.846540E+00 0.653966E+01 0.806876E+01 0.984269E+01 0.100490E+02 0.880397E+01 0.905941E+01 0.933940E+01 0.792235E+01 0.919793E+01 0.870761E+01
      19 0.852213E+01 0.836202E+01 0.808169E+00 0.665765E+01 0.741667E+01 0.918907E+01 0.976917E+01 0.896265E+01 0.952343E+01 0.857960E+01 0.809437E+01 0.825599E+01 0.759818E+01
      20 0.699704E+01 0.744998E+01 0.947195E+00 0.666823E+01 0.635838E+01 0.745647E+01 0.813661E+01 0.834790E+01 0.892061E+01 0.692128E+01 0.788188E+01 0.630947E+01 0.589676E+01
      21 0.472168E+01 0.442500E+01 0.100780E+01 0.487890E+01 0.370309E+01 0.363828E+01 0.386968E+01 0.532076E+01 0.553610E+01 0.330821E+01 0.560607E+01 0.275537E+01 0.297608E+01
      22 0.280074E+01 0.315495E+01 0.806655E+00 0.431634E+01 0.303099E+01 0.204807E+01 0.174986E+01 0.372157E+01 0.374372E+01 0.192154E+01 0.459388E+01 0.193052E+01 0.251544E+01
      23 0.224149E+01 0.299378E+01 0.539281E+00 0.419874E+01 0.318370E+01 0.197623E+01 0.159239E+01 0.323727E+01 0.338079E+01 0.197403E+01 0.427031E+01 0.237710E+01 0.284442E+01
      24 0.250113E+01 0.245889E+01 0.401649E+00 0.352875E+01 0.255723E+01 0.171182E+01 0.136725E+01 0.273005E+01 0.277658E+01 0.162944E+01 0.370435E+01 0.175653E+01 0.216246E+01
      25 0.264296E+01 0.271907E+01 0.458216E+00 0.375648E+01 0.270317E+01 0.211860E+01 0.164548E+01 0.307900E+01 0.305651E+01 0.191223E+01 0.409467E+01 0.193472E+01 0.229855E+01
      26 0.300342E+01 0.318084E+01 0.452578E+00 0.411919E+01 0.316521E+01 0.266950E+01 0.213547E+01 0.346286E+01 0.351283E+01 0.239541E+01 0.452658E+01 0.261980E+01 0.270003E+01
      27 0.333533E+01 0.266008E+01 0.351319E+00 0.332726E+01 0.259598E+01 0.238149E+01 0.180219E+01 0.301468E+01 0.273106E+01 0.214011E+01 0.388912E+01 0.219546E+01 0.210545E+01
      28 0.352482E+01 0.283373E+01 0.335515E+00 0.328842E+01 0.267731E+01 0.273234E+01 0.216700E+01 0.330076E+01 0.265306E+01 0.257401E+01 0.395921E+01 0.239223E+01 0.222296E+01
      29 0.371732E+01 0.301727E+01 0.380886E+00 0.339967E+01 0.281616E+01 0.302946E+01 0.245317E+01 0.353612E+01 0.263361E+01 0.294920E+01 0.407947E+01 0.259083E+01 0.238606E+01
      30 0.390959E+01 0.373479E+01 0.382568E+00 0.409170E+01 0.353878E+01 0.379808E+01 0.321364E+01 0.429398E+01 0.326259E+01 0.379826E+01 0.471732E+01 0.330853E+01 0.318781E+01
      31 0.409945E+01 0.391709E+01 0.295015E+00 0.423499E+01 0.376956E+01 0.398667E+01 0.344717E+01 0.445318E+01 0.348023E+01 0.401823E+01 0.473545E+01 0.350168E+01 0.354297E+01
      32 0.428005E+01 0.436568E+01 0.191725E+00 0.462884E+01 0.427919E+01 0.443533E+01 0.396680E+01 0.483435E+01 0.400132E+01 0.444175E+01 0.496884E+01 0.396441E+01 0.418885E+01
      33 0.445490E+01 0.428715E+01 0.105930E+00 0.449544E+01 0.424793E+01 0.435130E+01 0.397162E+01 0.462971E+01 0.401117E+01 0.430358E+01 0.467849E+01 0.392041E+01 0.427610E+01
      34 0.462871E+01 0.459182E+01 0.630120E-01 0.475528E+01 0.458488E+01 0.465996E+01 0.435894E+01 0.483162E+01 0.435597E+01 0.456770E+01 0.483108E+01 0.423828E+01 0.470338E+01
      35 0.479780E+01 0.474230E+01 0.383794E-01 0.487400E+01 0.474789E+01 0.479783E+01 0.457575E+01 0.485714E+01 0.454836E+01 0.468490E+01 0.488821E+01 0.442475E+01 0.491679E+01
      36 0.494547E+01 0.483123E+01 0.245094E-01 0.494646E+01 0.483340E+01 0.485078E+01 0.471017E+01 0.481220E+01 0.468979E+01 0.473799E+01 0.492795E+01 0.457071E+01 0.502105E+01
      37 0.503984E+01 0.496834E+01 0.176830E-01 0.508214E+01 0.496209E+01 0.493275E+01 0.487514E+01 0.482106E+01 0.489278E+01 0.483271E+01 0.504362E+01 0.477478E+01 0.514641E+01
      38 0.504396E+01 0.498976E+01 0.181620E-01 0.511873E+01 0.497443E+01 0.486879E+01 0.490596E+01 0.469512E+01 0.503080E+01 0.479121E+01 0.506333E+01 0.488293E+01 0.513580E+01
      39 0.493477E+01 0.484082E+01 0.319755E-01 0.499603E+01 0.481821E+01 0.460967E+01 0.474919E+01 0.439009E+01 0.504619E+01 0.456052E+01 0.492347E+01 0.483088E+01 0.494928E+01
      40 0.471458E+01 0.462062E+01 0.599431E-01 0.480546E+01 0.459120E+01 0.427642E+01 0.450817E+01 0.403708E+01 0.499767E+01 0.425528E+01 0.471878E+01 0.469429E+01 0.469702E+01
      41 0.440559E+01 0.427623E+01 0.961295E-01 0.448823E+01 0.423746E+01 0.383146E+01 0.413500E+01 0.359823E+01 0.480403E+01 0.383419E+01 0.439372E+01 0.440621E+01 0.432817E+01
      42 0.403651E+01 0.384114E+01 0.135434E+00 0.407245E+01 0.378584E+01 0.331112E+01 0.366313E+01 0.310513E+01 0.449217E+01 0.333207E+01 0.397829E+01 0.400026E+01 0.387458E+01
      43 0.363303E+01 0.335443E+01 0.172466E+00 0.359110E+01 0.327136E+01 0.276064E+01 0.313371E+01 0.259401E+01 0.409455E+01 0.279042E+01 0.350805E+01 0.352130E+01 0.336984E+01
      44 0.321682E+01 0.279297E+01 0.199300E+00 0.301341E+01 0.266786E+01 0.216812E+01 0.253168E+01 0.204558E+01 0.358030E+01 0.219465E+01 0.295761E+01 0.295178E+01 0.278022E+01
      45 0.281042E+01 0.247747E+01 0.208376E+00 0.265177E+01 0.229205E+01 0.186153E+01 0.218555E+01 0.179321E+01 0.326286E+01 0.187555E+01 0.264726E+01 0.261375E+01 0.241734E+01
      46 0.243768E+01 0.213292E+01 0.199637E+00 0.223152E+01 0.186743E+01 0.156087E+01 0.182241E+01 0.156903E+01 0.286392E+01 0.156363E+01 0.230430E+01 0.223039E+01 0.200773E+01
      47 0.212348E+01 0.182180E+01 0.178078E+00 0.182513E+01 0.145939E+01 0.131919E+01 0.150672E+01 0.143391E+01 0.244464E+01 0.132444E+01 0.199583E+01 0.186022E+01 0.162410E+01
      48 0.189543E+01 0.152584E+01 0.155096E+00 0.142859E+01 0.105646E+01 0.110341E+01 0.121674E+01 0.135518E+01 0.199427E+01 0.113490E+01 0.171019E+01 0.148260E+01 0.126037E+01
      49 0.177626E+01 0.163292E+01 0.139898E+00 0.144722E+01 0.106818E+01 0.128496E+01 0.133659E+01 0.168634E+01 0.192551E+01 0.136221E+01 0.183451E+01 0.149142E+01 0.132443E+01
      50 0.177272E+01 0.179019E+01 0.139695E+00 0.153643E+01 0.114669E+01 0.149226E+01 0.150027E+01 0.205111E+01 0.191282E+01 0.163731E+01 0.201775E+01 0.153943E+01 0.147128E+01
      51 0.187212E+01 0.194340E+01 0.154661E+00 0.164225E+01 0.123821E+01 0.166521E+01 0.164712E+01 0.239634E+01 0.191724E+01 0.190156E+01 0.220569E+01 0.157342E+01 0.164989E+01
      52 0.204475E+01 0.228022E+01 0.183680E+00 0.194886E+01 0.153255E+01 0.199730E+01 0.196704E+01 0.293176E+01 0.212411E+01 0.234936E+01 0.258099E+01 0.177766E+01 0.205584E+01
      53 0.225613E+01 0.248097E+01 0.226738E+00 0.213733E+01 0.170665E+01 0.217397E+01 0.214170E+01 0.332256E+01 0.221932E+01 0.266041E+01 0.281597E+01 0.185280E+01 0.236007E+01
      54 0.249554E+01 0.294164E+01 0.276991E+00 0.259892E+01 0.215776E+01 0.261383E+01 0.258405E+01 0.396905E+01 0.258445E+01 0.323945E+01 0.329320E+01 0.221049E+01 0.294250E+01
      55 0.278339E+01 0.349611E+01 0.331236E+00 0.314651E+01 0.271003E+01 0.317188E+01 0.314712E+01 0.470303E+01 0.303482E+01 0.391857E+01 0.386602E+01 0.268872E+01 0.360704E+01
      56 0.308301E+01 0.388182E+01 0.370139E+00 0.350363E+01 0.314104E+01 0.360092E+01 0.359638E+01 0.520939E+01 0.331980E+01 0.440566E+01 0.431358E+01 0.303318E+01 0.410438E+01
      57 0.320781E+01 0.379470E+01 0.367828E+00 0.337798E+01 0.321302E+01 0.360650E+01 0.364235E+01 0.510052E+01 0.318485E+01 0.437057E+01 0.431335E+01 0.297832E+01 0.416886E+01
      58 0.293901E+01 0.341823E+01 0.329851E+00 0.297534E+01 0.313499E+01 0.339322E+01 0.346467E+01 0.452202E+01 0.285544E+01 0.399913E+01 0.393041E+01 0.275820E+01 0.396620E+01
      59 0.226650E+01 0.243391E+01 0.284030E+00 0.198399E+01 0.249948E+01 0.264060E+01 0.269726E+01 0.317470E+01 0.201483E+01 0.295922E+01 0.272590E+01 0.205698E+01 0.303358E+01
      60 0.147502E+01 0.117446E+01 0.254726E+00 0.771236E+00 0.153849E+01 0.161971E+01 0.162090E+01 0.146580E+01 0.946542E+00 0.152641E+01 0.102853E+01 0.116525E+01 0.160839E+01
      61 0.955816E+00 0.643084E+00 0.248795E+00 0.391215E+00 0.117099E+01 0.122616E+01 0.119233E+01 0.482642E+00 0.566846E+00 0.647865E+00 0.203321E-01 0.101476E+01 0.718962E+00
      62 0.877302E+00 0.478302E+00 0.269387E+00 0.497967E+00 0.100591E+01 0.102262E+01 0.102517E+01 -.806048E-01 0.451577E+00 -.123732E-01 -.413906E+00 0.119117E+01 0.131807E+00
      63 0.106660E+01 0.135320E+01 0.329647E+00 0.169853E+01 0.173507E+01 0.168334E+01 0.177653E+01 0.506897E+00 0.128902E+01 0.356409E+00 0.536315E+00 0.231936E+01 0.667608E+00
      64 0.119690E+01 0.200319E+01 0.413684E+00 0.260357E+01 0.213205E+01 0.201430E+01 0.219494E+01 0.104512E+01 0.186943E+01 0.664999E+00 0.157121E+01 0.306353E+01 0.115205E+01
      65 0.100642E+01 0.200375E+01 0.455337E+00 0.268156E+01 0.183819E+01 0.168614E+01 0.190398E+01 0.116083E+01 0.182133E+01 0.629696E+00 0.211639E+01 0.294714E+01 0.120882E+01
      66 0.402951E+00 0.120961E+01 0.431156E+00 0.177420E+01 0.795628E+00 0.649899E+00 0.846799E+00 0.664996E+00 0.100066E+01 0.961122E-01 0.184896E+01 0.187861E+01 0.647773E+00
      67 -.497612E+00 0.179554E+00 0.350671E+00 0.505431E+00 -.358599E+00 -.482463E+00 -.344354E+00 0.127906E-01 -.103365E-01 -.442047E+00 0.116402E+01 0.503712E+00 -.491688E-01
      68 -.137615E+01 -.670681E+00 0.248281E+00 -.595910E+00 -.117711E+01 -.129846E+01 -.121814E+01 -.515327E+00 -.740777E+00 -.696084E+00 0.367053E+00 -.697905E+00 -.554485E+00
      69 -.182825E+01 -.162657E+01 0.184288E+00 -.173549E+01 -.199161E+01 -.213974E+01 -.208973E+01 -.126867E+01 -.146635E+01 -.108152E+01 -.804433E+00 -.198712E+01 -.120637E+01
      70 -.167292E+01 -.186879E+01 0.179735E+00 -.204284E+01 -.208283E+01 -.225865E+01 -.221325E+01 -.146057E+01 -.146708E+01 -.989204E+00 -.136376E+01 -.248355E+01 -.127364E+01
      71 -.121933E+01 -.150368E+01 0.166395E+00 -.167043E+01 -.165868E+01 -.181834E+01 -.178346E+01 -.111307E+01 -.104450E+01 -.619832E+00 -.116311E+01 -.219599E+01 -.897247E+00
      72 -.818563E+00 -.103490E+01 0.124115E+00 -.116722E+01 -.119459E+01 -.134815E+01 -.128390E+01 -.665038E+00 -.699644E+00 -.343994E+00 -.702475E+00 -.162738E+01 -.494926E+00
      73 -.114494E+00 -.209295E+00 0.119722E+00 -.256611E+00 -.285513E+00 -.548578E+00 -.341063E+00 0.838027E-01 0.165231E+00 0.399094E+00 -.310103E-01 -.837932E+00 0.372400E+00
      74 0.148041E+01 0.103630E+01 0.217974E+00 0.114983E+01 0.112534E+01 0.661552E+00 0.108695E+01 0.117982E+01 0.168220E+01 0.170864E+01 0.910788E+00 0.924047E-01 0.178644E+01
      75 0.391699E+01 0.326730E+01 0.342758E+00 0.352170E+01 0.343109E+01 0.286005E+01 0.339964E+01 0.327992E+01 0.412820E+01 0.399910E+01 0.300536E+01 0.202154E+01 0.412226E+01
      76 0.666609E+01 0.611642E+01 0.359205E+00 0.643962E+01 0.621779E+01 0.569368E+01 0.619555E+01 0.607426E+01 0.698652E+01 0.686380E+01 0.598379E+01 0.476531E+01 0.693374E+01
      77 0.912806E+01 0.849052E+01 0.260536E+00 0.883488E+01 0.842305E+01 0.810569E+01 0.842051E+01 0.843097E+01 0.912072E+01 0.924146E+01 0.876295E+01 0.731319E+01 0.910293E+01
      78 0.106387E+02 0.100566E+02 0.191257E+00 0.103915E+02 0.978748E+01 0.977163E+01 0.981081E+01 0.997597E+01 0.102473E+02 0.108296E+02 0.109373E+02 0.930624E+01 0.103447E+02
      79 0.106634E+02 0.103919E+02 0.245686E+00 0.106811E+02 0.100002E+02 0.102363E+02 0.100652E+02 0.102579E+02 0.100512E+02 0.111536E+02 0.118902E+02 0.102315E+02 0.103135E+02
      80 0.953953E+01 0.960377E+01 0.313772E+00 0.979990E+01 0.927793E+01 0.952868E+01 0.942831E+01 0.941350E+01 0.879522E+01 0.102204E+02 0.114428E+02 0.999249E+01 0.922633E+01
      81 0.836071E+01 0.849364E+01 0.309264E+00 0.858964E+01 0.839984E+01 0.843352E+01 0.867702E+01 0.828269E+01 0.741148E+01 0.880725E+01 0.102445E+02 0.916986E+01 0.794252E+01
      82 0.777325E+01 0.754659E+01 0.299995E+00 0.761378E+01 0.768430E+01 0.747722E+01 0.808604E+01 0.733199E+01 0.638351E+01 0.752733E+01 0.900644E+01 0.826075E+01 0.692398E+01
      83 0.767033E+01 0.754934E+01 0.266930E+00 0.766874E+01 0.785395E+01 0.750381E+01 0.824727E+01 0.730772E+01 0.647808E+01 0.730199E+01 0.870762E+01 0.819200E+01 0.693891E+01
      84 0.768798E+01 0.741766E+01 0.180327E+00 0.759488E+01 0.780832E+01 0.743496E+01 0.795552E+01 0.715825E+01 0.658104E+01 0.712603E+01 0.834748E+01 0.798592E+01 0.692226E+01
      85 0.750307E+01 0.760824E+01 0.106335E+00 0.778020E+01 0.800974E+01 0.768997E+01 0.779716E+01 0.737223E+01 0.703216E+01 0.740057E+01 0.841535E+01 0.814965E+01 0.727343E+01
      86 0.691166E+01 0.729165E+01 0.884162E-01 0.734660E+01 0.762562E+01 0.742840E+01 0.699472E+01 0.713242E+01 0.695594E+01 0.732067E+01 0.809620E+01 0.788769E+01 0.715725E+01
      87 0.584689E+01 0.633660E+01 0.140974E+00 0.623814E+01 0.654702E+01 0.650115E+01 0.564564E+01 0.625576E+01 0.617535E+01 0.662362E+01 0.720507E+01 0.702720E+01 0.635884E+01
      88 0.435730E+01 0.527879E+01 0.217362E+00 0.506078E+01 0.533517E+01 0.544387E+01 0.437426E+01 0.524488E+01 0.522533E+01 0.575562E+01 0.624458E+01 0.606674E+01 0.536720E+01
      89 0.257572E+01 0.391997E+01 0.269843E+00 0.363042E+01 0.384925E+01 0.407212E+01 0.297187E+01 0.391506E+01 0.388816E+01 0.447996E+01 0.497309E+01 0.478168E+01 0.398289E+01
      90 0.725174E+00 0.170135E+01 0.282800E+00 0.135467E+01 0.156472E+01 0.183863E+01 0.813957E+00 0.173695E+01 0.162433E+01 0.225691E+01 0.277497E+01 0.258881E+01 0.169832E+01
      91 -.853635E+00 0.582614E-01 0.252660E+00 -.381561E+00 -.480329E-01 0.181502E+00 -.718891E+00 0.178113E+00 -.106164E+00 0.541809E+00 0.100248E+01 0.896499E+00 0.215129E-01
      92 -.176207E+01 -.916919E+00 0.196234E+00 -.150448E+01 -.883599E+00 -.805781E+00 -.155856E+01 -.666969E+00 -.117864E+01 -.560487E+00 -.298173E+00 -.214303E+00 -.908603E+00
      93 -.172692E+01 -.133858E+01 0.163781E+00 -.211626E+01 -.108673E+01 -.122910E+01 -.182704E+01 -.940269E+00 -.168831E+01 -.114297E+01 -.119175E+01 -.825692E+00 -.122190E+01
      94 -.773635E+00 -.573697E+00 0.180649E+00 -.153126E+01 -.998749E-01 -.450718E+00 -.899842E+00 -.617717E-01 -.982044E+00 -.540520E+00 -.902670E+00 -.252286E+00 -.343604E+00
      95 0.758856E+00 0.785984E+00 0.201920E+00 -.264194E+00 0.139334E+01 0.927318E+00 0.612114E+00 0.132361E+01 0.373494E+00 0.696065E+00 0.145398E+00 0.955821E+00 0.107741E+01
      96 0.239231E+01 0.231485E+01 0.176694E+00 0.130178E+01 0.292460E+01 0.246166E+01 0.226907E+01 0.278101E+01 0.195754E+01 0.216193E+01 0.160408E+01 0.238213E+01 0.259359E+01
      97 0.374901E+01 0.350882E+01 0.119248E+00 0.264254E+01 0.402223E+01 0.363983E+01 0.355498E+01 0.384628E+01 0.324553E+01 0.334700E+01 0.290370E+01 0.350464E+01 0.373011E+01
      98 0.467243E+01 0.434553E+01 0.712406E-01 0.365463E+01 0.473460E+01 0.444979E+01 0.445105E+01 0.455362E+01 0.418192E+01 0.420255E+01 0.389865E+01 0.428638E+01 0.450017E+01
      99 0.518831E+01 0.492484E+01 0.466773E-01 0.440333E+01 0.520539E+01 0.499527E+01 0.505276E+01 0.503301E+01 0.485640E+01 0.481608E+01 0.458470E+01 0.480732E+01 0.504751E+01
     100 0.540582E+01 0.494622E+01 0.465340E-01 0.463559E+01 0.514859E+01 0.496478E+01 0.504399E+01 0.498574E+01 0.498296E+01 0.488353E+01 0.457129E+01 0.473057E+01 0.512893E+01
     101 0.544416E+01 0.479128E+01 0.717883E-01 0.469926E+01 0.495166E+01 0.475612E+01 0.482930E+01 0.479171E+01 0.492667E+01 0.476637E+01 0.426953E+01 0.446557E+01 0.508663E+01
     102 0.540296E+01 0.469736E+01 0.124329E+00 0.482505E+01 0.484840E+01 0.461573E+01 0.466341E+01 0.468047E+01 0.490911E+01 0.468596E+01 0.394701E+01 0.426584E+01 0.513333E+01
     103 0.536380E+01 0.461016E+01 0.169973E+00 0.485701E+01 0.477989E+01 0.451437E+01 0.453835E+01 0.459829E+01 0.483595E+01 0.457940E+01 0.367125E+01 0.412498E+01 0.513152E+01
     104 0.540470E+01 0.466205E+01 0.199676E+00 0.495026E+01 0.486591E+01 0.457442E+01 0.458945E+01 0.466515E+01 0.484763E+01 0.458367E+01 0.359440E+01 0.415651E+01 0.521983E+01
     105 0.559894E+01 0.506084E+01 0.210113E+00 0.533963E+01 0.529866E+01 0.498620E+01 0.500357E+01 0.507850E+01 0.518118E+01 0.492959E+01 0.395458E+01 0.455605E+01 0.561832E+01
     106 0.596658E+01 0.540297E+01 0.208166E+00 0.569391E+01 0.565238E+01 0.532746E+01 0.534022E+01 0.541816E+01 0.548003E+01 0.523798E+01 0.433222E+01 0.490658E+01 0.595513E+01
     107 0.641806E+01 0.549316E+01 0.203297E+00 0.589257E+01 0.571155E+01 0.540114E+01 0.538024E+01 0.547760E+01 0.557069E+01 0.531429E+01 0.447505E+01 0.500659E+01 0.606296E+01
     108 0.679644E+01 0.601223E+01 0.194232E+00 0.659028E+01 0.616511E+01 0.591497E+01 0.582239E+01 0.594691E+01 0.610394E+01 0.582295E+01 0.502779E+01 0.555749E+01 0.659503E+01
     109 0.698929E+01 0.625832E+01 0.175472E+00 0.698368E+01 0.635003E+01 0.619542E+01 0.600516E+01 0.614612E+01 0.633573E+01 0.604651E+01 0.528953E+01 0.588448E+01 0.679620E+01
     110 0.698514E+01 0.636704E+01 0.152061E+00 0.712393E+01 0.643338E+01 0.638614E+01 0.607795E+01 0.622603E+01 0.638667E+01 0.611976E+01 0.539352E+01 0.612963E+01 0.679184E+01
     111 0.687377E+01 0.644667E+01 0.136005E+00 0.708741E+01 0.652200E+01 0.657205E+01 0.614822E+01 0.629843E+01 0.638313E+01 0.617660E+01 0.544039E+01 0.636840E+01 0.673087E+01
     112 0.680917E+01 0.633847E+01 0.125749E+00 0.677510E+01 0.643003E+01 0.654779E+01 0.605659E+01 0.620763E+01 0.620757E+01 0.608660E+01 0.528848E+01 0.638748E+01 0.651390E+01
     113 0.687475E+01 0.629290E+01 0.105316E+00 0.655040E+01 0.639257E+01 0.652946E+01 0.606258E+01 0.620841E+01 0.614163E+01 0.609177E+01 0.524062E+01 0.641196E+01 0.641160E+01
     114 0.691679E+01 0.620923E+01 0.643194E-01 0.641268E+01 0.631853E+01 0.639737E+01 0.608822E+01 0.619853E+01 0.609210E+01 0.605580E+01 0.529668E+01 0.635467E+01 0.630233E+01
     115 0.654179E+01 0.619233E+01 0.252133E-01 0.647545E+01 0.632118E+01 0.624719E+01 0.624860E+01 0.627212E+01 0.614562E+01 0.605910E+01 0.566874E+01 0.634701E+01 0.628181E+01
     116 0.536482E+01 0.511163E+01 0.553760E-01 0.560890E+01 0.525984E+01 0.493434E+01 0.537678E+01 0.526648E+01 0.513284E+01 0.495362E+01 0.531827E+01 0.524449E+01 0.528381E+01
     117 0.339712E+01 0.306450E+01 0.171166E+00 0.368199E+01 0.314070E+01 0.265043E+01 0.344650E+01 0.324773E+01 0.307906E+01 0.290420E+01 0.404744E+01 0.308423E+01 0.343930E+01
     118 0.115399E+01 0.944640E+00 0.284466E+00 0.149442E+01 0.810555E+00 0.370977E+00 0.131707E+01 0.112637E+01 0.884822E+00 0.853359E+00 0.245802E+01 0.728024E+00 0.157852E+01
     119 -.730826E+00 -.255354E+00 0.325261E+00 0.893450E-01 -.669297E+00 -.861938E+00 0.316501E-01 -.768079E-01 -.383603E+00 -.219269E+00 0.140248E+01 -.756222E+00 0.538870E+00
     120 -.190620E+01 -.140383E+01 0.284380E+00 -.131203E+01 -.205739E+01 -.191389E+01 -.122195E+01 -.122116E+01 -.153154E+01 -.122242E+01 0.681262E-01 -.212782E+01 -.667657E+00
     121 -.234453E+01 -.146598E+01 0.196516E+00 -.160770E+01 -.225020E+01 -.177895E+01 -.139080E+01 -.127935E+01 -.151541E+01 -.115482E+01 -.396369E+00 -.228725E+01 -.102208E+01
     122 -.218936E+01 -.131731E+01 0.120182E+00 -.162548E+01 -.210337E+01 -.138096E+01 -.134722E+01 -.113264E+01 -.123991E+01 -.917137E+00 -.767996E+00 -.209597E+01 -.132344E+01
     123 -.163713E+01 -.104711E+01 0.100308E+00 -.142884E+01 -.172634E+01 -.862801E+00 -.117455E+01 -.871203E+00 -.837694E+00 -.613293E+00 -.104383E+01 -.167316E+01 -.152934E+01
     124 -.886354E+00 -.592505E+00 0.135886E+00 -.958966E+00 -.109109E+01 -.199405E+00 -.797566E+00 -.430791E+00 -.274006E+00 -.181056E+00 -.108278E+01 -.998604E+00 -.147228E+01
     125 -.113294E+00 -.158605E+00 0.189820E+00 -.439676E+00 -.436507E+00 0.376809E+00 -.410244E+00 -.196144E-01 0.226735E+00 0.181202E+00 -.101346E+01 -.316830E+00 -.129272E+01
     126 0.543808E+00 0.205021E+00 0.225727E+00 0.518709E-01 0.156795E+00 0.808038E+00 -.592432E-01 0.311111E+00 0.610803E+00 0.439447E+00 -.847636E+00 0.291597E+00 -.103505E+01
     127 0.991279E+00 0.274090E+00 0.229553E+00 0.269455E+00 0.445713E+00 0.874592E+00 0.240922E-01 0.337001E+00 0.654748E+00 0.384703E+00 -.815408E+00 0.584513E+00 -.944992E+00
     128 0.117810E+01 0.400565E+00 0.207803E+00 0.544046E+00 0.765411E+00 0.940854E+00 0.180564E+00 0.415938E+00 0.716509E+00 0.387617E+00 -.602146E+00 0.895685E+00 -.700023E+00
     129 0.109281E+01 0.411963E+00 0.173513E+00 0.685231E+00 0.938449E+00 0.850076E+00 0.226105E+00 0.383364E+00 0.630057E+00 0.292486E+00 -.431819E+00 0.103918E+01 -.494318E+00
     130 0.769536E+00 0.243605E+00 0.134109E+00 0.603827E+00 0.893791E+00 0.549515E+00 0.881629E-01 0.183648E+00 0.335627E+00 0.535690E-01 -.408682E+00 0.925371E+00 -.395320E+00
     131 0.308830E+00 -.266142E+00 0.982807E-01 0.103310E+00 0.453431E+00 -.100083E+00 -.399797E+00 -.333501E+00 -.309046E+00 -.466388E+00 -.735107E+00 0.359226E+00 -.588223E+00
     132 -.102302E+00 -.588657E+00 0.787294E-01 -.313610E+00 0.134304E+00 -.529492E+00 -.709964E+00 -.635189E+00 -.735006E+00 -.730175E+00 -.930201E+00 -.128744E+00 -.619472E+00
     133 -.231505E+00 -.431210E+00 0.748260E-01 -.312729E+00 0.245033E+00 -.416557E+00 -.540345E+00 -.447579E+00 -.612882E+00 -.490842E+00 -.715157E+00 -.155617E+00 -.299067E+00
     134 0.230530E-01 -.197701E-01 0.624046E-01 -.163385E-01 0.582596E+00 -.663771E-02 -.108879E+00 -.264977E-01 -.177857E+00 -.442420E-01 -.274048E+00 0.162106E+00 0.119416E+00
     135 0.434436E+00 0.309323E+00 0.365889E-01 0.340762E+00 0.815404E+00 0.313240E+00 0.238624E+00 0.287498E+00 0.178060E+00 0.256387E+00 0.113525E+00 0.503164E+00 0.379790E+00
     136 0.599915E+00 0.344611E+00 0.221912E-01 0.488907E+00 0.735074E+00 0.315257E+00 0.268014E+00 0.327626E+00 0.198818E+00 0.288634E+00 0.231553E+00 0.511388E+00 0.418335E+00
     137 0.451819E+00 0.375295E+00 0.323642E-01 0.533191E+00 0.666353E+00 0.352186E+00 0.254840E+00 0.439454E+00 0.206210E+00 0.449684E+00 0.272019E+00 0.324443E+00 0.572810E+00
     138 0.476292E+00 0.549873E+00 0.111156E+00 0.498235E+00 0.814733E+00 0.652005E+00 0.354961E+00 0.770915E+00 0.428542E+00 0.887976E+00 0.270878E+00 0.120001E+00 0.878070E+00
     139 0.127800E+01 0.163523E+01 0.235011E+00 0.129744E+01 0.192925E+01 0.192411E+01 0.138055E+01 0.198205E+01 0.164713E+01 0.219470E+01 0.108261E+01 0.923111E+00 0.194721E+01
     140 0.297064E+01 0.360788E+01 0.285642E+00 0.309466E+01 0.394894E+01 0.403872E+01 0.334198E+01 0.397698E+01 0.378315E+01 0.422976E+01 0.282350E+01 0.286649E+01 0.375464E+01
     141 0.508061E+01 0.571901E+01 0.213333E+00 0.522663E+01 0.605511E+01 0.616080E+01 0.551085E+01 0.599483E+01 0.601644E+01 0.623206E+01 0.489333E+01 0.517216E+01 0.565753E+01
     142 0.695554E+01 0.754020E+01 0.104519E+00 0.719313E+01 0.779363E+01 0.788036E+01 0.743406E+01 0.766569E+01 0.788847E+01 0.786088E+01 0.687595E+01 0.725214E+01 0.732500E+01
     143 0.819143E+01 0.854127E+01 0.399517E-01 0.834534E+01 0.866994E+01 0.875855E+01 0.852914E+01 0.854118E+01 0.888865E+01 0.869431E+01 0.812515E+01 0.842418E+01 0.825844E+01
     144 0.877358E+01 0.889867E+01 0.202445E-01 0.879612E+01 0.892166E+01 0.903254E+01 0.894674E+01 0.882616E+01 0.923362E+01 0.895272E+01 0.869081E+01 0.883366E+01 0.859676E+01
     145 0.893425E+01 0.898647E+01 0.185631E-01 0.892425E+01 0.896204E+01 0.906371E+01 0.907419E+01 0.886921E+01 0.931022E+01 0.898789E+01 0.890419E+01 0.892566E+01 0.867429E+01
     146 0.891860E+01 0.896687E+01 0.184921E-01 0.891882E+01 0.893782E+01 0.900128E+01 0.907292E+01 0.882933E+01 0.927476E+01 0.895030E+01 0.893095E+01 0.889568E+01 0.866321E+01
     147 0.886192E+01 0.886484E+01 0.167326E-01 0.882625E+01 0.883578E+01 0.885507E+01 0.897824E+01 0.872191E+01 0.914584E+01 0.884600E+01 0.884316E+01 0.879638E+01 0.858877E+01
     148 0.881046E+01 0.882286E+01 0.147444E-01 0.879026E+01 0.877445E+01 0.877521E+01 0.893716E+01 0.868486E+01 0.907618E+01 0.880944E+01 0.880982E+01 0.876600E+01 0.857792E+01
     149 0.876976E+01 0.876171E+01 0.150689E-01 0.873206E+01 0.871182E+01 0.871532E+01 0.887789E+01 0.863081E+01 0.901148E+01 0.875033E+01 0.872401E+01 0.871285E+01 0.850183E+01
     150 0.869452E+01 0.867363E+01 0.214362E-01 0.865871E+01 0.869461E+01 0.865320E+01 0.882091E+01 0.852219E+01 0.892920E+01 0.863788E+01 0.858249E+01 0.868192E+01 0.830950E+01
     151 0.844994E+01 0.830696E+01 0.455369E-01 0.834410E+01 0.848939E+01 0.828689E+01 0.854010E+01 0.807959E+01 0.852605E+01 0.821320E+01 0.818646E+01 0.850538E+01 0.773614E+01
     152 0.784433E+01 0.757561E+01 0.104130E+00 0.770971E+01 0.792122E+01 0.746694E+01 0.793092E+01 0.722473E+01 0.766655E+01 0.743210E+01 0.754146E+01 0.811450E+01 0.675934E+01
     153 0.677089E+01 0.639891E+01 0.199238E+00 0.665280E+01 0.677613E+01 0.609931E+01 0.685619E+01 0.592247E+01 0.628427E+01 0.627098E+01 0.660493E+01 0.732682E+01 0.539803E+01
     154 0.532329E+01 0.504267E+01 0.312528E+00 0.541026E+01 0.526890E+01 0.450859E+01 0.554121E+01 0.448733E+01 0.470852E+01 0.500582E+01 0.558385E+01 0.626901E+01 0.397728E+01
     155 0.373017E+01 0.343307E+01 0.404796E+00 0.388380E+01 0.339673E+01 0.270816E+01 0.391191E+01 0.287095E+01 0.292559E+01 0.351527E+01 0.428552E+01 0.478092E+01 0.243280E+01
     156 0.219252E+01 0.273155E+01 0.433066E+00 0.322143E+01 0.243206E+01 0.191276E+01 0.315200E+01 0.223210E+01 0.211589E+01 0.290094E+01 0.378695E+01 0.402620E+01 0.191058E+01
     157 0.811763E+00 0.182090E+01 0.377738E+00 0.229614E+01 0.134745E+01 0.102087E+01 0.216869E+01 0.143474E+01 0.116469E+01 0.200103E+01 0.292731E+01 0.293057E+01 0.126049E+01
     158 -.367128E+00 0.207987E+00 0.275822E+00 0.617485E+00 -.336028E+00 -.490371E+00 0.482336E+00 -.404767E-01 -.435208E+00 0.316631E+00 0.124357E+01 0.105790E+01 -.504440E-01
     159 -.129366E+01 -.800865E+00 0.164464E+00 -.518167E+00 -.129823E+01 -.133400E+01 -.599023E+00 -.904460E+00 -.137069E+01 -.853905E+00 0.487821E-01 -.251355E+00 -.734599E+00
     160 -.190410E+01 -.142163E+01 0.917626E-01 -.131471E+01 -.176447E+01 -.175648E+01 -.128866E+01 -.139949E+01 -.185146E+01 -.168925E+01 -.849569E+00 -.117172E+01 -.106271E+01
     161 -.216940E+01 -.206531E+01 0.778857E-01 -.213935E+01 -.219591E+01 -.221249E+01 -.198815E+01 -.196099E+01 -.231336E+01 -.252682E+01 -.180561E+01 -.206451E+01 -.151326E+01
     162 -.214167E+01 -.224841E+01 0.993575E-01 -.246560E+01 -.215562E+01 -.225199E+01 -.219795E+01 -.211403E+01 -.231573E+01 -.284406E+01 -.228333E+01 -.240552E+01 -.163295E+01
     163 -.194518E+01 -.216524E+01 0.121132E+00 -.246053E+01 -.188495E+01 -.208899E+01 -.210515E+01 -.204680E+01 -.209614E+01 -.282806E+01 -.242021E+01 -.237448E+01 -.160326E+01
     164 -.171773E+01 -.188850E+01 0.124488E+00 -.220136E+01 -.148238E+01 -.178715E+01 -.179633E+01 -.181263E+01 -.174176E+01 -.256160E+01 -.226682E+01 -.207265E+01 -.144794E+01
     165 -.154919E+01 -.150700E+01 0.109881E+00 -.179875E+01 -.103898E+01 -.140913E+01 -.138470E+01 -.148116E+01 -.132747E+01 -.213657E+01 -.192823E+01 -.163780E+01 -.121040E+01
     166 -.145050E+01 -.130905E+01 0.848031E-01 -.156263E+01 -.832780E+00 -.122209E+01 -.117642E+01 -.133065E+01 -.112151E+01 -.184312E+01 -.171928E+01 -.139402E+01 -.115176E+01
     167 -.135828E+01 -.128137E+01 0.557949E-01 -.149210E+01 -.841288E+00 -.120428E+01 -.116629E+01 -.134460E+01 -.109638E+01 -.167203E+01 -.164273E+01 -.134214E+01 -.124686E+01
     168 -.117571E+01 -.113262E+01 0.315374E-01 -.130244E+01 -.759349E+00 -.106397E+01 -.105723E+01 -.122628E+01 -.952755E+00 -.136198E+01 -.142132E+01 -.118773E+01 -.119290E+01
     169 -.849034E+00 -.859233E+00 0.189615E-01 -.996624E+00 -.550836E+00 -.797893E+00 -.822414E+00 -.966476E+00 -.682993E+00 -.971776E+00 -.107970E+01 -.913044E+00 -.975021E+00
     170 -.429085E+00 -.453185E+00 0.154935E-01 -.575246E+00 -.171288E+00 -.396145E+00 -.431554E+00 -.560598E+00 -.281813E+00 -.533575E+00 -.638276E+00 -.501877E+00 -.579855E+00
     171 -.993883E-02 0.486373E-01 0.176200E-01 -.842353E-01 0.356691E+00 0.108382E+00 0.753508E-01 -.629853E-01 0.209344E+00 -.581793E-01 -.135784E+00 0.188574E-02 -.501880E-01
     172 0.429691E+00 0.580995E+00 0.275760E-01 0.405791E+00 0.952005E+00 0.647884E+00 0.609431E+00 0.442977E+00 0.738575E+00 0.434020E+00 0.382022E+00 0.530434E+00 0.530341E+00
     173 0.103905E+01 0.123016E+01 0.476738E-01 0.985539E+00 0.167944E+01 0.128982E+01 0.125669E+01 0.104825E+01 0.139518E+01 0.100927E+01 0.100639E+01 0.118810E+01 0.124380E+01
     174 0.190027E+01 0.201930E+01 0.761914E-01 0.169631E+01 0.253527E+01 0.203544E+01 0.205639E+01 0.179090E+01 0.219209E+01 0.166417E+01 0.175809E+01 0.202249E+01 0.210411E+01
     175 0.289057E+01 0.294748E+01 0.104843E+00 0.256774E+01 0.349110E+01 0.289179E+01 0.301098E+01 0.268838E+01 0.310334E+01 0.243676E+01 0.265423E+01 0.302785E+01 0.310081E+01
     176 0.377990E+01 0.400636E+01 0.116757E+00 0.361236E+01 0.452783E+01 0.388948E+01 0.409014E+01 0.374543E+01 0.410933E+01 0.340457E+01 0.371751E+01 0.415677E+01 0.421715E+01
     177 0.445332E+01 0.445878E+01 0.102185E+00 0.409231E+01 0.491873E+01 0.431913E+01 0.453804E+01 0.422420E+01 0.449254E+01 0.387389E+01 0.422454E+01 0.463990E+01 0.470933E+01
     178 0.496959E+01 0.503695E+01 0.731302E-01 0.472519E+01 0.541008E+01 0.489045E+01 0.509899E+01 0.484622E+01 0.501058E+01 0.452921E+01 0.489267E+01 0.522694E+01 0.530924E+01
     179 0.535315E+01 0.538364E+01 0.426786E-01 0.515128E+01 0.564104E+01 0.520140E+01 0.544369E+01 0.526224E+01 0.530853E+01 0.494738E+01 0.534138E+01 0.559689E+01 0.564175E+01
     180 0.541104E+01 0.547921E+01 0.314150E-01 0.536197E+01 0.557647E+01 0.520838E+01 0.556549E+01 0.548011E+01 0.535210E+01 0.509046E+01 0.553277E+01 0.573374E+01 0.564811E+01
     181 0.482382E+01 0.490164E+01 0.700992E-01 0.492561E+01 0.480108E+01 0.451084E+01 0.502174E+01 0.507199E+01 0.471889E+01 0.456486E+01 0.502083E+01 0.517491E+01 0.489220E+01
     182 0.344930E+01 0.365349E+01 0.149636E+00 0.381519E+01 0.333355E+01 0.314439E+01 0.377480E+01 0.399350E+01 0.342746E+01 0.340387E+01 0.378896E+01 0.388308E+01 0.340888E+01
     183 0.157677E+01 0.171435E+01 0.190191E+00 0.194862E+01 0.121299E+01 0.114011E+01 0.176307E+01 0.211671E+01 0.149047E+01 0.159278E+01 0.182051E+01 0.183430E+01 0.129761E+01
     184 -.167933E+00 -.177561E+00 0.155704E+00 0.338138E-01 -.772502E+00 -.741682E+00 -.269064E+00 0.123754E+00 -.340266E+00 -.166223E+00 -.113084E+00 -.186360E+00 -.602030E+00
     185 -.121088E+01 -.136281E+01 0.103940E+00 -.124750E+01 -.194955E+01 -.184906E+01 -.160927E+01 -.128939E+01 -.141918E+01 -.126070E+01 -.131485E+01 -.146013E+01 -.161074E+01
     186 -.134006E+01 -.166285E+01 0.845044E-01 -.166547E+01 -.215720E+01 -.202076E+01 -.201025E+01 -.185216E+01 -.159522E+01 -.154786E+01 -.159385E+01 -.176406E+01 -.160934E+01
     187 -.751143E+00 -.109476E+01 0.867554E-01 -.119417E+01 -.144487E+01 -.127920E+01 -.144069E+01 -.149818E+01 -.912385E+00 -.105445E+01 -.979632E+00 -.109648E+01 -.708095E+00
     188 0.990808E-01 -.272029E+00 0.977823E-01 -.428480E+00 -.459379E+00 -.237018E+00 -.503386E+00 -.789400E+00 -.730342E-02 -.373892E+00 -.109567E+00 -.848759E-01 0.386624E+00
     189 0.718832E+00 0.554219E+00 0.131371E+00 0.376819E+00 0.526746E+00 0.839045E+00 0.520755E+00 0.524664E-01 0.847279E+00 0.290283E+00 0.733538E+00 0.962546E+00 0.133942E+01
     190 0.792154E+00 0.671791E+00 0.184727E+00 0.493527E+00 0.796277E+00 0.118940E+01 0.858398E+00 0.324996E+00 0.921620E+00 0.285322E+00 0.808840E+00 0.124765E+01 0.138435E+01
     191 0.288724E+00 0.318913E+00 0.218895E+00 0.150173E+00 0.577850E+00 0.980646E+00 0.675668E+00 0.239353E+00 0.453393E+00 -.100033E+00 0.353985E+00 0.930227E+00 0.766476E+00
     192 -.572930E+00 -.533075E+00 0.215404E+00 -.678557E+00 -.173798E+00 0.139395E+00 -.990152E-01 -.298318E+00 -.556756E+00 -.883544E+00 -.624338E+00 -.420373E-01 -.462781E+00
     193 -.148692E+01 -.148119E+01 0.193762E+00 -.158593E+01 -.107248E+01 -.926272E+00 -.106581E+01 -.970908E+00 -.165349E+01 -.169755E+01 -.167610E+01 -.122101E+01 -.177409E+01
     194 -.223813E+01 -.215067E+01 0.177763E+00 -.220894E+01 -.174315E+01 -.177610E+01 -.181009E+01 -.146045E+01 -.242014E+01 -.223521E+01 -.239902E+01 -.212948E+01 -.268797E+01
     195 -.277061E+01 -.229436E+01 0.164160E+00 -.231319E+01 -.192358E+01 -.210557E+01 -.204359E+01 -.151873E+01 -.260758E+01 -.229013E+01 -.255558E+01 -.245331E+01 -.294766E+01
     196 -.312990E+01 -.271677E+01 0.157272E+00 -.271361E+01 -.238878E+01 -.267825E+01 -.254048E+01 -.189948E+01 -.304586E+01 -.267381E+01 -.297452E+01 -.298602E+01 -.340806E+01
     197 -.336070E+01 -.307448E+01 0.132281E+00 -.306710E+01 -.281534E+01 -.316487E+01 -.296840E+01 -.229447E+01 -.338561E+01 -.304106E+01 -.331457E+01 -.337828E+01 -.371935E+01
     198 -.343190E+01 -.321539E+01 0.922631E-01 -.322974E+01 -.306995E+01 -.344678E+01 -.320175E+01 -.256944E+01 -.346987E+01 -.323260E+01 -.341821E+01 -.348610E+01 -.372096E+01
     199 -.321898E+01 -.319135E+01 0.714936E-01 -.325420E+01 -.318575E+01 -.357524E+01 -.329404E+01 -.274263E+01 -.335977E+01 -.327927E+01 -.333950E+01 -.338479E+01 -.349548E+01
     200 -.256299E+01 -.272786E+01 0.889469E-01 -.285978E+01 -.287699E+01 -.326393E+01 -.297025E+01 -.253784E+01 -.278030E+01 -.288195E+01 -.279529E+01 -.281014E+01 -.278399E+01
