       1 0.800001E+01 0.799087E+01 0.194819E-01 0.812630E+01 0.780857E+01 0.797370E+01 0.824882E+01 0.807653E+01 0.786888E+01 0.804224E+01 0.773857E+01 0.814315E+01 0.778673E+01
       2 0.800012E+01 0.801347E+01 0.245882E-01 0.821475E+01 0.783295E+01 0.808585E+01 0.827221E+01 0.813501E+01 0.782709E+01 0.803180E+01 0.772623E+01 0.807412E+01 0.780437E+01
       3 0.800051E+01 0.802063E+01 0.252014E-01 0.827653E+01 0.790237E+01 0.825890E+01 0.822986E+01 0.814979E+01 0.779283E+01 0.802430E+01 0.774532E+01 0.791733E+01 0.785294E+01
       4 0.800112E+01 0.807761E+01 0.331954E-01 0.833804E+01 0.808346E+01 0.851141E+01 0.815749E+01 0.817652E+01 0.789511E+01 0.809044E+01 0.787024E+01 0.778849E+01 0.802397E+01
       5 0.800120E+01 0.810777E+01 0.817841E-01 0.829197E+01 0.826477E+01 0.865559E+01 0.799905E+01 0.815048E+01 0.809686E+01 0.814137E+01 0.801190E+01 0.770257E+01 0.822028E+01
       6 0.799886E+01 0.806142E+01 0.164996E+00 0.809117E+01 0.833469E+01 0.847501E+01 0.778026E+01 0.805230E+01 0.833252E+01 0.809804E+01 0.809794E+01 0.770408E+01 0.829373E+01
       7 0.799128E+01 0.844006E+01 0.211295E+00 0.830921E+01 0.874816E+01 0.835245E+01 0.809001E+01 0.842245E+01 0.901128E+01 0.844069E+01 0.862093E+01 0.828829E+01 0.858998E+01
       8 0.797622E+01 0.843905E+01 0.239814E+00 0.824841E+01 0.870917E+01 0.756134E+01 0.813576E+01 0.846023E+01 0.919669E+01 0.837036E+01 0.880618E+01 0.849601E+01 0.822136E+01
       9 0.795512E+01 0.801682E+01 0.301181E+00 0.791935E+01 0.820677E+01 0.656169E+01 0.783640E+01 0.807750E+01 0.868322E+01 0.789747E+01 0.855147E+01 0.808620E+01 0.733777E+01
      10 0.793706E+01 0.761626E+01 0.350797E+00 0.772800E+01 0.773903E+01 0.606767E+01 0.753119E+01 0.764250E+01 0.784516E+01 0.748335E+01 0.832844E+01 0.750018E+01 0.664856E+01
      11 0.794105E+01 0.782346E+01 0.410411E+00 0.816371E+01 0.791550E+01 0.660924E+01 0.777528E+01 0.774285E+01 0.745584E+01 0.775027E+01 0.863395E+01 0.752113E+01 0.690757E+01
      12 0.799275E+01 0.809990E+01 0.507706E+00 0.858439E+01 0.819131E+01 0.737871E+01 0.807578E+01 0.790444E+01 0.723284E+01 0.816547E+01 0.885183E+01 0.776731E+01 0.751216E+01
      13 0.811252E+01 0.753692E+01 0.562257E+00 0.781990E+01 0.760580E+01 0.756756E+01 0.761766E+01 0.728273E+01 0.648961E+01 0.779253E+01 0.799561E+01 0.743074E+01 0.757754E+01
      14 0.829451E+01 0.810233E+01 0.593035E+00 0.782335E+01 0.807348E+01 0.887479E+01 0.835685E+01 0.794660E+01 0.733104E+01 0.849064E+01 0.816396E+01 0.835537E+01 0.881068E+01
      15 0.848024E+01 0.778244E+01 0.733456E+00 0.671829E+01 0.747900E+01 0.914113E+01 0.827392E+01 0.790318E+01 0.773676E+01 0.814033E+01 0.745182E+01 0.842824E+01 0.906108E+01
      16 0.853620E+01 0.796870E+01 0.821141E+00 0.655153E+01 0.732826E+01 0.919257E+01 0.858182E+01 0.843071E+01 0.884634E+01 0.802153E+01 0.750024E+01 0.868394E+01 0.915583E+01
      17 0.826271E+01 0.782053E+01 0.871686E+00 0.661318E+01 0.699977E+01 0.832866E+01 0.838933E+01 0.852154E+01 0.939926E+01 0.750053E+01 0.747550E+01 0.822845E+01 0.832467E+01
      18 0.748798E+01 0.774963E+01 0.943757E+00 0.719027E+01 0.694996E+01 0.721345E+01 0.795305E+01 0.856124E+01 0.967900E+01 0.703681E+01 0.775821E+01 0.756144E+01 0.737113E+01
      19 0.627696E+01 0.681702E+01 0.962182E+00 0.714050E+01 0.628730E+01 0.534473E+01 0.635322E+01 0.755666E+01 0.850490E+01 0.586795E+01 0.727627E+01 0.609796E+01 0.593382E+01
      20 0.510479E+01 0.545636E+01 0.847175E+00 0.665054E+01 0.538433E+01 0.355019E+01 0.431524E+01 0.594485E+01 0.634258E+01 0.455215E+01 0.625554E+01 0.462936E+01 0.471036E+01
      21 0.462523E+01 0.471663E+01 0.707109E+00 0.642841E+01 0.507859E+01 0.297057E+01 0.335657E+01 0.488661E+01 0.475710E+01 0.410682E+01 0.554846E+01 0.420473E+01 0.447100E+01
      22 0.502535E+01 0.521898E+01 0.594923E+00 0.697248E+01 0.570082E+01 0.380514E+01 0.403632E+01 0.530787E+01 0.503265E+01 0.474583E+01 0.595079E+01 0.483803E+01 0.519823E+01
      23 0.601199E+01 0.681056E+01 0.596402E+00 0.855345E+01 0.745448E+01 0.547390E+01 0.556946E+01 0.694590E+01 0.666987E+01 0.626790E+01 0.748875E+01 0.645631E+01 0.698027E+01
      24 0.755015E+01 0.779980E+01 0.630092E+00 0.943730E+01 0.860731E+01 0.642960E+01 0.638484E+01 0.806491E+01 0.785555E+01 0.715330E+01 0.850365E+01 0.743237E+01 0.808391E+01
      25 0.927120E+01 0.952289E+01 0.627703E+00 0.109910E+02 0.102827E+02 0.821510E+01 0.794358E+01 0.100127E+02 0.985424E+01 0.871865E+01 0.104282E+02 0.893836E+01 0.972075E+01
      26 0.105327E+02 0.105781E+02 0.460522E+00 0.115328E+02 0.111883E+02 0.952024E+01 0.909502E+01 0.111388E+02 0.111795E+02 0.980297E+01 0.113371E+02 0.100602E+02 0.107809E+02
      27 0.109528E+02 0.105873E+02 0.228039E+00 0.108784E+02 0.109702E+02 0.992115E+01 0.951456E+01 0.109685E+02 0.113589E+02 0.100223E+02 0.108622E+02 0.103622E+02 0.108456E+02
      28 0.102952E+02 0.106671E+02 0.127417E+00 0.105568E+02 0.108736E+02 0.103225E+02 0.100463E+02 0.107665E+02 0.114707E+02 0.103111E+02 0.104810E+02 0.106890E+02 0.109951E+02
      29 0.875463E+01 0.922655E+01 0.208243E+00 0.888051E+01 0.935831E+01 0.907970E+01 0.910176E+01 0.896147E+01 0.101038E+02 0.899904E+01 0.853952E+01 0.948314E+01 0.973754E+01
      30 0.682972E+01 0.693365E+01 0.477678E+00 0.648540E+01 0.706001E+01 0.686436E+01 0.721385E+01 0.632762E+01 0.792518E+01 0.668960E+01 0.585800E+01 0.736804E+01 0.762819E+01
      31 0.496014E+01 0.537762E+01 0.773164E+00 0.490879E+01 0.549216E+01 0.533140E+01 0.594544E+01 0.449895E+01 0.643538E+01 0.503837E+01 0.407983E+01 0.593213E+01 0.614497E+01
      32 0.333698E+01 0.327694E+01 0.870373E+00 0.284864E+01 0.335062E+01 0.322153E+01 0.398262E+01 0.226370E+01 0.429519E+01 0.287024E+01 0.196757E+01 0.388286E+01 0.396028E+01
      33 0.195449E+01 0.257994E+01 0.818655E+00 0.222449E+01 0.259297E+01 0.247599E+01 0.333214E+01 0.150145E+01 0.352364E+01 0.217327E+01 0.142348E+01 0.322605E+01 0.308954E+01
      34 0.743770E+00 0.938883E+00 0.650670E+00 0.669730E+00 0.888757E+00 0.767326E+00 0.164320E+01 -.105570E+00 0.179544E+01 0.589171E+00 0.608904E-01 0.160181E+01 0.123591E+01
      35 -.337994E+00 -.103135E+00 0.489508E+00 -.298453E+00 -.211475E+00 -.375212E+00 0.480343E+00 -.107640E+01 0.716173E+00 -.424886E+00 -.711589E+00 0.578266E+00 -.171227E-01
      36 -.127590E+01 -.569773E+00 0.350836E+00 -.697702E+00 -.721709E+00 -.946708E+00 -.155140E+00 -.142991E+01 0.234943E+00 -.897836E+00 -.956793E+00 0.103658E+00 -.658771E+00
      37 -.200401E+01 -.158940E+01 0.243667E+00 -.165421E+01 -.176146E+01 -.204305E+01 -.134788E+01 -.230873E+01 -.802113E+00 -.193221E+01 -.180565E+01 -.971238E+00 -.178142E+01
      38 -.244539E+01 -.235746E+01 0.159032E+00 -.236591E+01 -.252086E+01 -.284104E+01 -.227776E+01 -.291729E+01 -.161672E+01 -.269923E+01 -.243998E+01 -.185376E+01 -.257120E+01
      39 -.256654E+01 -.252382E+01 0.964319E-01 -.248465E+01 -.265049E+01 -.298952E+01 -.259150E+01 -.292332E+01 -.187278E+01 -.283940E+01 -.250581E+01 -.217595E+01 -.269548E+01
      40 -.240378E+01 -.236840E+01 0.611955E-01 -.229122E+01 -.244367E+01 -.278499E+01 -.255478E+01 -.262920E+01 -.183678E+01 -.264025E+01 -.228392E+01 -.217600E+01 -.247237E+01
      41 -.204425E+01 -.206240E+01 0.488288E-01 -.195253E+01 -.208523E+01 -.241979E+01 -.232646E+01 -.222273E+01 -.165329E+01 -.228790E+01 -.193774E+01 -.199648E+01 -.210556E+01
      42 -.158384E+01 -.163580E+01 0.482669E-01 -.149987E+01 -.161562E+01 -.193873E+01 -.193711E+01 -.173353E+01 -.133118E+01 -.182107E+01 -.148755E+01 -.165746E+01 -.164096E+01
      43 -.109385E+01 -.123920E+01 0.492911E-01 -.109062E+01 -.119132E+01 -.149376E+01 -.154913E+01 -.129261E+01 -.102254E+01 -.138909E+01 -.107847E+01 -.131603E+01 -.122877E+01
      44 -.610413E+00 -.842587E+00 0.474968E-01 -.696646E+00 -.781866E+00 -.105136E+01 -.114294E+01 -.854086E+00 -.707098E+00 -.959433E+00 -.676727E+00 -.953858E+00 -.833009E+00
      45 -.142273E+00 -.363351E+00 0.436887E-01 -.231393E+00 -.300533E+00 -.532007E+00 -.645194E+00 -.334437E+00 -.302047E+00 -.454124E+00 -.195673E+00 -.496956E+00 -.363600E+00
      46 0.314702E+00 0.891059E-01 0.390894E-01 0.198517E+00 0.149172E+00 -.400914E-01 -.169818E+00 0.166264E+00 0.740836E-01 0.206346E-01 0.256828E+00 -.638601E-01 0.753020E-01
      47 0.766530E+00 0.547601E+00 0.357423E-01 0.633128E+00 0.601166E+00 0.451537E+00 0.310733E+00 0.677297E+00 0.460570E+00 0.494254E+00 0.715383E+00 0.375697E+00 0.520614E+00
      48 0.121688E+01 0.103920E+01 0.344233E-01 0.110370E+01 0.108179E+01 0.967915E+00 0.820149E+00 0.122766E+01 0.888911E+00 0.996526E+00 0.120807E+01 0.847457E+00 0.100040E+01
      49 0.166769E+01 0.158571E+01 0.363838E-01 0.162902E+01 0.160329E+01 0.152649E+01 0.137523E+01 0.184159E+01 0.138919E+01 0.154720E+01 0.175864E+01 0.137241E+01 0.153115E+01
      50 0.212106E+01 0.217544E+01 0.416187E-01 0.219454E+01 0.216000E+01 0.213172E+01 0.197234E+01 0.253187E+01 0.192603E+01 0.215263E+01 0.235236E+01 0.192950E+01 0.210645E+01
      51 0.257742E+01 0.260811E+01 0.507359E-01 0.260435E+01 0.255597E+01 0.258165E+01 0.241376E+01 0.308898E+01 0.230117E+01 0.261661E+01 0.278741E+01 0.231997E+01 0.253403E+01
      52 0.302772E+01 0.319623E+01 0.606181E-01 0.318139E+01 0.312227E+01 0.318806E+01 0.301889E+01 0.379680E+01 0.283859E+01 0.325281E+01 0.337040E+01 0.286917E+01 0.314056E+01
      53 0.344304E+01 0.361735E+01 0.669282E-01 0.361399E+01 0.356259E+01 0.363182E+01 0.347517E+01 0.429879E+01 0.322854E+01 0.373689E+01 0.377047E+01 0.326871E+01 0.361939E+01
      54 0.377204E+01 0.408466E+01 0.628412E-01 0.412377E+01 0.410250E+01 0.412664E+01 0.400263E+01 0.474262E+01 0.371220E+01 0.426136E+01 0.419247E+01 0.376270E+01 0.417775E+01
      55 0.395315E+01 0.428932E+01 0.487925E-01 0.442098E+01 0.446723E+01 0.437912E+01 0.431284E+01 0.474294E+01 0.400465E+01 0.448973E+01 0.431008E+01 0.409014E+01 0.449157E+01
      56 0.392935E+01 0.414714E+01 0.584355E-01 0.441738E+01 0.455742E+01 0.430143E+01 0.431666E+01 0.418866E+01 0.403730E+01 0.430194E+01 0.403841E+01 0.419213E+01 0.442980E+01
      57 0.367135E+01 0.359201E+01 0.132784E+00 0.400941E+01 0.423234E+01 0.380041E+01 0.389948E+01 0.310785E+01 0.372160E+01 0.361916E+01 0.332781E+01 0.395576E+01 0.387452E+01
      58 0.323056E+01 0.300144E+01 0.250857E+00 0.354034E+01 0.378107E+01 0.322307E+01 0.337407E+01 0.203273E+01 0.338009E+01 0.284147E+01 0.257802E+01 0.366380E+01 0.317072E+01
      59 0.275954E+01 0.244989E+01 0.351980E+00 0.308224E+01 0.322312E+01 0.261237E+01 0.277997E+01 0.115518E+01 0.303684E+01 0.209006E+01 0.190921E+01 0.331554E+01 0.241407E+01
      60 0.242599E+01 0.218471E+01 0.383812E+00 0.288634E+01 0.279877E+01 0.220388E+01 0.236632E+01 0.794572E+00 0.288622E+01 0.168404E+01 0.164784E+01 0.308627E+01 0.194251E+01
      61 0.228116E+01 0.237158E+01 0.348575E+00 0.311088E+01 0.274240E+01 0.219133E+01 0.234745E+01 0.109971E+01 0.309232E+01 0.186326E+01 0.199797E+01 0.313202E+01 0.204270E+01
      62 0.222795E+01 0.259206E+01 0.284615E+00 0.329714E+01 0.269838E+01 0.219758E+01 0.234340E+01 0.158980E+01 0.330343E+01 0.225214E+01 0.250640E+01 0.307147E+01 0.234504E+01
      63 0.213846E+01 0.282399E+01 0.226034E+00 0.337820E+01 0.271140E+01 0.227720E+01 0.238424E+01 0.219284E+01 0.353371E+01 0.283746E+01 0.304389E+01 0.291028E+01 0.281170E+01
      64 0.198220E+01 0.236223E+01 0.218163E+00 0.262088E+01 0.208477E+01 0.175990E+01 0.179156E+01 0.217213E+01 0.309794E+01 0.287265E+01 0.282762E+01 0.197885E+01 0.266940E+01
      65 0.184992E+01 0.186687E+01 0.273716E+00 0.176381E+01 0.154136E+01 0.134814E+01 0.128651E+01 0.209202E+01 0.261312E+01 0.287008E+01 0.241690E+01 0.106885E+01 0.247647E+01
      66 0.189053E+01 0.161748E+01 0.343448E+00 0.121461E+01 0.137315E+01 0.129415E+01 0.115221E+01 0.212649E+01 0.233737E+01 0.293881E+01 0.205698E+01 0.582409E+00 0.241440E+01
      67 0.219406E+01 0.187379E+01 0.354764E+00 0.133610E+01 0.179928E+01 0.178362E+01 0.159596E+01 0.247944E+01 0.252915E+01 0.322224E+01 0.206482E+01 0.814162E+00 0.270355E+01
      68 0.265878E+01 0.205770E+01 0.284020E+00 0.155312E+01 0.213249E+01 0.213513E+01 0.193988E+01 0.261689E+01 0.259137E+01 0.316694E+01 0.202126E+01 0.115530E+01 0.279030E+01
      69 0.298906E+01 0.259865E+01 0.179750E+00 0.221274E+01 0.273701E+01 0.272761E+01 0.254843E+01 0.306443E+01 0.296184E+01 0.338815E+01 0.247517E+01 0.195180E+01 0.319034E+01
      70 0.298965E+01 0.280698E+01 0.115423E+00 0.253742E+01 0.292196E+01 0.285462E+01 0.271121E+01 0.322547E+01 0.303432E+01 0.341842E+01 0.278915E+01 0.237645E+01 0.333898E+01
      71 0.281696E+01 0.274744E+01 0.125458E+00 0.254112E+01 0.282034E+01 0.265894E+01 0.257122E+01 0.319422E+01 0.298280E+01 0.342705E+01 0.287279E+01 0.234719E+01 0.335621E+01
      72 0.270632E+01 0.256333E+01 0.173735E+00 0.238906E+01 0.259637E+01 0.234275E+01 0.232368E+01 0.307577E+01 0.288209E+01 0.339249E+01 0.279865E+01 0.205082E+01 0.329841E+01
      73 0.278903E+01 0.299619E+01 0.217106E+00 0.285245E+01 0.299799E+01 0.266917E+01 0.273295E+01 0.355519E+01 0.338815E+01 0.390997E+01 0.328958E+01 0.235267E+01 0.382008E+01
      74 0.319598E+01 0.322885E+01 0.235701E+00 0.308779E+01 0.319707E+01 0.284326E+01 0.297129E+01 0.381425E+01 0.366906E+01 0.414764E+01 0.351366E+01 0.247820E+01 0.406676E+01
      75 0.399636E+01 0.374048E+01 0.238233E+00 0.354589E+01 0.366597E+01 0.333089E+01 0.349467E+01 0.436044E+01 0.421174E+01 0.460945E+01 0.398233E+01 0.289934E+01 0.452370E+01
      76 0.527396E+01 0.489691E+01 0.231106E+00 0.457763E+01 0.480252E+01 0.449551E+01 0.468697E+01 0.555822E+01 0.540879E+01 0.564293E+01 0.503475E+01 0.395271E+01 0.554141E+01
      77 0.704487E+01 0.643986E+01 0.214043E+00 0.599311E+01 0.644449E+01 0.611653E+01 0.635722E+01 0.704185E+01 0.703292E+01 0.693614E+01 0.629966E+01 0.535372E+01 0.684561E+01
      78 0.882318E+01 0.833841E+01 0.173983E+00 0.787814E+01 0.862829E+01 0.824585E+01 0.849071E+01 0.865986E+01 0.895219E+01 0.843116E+01 0.771270E+01 0.727976E+01 0.841417E+01
      79 0.965790E+01 0.100067E+02 0.185281E+00 0.972696E+01 0.106908E+02 0.102610E+02 0.104009E+02 0.989676E+01 0.105478E+02 0.971936E+01 0.882047E+01 0.930463E+01 0.985374E+01
      80 0.914385E+01 0.980204E+01 0.284835E+00 0.981681E+01 0.107678E+02 0.103213E+02 0.102827E+02 0.936494E+01 0.103457E+02 0.936291E+01 0.817943E+01 0.955561E+01 0.971195E+01
      81 0.771416E+01 0.829488E+01 0.375930E+00 0.858231E+01 0.929187E+01 0.890609E+01 0.859970E+01 0.773741E+01 0.904170E+01 0.796239E+01 0.649043E+01 0.825239E+01 0.848745E+01
      82 0.577309E+01 0.672603E+01 0.471995E+00 0.717691E+01 0.753727E+01 0.733033E+01 0.658849E+01 0.619954E+01 0.782106E+01 0.665129E+01 0.494312E+01 0.664032E+01 0.726061E+01
      83 0.339392E+01 0.430501E+01 0.626303E+00 0.476723E+01 0.481683E+01 0.486458E+01 0.356676E+01 0.389997E+01 0.575341E+01 0.453644E+01 0.266969E+01 0.411529E+01 0.514215E+01
      84 0.630293E+00 0.189201E+01 0.767849E+00 0.219964E+01 0.205030E+01 0.235390E+01 0.584915E+00 0.166644E+01 0.358023E+01 0.241488E+01 0.534891E+00 0.164664E+01 0.294576E+01
      85 -.216559E+01 -.161911E+01 0.710143E+00 -.157521E+01 -.178141E+01 -.132600E+01 -.315134E+01 -.166735E+01 0.485763E-01 -.928748E+00 -.256636E+01 -.185293E+01 -.528070E+00
      86 -.433373E+01 -.403988E+01 0.452718E+00 -.423547E+01 -.439126E+01 -.395119E+01 -.536145E+01 -.397764E+01 -.265231E+01 -.338199E+01 -.452350E+01 -.422424E+01 -.311167E+01
      87 -.536665E+01 -.525935E+01 0.181526E+00 -.556177E+01 -.559215E+01 -.532099E+01 -.612766E+01 -.515978E+01 -.434345E+01 -.479798E+01 -.530168E+01 -.535533E+01 -.464337E+01
      88 -.535466E+01 -.514699E+01 0.628669E-01 -.545645E+01 -.534952E+01 -.525681E+01 -.566771E+01 -.502884E+01 -.469016E+01 -.485606E+01 -.486474E+01 -.514059E+01 -.482310E+01
      89 -.479979E+01 -.457149E+01 0.445214E-01 -.486763E+01 -.465466E+01 -.466279E+01 -.495071E+01 -.442526E+01 -.443782E+01 -.433421E+01 -.409880E+01 -.447618E+01 -.442958E+01
      90 -.413594E+01 -.401852E+01 0.547810E-01 -.431533E+01 -.403706E+01 -.407223E+01 -.439438E+01 -.384408E+01 -.404805E+01 -.376022E+01 -.345833E+01 -.384936E+01 -.395571E+01
      91 -.355282E+01 -.337203E+01 0.584248E-01 -.365808E+01 -.337681E+01 -.340671E+01 -.374508E+01 -.319896E+01 -.342658E+01 -.311748E+01 -.280741E+01 -.316120E+01 -.333482E+01
      92 -.310169E+01 -.277768E+01 0.574681E-01 -.303155E+01 -.279396E+01 -.280925E+01 -.312001E+01 -.263051E+01 -.281010E+01 -.255726E+01 -.222061E+01 -.252850E+01 -.276214E+01
      93 -.277003E+01 -.248300E+01 0.584216E-01 -.270959E+01 -.250620E+01 -.251850E+01 -.279245E+01 -.235326E+01 -.250228E+01 -.230775E+01 -.194413E+01 -.219275E+01 -.248383E+01
      94 -.244400E+01 -.211863E+01 0.580481E-01 -.235282E+01 -.211003E+01 -.215949E+01 -.240074E+01 -.196878E+01 -.215386E+01 -.199378E+01 -.166510E+01 -.181071E+01 -.210744E+01
      95 -.193689E+01 -.148715E+01 0.680246E-01 -.183532E+01 -.137723E+01 -.151842E+01 -.178142E+01 -.124157E+01 -.157928E+01 -.139237E+01 -.120628E+01 -.117833E+01 -.141518E+01
      96 -.112389E+01 -.439826E+00 0.100886E+00 -.994526E+00 -.193242E+00 -.445320E+00 -.775511E+00 -.540098E-01 -.600324E+00 -.347490E+00 -.348016E+00 -.129672E+00 -.284689E+00
      97 -.142497E-01 0.615185E+00 0.156586E+00 -.207858E+00 0.992000E+00 0.647187E+00 0.227770E+00 0.114597E+01 0.394297E+00 0.734870E+00 0.590763E+00 0.943879E+00 0.839068E+00
      98 0.129619E+01 0.181708E+01 0.205610E+00 0.758494E+00 0.226244E+01 0.188471E+01 0.139170E+01 0.244362E+01 0.156300E+01 0.199479E+01 0.182273E+01 0.217796E+01 0.205543E+01
      99 0.270103E+01 0.369292E+01 0.236531E+00 0.244463E+01 0.415698E+01 0.379428E+01 0.325816E+01 0.436026E+01 0.341862E+01 0.394565E+01 0.383583E+01 0.408808E+01 0.389172E+01
     100 0.412003E+01 0.515646E+01 0.239305E+00 0.379225E+01 0.560787E+01 0.528658E+01 0.475080E+01 0.580219E+01 0.487336E+01 0.548610E+01 0.545805E+01 0.555851E+01 0.528546E+01
     101 0.549579E+01 0.656072E+01 0.201178E+00 0.522270E+01 0.697241E+01 0.670495E+01 0.622469E+01 0.711371E+01 0.628881E+01 0.694748E+01 0.695873E+01 0.692022E+01 0.661206E+01
     102 0.677313E+01 0.769904E+01 0.138431E+00 0.653065E+01 0.805631E+01 0.784312E+01 0.746879E+01 0.810680E+01 0.745240E+01 0.810339E+01 0.810009E+01 0.797617E+01 0.766974E+01
     103 0.788146E+01 0.863761E+01 0.809578E-01 0.774727E+01 0.892431E+01 0.877712E+01 0.855632E+01 0.886804E+01 0.840631E+01 0.900743E+01 0.901297E+01 0.883660E+01 0.848713E+01
     104 0.873208E+01 0.909114E+01 0.521799E-01 0.853066E+01 0.929401E+01 0.922639E+01 0.920019E+01 0.913858E+01 0.885795E+01 0.937463E+01 0.946056E+01 0.924129E+01 0.877147E+01
     105 0.923216E+01 0.906675E+01 0.641758E-01 0.882256E+01 0.917800E+01 0.919937E+01 0.939082E+01 0.895249E+01 0.882014E+01 0.923263E+01 0.947611E+01 0.920537E+01 0.854576E+01
     106 0.930902E+01 0.871856E+01 0.115792E+00 0.871562E+01 0.874154E+01 0.885145E+01 0.926189E+01 0.848893E+01 0.845243E+01 0.876106E+01 0.921502E+01 0.887976E+01 0.798348E+01
     107 0.894424E+01 0.845897E+01 0.185562E+00 0.854136E+01 0.842260E+01 0.859701E+01 0.918607E+01 0.819312E+01 0.817329E+01 0.840958E+01 0.906883E+01 0.866830E+01 0.752969E+01
     108 0.821022E+01 0.768496E+01 0.238737E+00 0.767322E+01 0.763804E+01 0.782525E+01 0.853239E+01 0.746614E+01 0.739444E+01 0.759946E+01 0.839242E+01 0.793868E+01 0.662726E+01
     109 0.726332E+01 0.684714E+01 0.278972E+00 0.658560E+01 0.681734E+01 0.697075E+01 0.777110E+01 0.673930E+01 0.658346E+01 0.679023E+01 0.767201E+01 0.713060E+01 0.573067E+01
     110 0.627200E+01 0.600455E+01 0.311954E+00 0.544685E+01 0.598665E+01 0.606673E+01 0.696744E+01 0.604091E+01 0.582049E+01 0.603818E+01 0.697187E+01 0.626795E+01 0.493363E+01
     111 0.532337E+01 0.502432E+01 0.355321E+00 0.426199E+01 0.499226E+01 0.496731E+01 0.600522E+01 0.521224E+01 0.497822E+01 0.518058E+01 0.617726E+01 0.520656E+01 0.409820E+01
     112 0.435718E+01 0.426458E+01 0.430156E+00 0.348226E+01 0.420235E+01 0.404191E+01 0.525493E+01 0.459187E+01 0.440060E+01 0.452704E+01 0.566893E+01 0.433229E+01 0.353681E+01
     113 0.317382E+01 0.351821E+01 0.521483E+00 0.290895E+01 0.344086E+01 0.312660E+01 0.449548E+01 0.394140E+01 0.383578E+01 0.382123E+01 0.520119E+01 0.348869E+01 0.298108E+01
     114 0.155545E+01 0.282721E+01 0.593000E+00 0.248872E+01 0.276348E+01 0.230214E+01 0.374709E+01 0.328222E+01 0.327826E+01 0.309751E+01 0.479090E+01 0.274521E+01 0.243845E+01
     115 -.487054E+00 0.210446E+00 0.594458E+00 0.103646E+00 0.172579E+00 -.377555E+00 0.996482E+00 0.617733E+00 0.706541E+00 0.403058E+00 0.240809E+01 0.110541E+00 -.696440E-01
     116 -.249875E+01 -.171068E+01 0.459978E+00 -.174565E+01 -.173742E+01 -.223920E+01 -.117997E+01 -.143503E+01 -.127795E+01 -.159226E+01 0.480372E+00 -.181609E+01 -.191278E+01
     117 -.381007E+01 -.334909E+01 0.234336E+00 -.348424E+01 -.337894E+01 -.368382E+01 -.313743E+01 -.323806E+01 -.302856E+01 -.325624E+01 -.161235E+01 -.344577E+01 -.353928E+01
     118 -.411190E+01 -.365678E+01 0.828371E-01 -.394940E+01 -.366247E+01 -.374370E+01 -.369217E+01 -.367186E+01 -.339068E+01 -.355273E+01 -.264716E+01 -.369945E+01 -.395150E+01
     119 -.357997E+01 -.323455E+01 0.590471E-01 -.366280E+01 -.315091E+01 -.308171E+01 -.341249E+01 -.332817E+01 -.294583E+01 -.312759E+01 -.294725E+01 -.314649E+01 -.373969E+01
     120 -.254729E+01 -.229881E+01 0.121542E+00 -.279845E+01 -.205951E+01 -.195194E+01 -.254959E+01 -.244604E+01 -.196898E+01 -.222937E+01 -.259126E+01 -.201162E+01 -.302123E+01
     121 -.130869E+01 -.140105E+01 0.215780E+00 -.191371E+01 -.962888E+00 -.924718E+00 -.167476E+01 -.158520E+01 -.104155E+01 -.140593E+01 -.209926E+01 -.873896E+00 -.229486E+01
     122 -.105001E+00 -.575024E+00 0.276584E+00 -.102280E+01 0.569658E-01 -.627430E-01 -.832185E+00 -.787974E+00 -.234626E+00 -.684137E+00 -.148226E+01 0.168366E+00 -.149017E+01
     123 0.889438E+00 0.281165E+00 0.277670E+00 -.558734E-01 0.106116E+01 0.740966E+00 0.717934E-01 0.466349E-01 0.556277E+00 0.600278E-01 -.642637E+00 0.117334E+01 -.493247E+00
     124 0.159627E+01 0.869922E+00 0.233543E+00 0.650351E+00 0.173068E+01 0.121212E+01 0.728844E+00 0.620074E+00 0.104752E+01 0.549870E+00 0.921985E-01 0.182452E+01 0.358671E+00
     125 0.203293E+01 0.141655E+01 0.179379E+00 0.129044E+01 0.229305E+01 0.160789E+01 0.135083E+01 0.115657E+01 0.148234E+01 0.102467E+01 0.891421E+00 0.235627E+01 0.121852E+01
     126 0.227767E+01 0.171178E+01 0.140704E+00 0.163899E+01 0.255338E+01 0.175528E+01 0.171338E+01 0.144893E+01 0.167315E+01 0.128412E+01 0.146427E+01 0.258361E+01 0.179259E+01
     127 0.242643E+01 0.210612E+01 0.120175E+00 0.205111E+01 0.288656E+01 0.202452E+01 0.216038E+01 0.184833E+01 0.198228E+01 0.167524E+01 0.210040E+01 0.288653E+01 0.238806E+01
     128 0.256108E+01 0.244694E+01 0.105981E+00 0.238620E+01 0.315552E+01 0.228437E+01 0.253408E+01 0.220612E+01 0.227415E+01 0.204372E+01 0.259427E+01 0.313309E+01 0.281018E+01
     129 0.273314E+01 0.265981E+01 0.926568E-01 0.258857E+01 0.331630E+01 0.246267E+01 0.276081E+01 0.244180E+01 0.247074E+01 0.229715E+01 0.286155E+01 0.327498E+01 0.300111E+01
     130 0.295802E+01 0.289052E+01 0.789772E-01 0.281605E+01 0.351534E+01 0.269258E+01 0.299252E+01 0.269747E+01 0.270856E+01 0.256881E+01 0.308100E+01 0.345330E+01 0.315359E+01
     131 0.321453E+01 0.301217E+01 0.684236E-01 0.295579E+01 0.363205E+01 0.283979E+01 0.310199E+01 0.284182E+01 0.285105E+01 0.271977E+01 0.314568E+01 0.354562E+01 0.317455E+01
     132 0.345359E+01 0.314035E+01 0.676083E-01 0.314128E+01 0.380214E+01 0.300882E+01 0.319940E+01 0.298746E+01 0.299467E+01 0.285847E+01 0.317976E+01 0.368438E+01 0.321024E+01
     133 0.363913E+01 0.329705E+01 0.824819E-01 0.336555E+01 0.405682E+01 0.319748E+01 0.331162E+01 0.315889E+01 0.313272E+01 0.302103E+01 0.322832E+01 0.386926E+01 0.333913E+01
     134 0.381886E+01 0.353311E+01 0.107314E+00 0.362539E+01 0.440140E+01 0.345358E+01 0.350807E+01 0.341162E+01 0.333101E+01 0.327889E+01 0.336633E+01 0.410597E+01 0.359979E+01
     135 0.410219E+01 0.381143E+01 0.130054E+00 0.389789E+01 0.475735E+01 0.374765E+01 0.376401E+01 0.369945E+01 0.358315E+01 0.357694E+01 0.357330E+01 0.437753E+01 0.389026E+01
     136 0.448267E+01 0.393743E+01 0.136743E+00 0.404865E+01 0.490613E+01 0.387645E+01 0.387959E+01 0.382415E+01 0.369249E+01 0.370492E+01 0.367445E+01 0.451045E+01 0.400564E+01
     137 0.481592E+01 0.453000E+01 0.131169E+00 0.469574E+01 0.547285E+01 0.446345E+01 0.445843E+01 0.442700E+01 0.426555E+01 0.431522E+01 0.427469E+01 0.507562E+01 0.461259E+01
     138 0.505296E+01 0.471719E+01 0.111324E+00 0.490609E+01 0.556797E+01 0.465540E+01 0.464537E+01 0.463694E+01 0.446559E+01 0.454385E+01 0.448834E+01 0.518140E+01 0.482533E+01
     139 0.523466E+01 0.504525E+01 0.781626E-01 0.524361E+01 0.573960E+01 0.497812E+01 0.500431E+01 0.496909E+01 0.484235E+01 0.488845E+01 0.488067E+01 0.544811E+01 0.516684E+01
     140 0.518851E+01 0.497968E+01 0.399533E-01 0.524385E+01 0.537246E+01 0.483594E+01 0.502554E+01 0.484814E+01 0.483734E+01 0.475288E+01 0.503631E+01 0.540202E+01 0.510644E+01
     141 0.452388E+01 0.419838E+01 0.700152E-01 0.456019E+01 0.413366E+01 0.392811E+01 0.434816E+01 0.400127E+01 0.409538E+01 0.387557E+01 0.463971E+01 0.461226E+01 0.438794E+01
     142 0.303562E+01 0.242119E+01 0.179126E+00 0.280031E+01 0.186226E+01 0.209067E+01 0.260408E+01 0.224536E+01 0.234121E+01 0.210266E+01 0.322846E+01 0.264594E+01 0.274303E+01
     143 0.104314E+01 0.422386E+00 0.264611E+00 0.669439E+00 -.507531E+00 0.194407E+00 0.512947E+00 0.396108E+00 0.394927E+00 0.274716E+00 0.134796E+01 0.247564E+00 0.874543E+00
     144 -.728312E+00 -.825764E+00 0.270694E+00 -.814626E+00 -.188858E+01 -.802686E+00 -.917920E+00 -.636746E+00 -.733487E+00 -.697118E+00 -.126752E+00 -.146907E+01 -.346057E+00
     145 -.162817E+01 -.162593E+01 0.243103E+00 -.184349E+01 -.257273E+01 -.130487E+01 -.190208E+01 -.126022E+01 -.136195E+01 -.124627E+01 -.138608E+01 -.263393E+01 -.125830E+01
     146 -.144947E+01 -.138802E+01 0.214223E+00 -.173830E+01 -.201641E+01 -.824647E+00 -.176895E+01 -.957610E+00 -.950893E+00 -.887976E+00 -.165326E+01 -.255297E+01 -.125003E+01
     147 -.465759E+00 0.471382E-01 0.177326E+00 -.304479E+00 -.131798E+00 0.730678E+00 -.311405E+00 0.408026E+00 0.597924E+00 0.492478E+00 -.615758E+00 -.102239E+01 -.113941E+00
     148 0.753909E+00 0.109880E+01 0.137347E+00 0.860828E+00 0.140881E+01 0.175799E+01 0.889817E+00 0.128700E+01 0.164097E+01 0.133652E+01 0.233374E+00 0.382271E+00 0.639345E+00
     149 0.160912E+01 0.183252E+01 0.130351E+00 0.177042E+01 0.257284E+01 0.234157E+01 0.185788E+01 0.179816E+01 0.222927E+01 0.178416E+01 0.977975E+00 0.167027E+01 0.112842E+01
     150 0.169629E+01 0.156895E+01 0.174252E+00 0.168438E+01 0.258070E+01 0.183713E+01 0.183472E+01 0.132728E+01 0.170392E+01 0.125800E+01 0.919090E+00 0.203746E+01 0.737640E+00
     151 0.934325E+00 0.374202E+00 0.224998E+00 0.617090E+00 0.141004E+01 0.356484E+00 0.799263E+00 0.235609E-02 0.192642E+00 -.819142E-01 0.698426E-01 0.137662E+01 -.408226E+00
     152 -.416764E+00 -.101513E+01 0.218580E+00 -.728344E+00 -.226808E+00 -.128482E+01 -.570322E+00 -.139861E+01 -.145884E+01 -.145750E+01 -.942306E+00 0.243551E+00 -.157136E+01
     153 -.188313E+01 -.245300E+01 0.159106E+00 -.219989E+01 -.206399E+01 -.286195E+01 -.210727E+01 -.274739E+01 -.302000E+01 -.277400E+01 -.209621E+01 -.126479E+01 -.269873E+01
     154 -.304832E+01 -.336718E+01 0.937545E-01 -.319396E+01 -.334310E+01 -.377536E+01 -.317227E+01 -.352504E+01 -.391973E+01 -.355122E+01 -.288818E+01 -.247682E+01 -.331582E+01
     155 -.374755E+01 -.392007E+01 0.535417E-01 -.384178E+01 -.411747E+01 -.422556E+01 -.386851E+01 -.394558E+01 -.437891E+01 -.401269E+01 -.346094E+01 -.339195E+01 -.363587E+01
     156 -.400800E+01 -.405005E+01 0.421946E-01 -.408372E+01 -.430382E+01 -.417327E+01 -.412801E+01 -.395273E+01 -.436447E+01 -.411948E+01 -.373856E+01 -.388320E+01 -.357156E+01
     157 -.388110E+01 -.413734E+01 0.621556E-01 -.427625E+01 -.435379E+01 -.407528E+01 -.431801E+01 -.395289E+01 -.429635E+01 -.421509E+01 -.400146E+01 -.425675E+01 -.354019E+01
     158 -.336813E+01 -.364149E+01 0.107018E+00 -.388927E+01 -.373972E+01 -.339197E+01 -.390947E+01 -.339609E+01 -.361931E+01 -.374722E+01 -.372138E+01 -.399732E+01 -.298576E+01
     159 -.246551E+01 -.295220E+01 0.179771E+00 -.331553E+01 -.284868E+01 -.251546E+01 -.329403E+01 -.267520E+01 -.270047E+01 -.308069E+01 -.331489E+01 -.351274E+01 -.231313E+01
     160 -.124944E+01 -.211293E+01 0.234366E+00 -.253490E+01 -.181917E+01 -.156428E+01 -.248651E+01 -.186004E+01 -.165825E+01 -.219599E+01 -.271398E+01 -.276766E+01 -.162034E+01
     161 0.958629E-01 -.756103E+00 0.227937E+00 -.114031E+01 -.359106E+00 -.204557E+00 -.110578E+01 -.579602E+00 -.194211E+00 -.714465E+00 -.146682E+01 -.136037E+01 -.524227E+00
     162 0.134695E+01 0.716736E+00 0.168947E+00 0.458572E+00 0.110930E+01 0.117082E+01 0.443423E+00 0.789421E+00 0.126359E+01 0.905257E+00 0.564030E-01 0.287111E+00 0.648630E+00
     163 0.234679E+01 0.196319E+01 0.105610E+00 0.185954E+01 0.227488E+01 0.227541E+01 0.178673E+01 0.194733E+01 0.240551E+01 0.223793E+01 0.147115E+01 0.174932E+01 0.166837E+01
     164 0.305084E+01 0.277333E+01 0.626371E-01 0.278966E+01 0.299712E+01 0.296059E+01 0.268695E+01 0.270935E+01 0.309141E+01 0.302517E+01 0.246595E+01 0.273604E+01 0.238047E+01
     165 0.349165E+01 0.339093E+01 0.359418E-01 0.346627E+01 0.356854E+01 0.350020E+01 0.337840E+01 0.331695E+01 0.361615E+01 0.352224E+01 0.320638E+01 0.346081E+01 0.301007E+01
     166 0.371915E+01 0.365529E+01 0.216207E-01 0.373118E+01 0.384704E+01 0.373412E+01 0.370385E+01 0.359129E+01 0.383844E+01 0.360860E+01 0.350180E+01 0.377110E+01 0.334556E+01
     167 0.377604E+01 0.374231E+01 0.214120E-01 0.378248E+01 0.399534E+01 0.382022E+01 0.384610E+01 0.368838E+01 0.392233E+01 0.350894E+01 0.354780E+01 0.386808E+01 0.351233E+01
     168 0.371791E+01 0.373076E+01 0.353026E-01 0.371427E+01 0.407554E+01 0.382500E+01 0.388177E+01 0.367397E+01 0.393512E+01 0.334185E+01 0.345042E+01 0.384205E+01 0.355834E+01
     169 0.363821E+01 0.360793E+01 0.541633E-01 0.353241E+01 0.404174E+01 0.372446E+01 0.378582E+01 0.353134E+01 0.385204E+01 0.313542E+01 0.323956E+01 0.368970E+01 0.345287E+01
     170 0.364282E+01 0.355749E+01 0.690961E-01 0.343244E+01 0.405992E+01 0.369300E+01 0.374250E+01 0.345120E+01 0.384409E+01 0.306291E+01 0.312597E+01 0.360843E+01 0.338998E+01
     171 0.378399E+01 0.380234E+01 0.777349E-01 0.364216E+01 0.434878E+01 0.394808E+01 0.398526E+01 0.366817E+01 0.411912E+01 0.331454E+01 0.334019E+01 0.383380E+01 0.361886E+01
     172 0.404554E+01 0.419907E+01 0.768250E-01 0.402194E+01 0.475172E+01 0.434091E+01 0.437578E+01 0.404730E+01 0.451664E+01 0.373550E+01 0.374688E+01 0.422952E+01 0.401785E+01
     173 0.438728E+01 0.456545E+01 0.638152E-01 0.439281E+01 0.506989E+01 0.468659E+01 0.472932E+01 0.441015E+01 0.484750E+01 0.414920E+01 0.417037E+01 0.461460E+01 0.440948E+01
     174 0.474911E+01 0.484490E+01 0.383854E-01 0.471065E+01 0.522045E+01 0.492779E+01 0.498378E+01 0.470912E+01 0.504917E+01 0.451641E+01 0.456740E+01 0.493226E+01 0.473365E+01
     175 0.503433E+01 0.506562E+01 0.138019E-01 0.500901E+01 0.523000E+01 0.509982E+01 0.516283E+01 0.497736E+01 0.515768E+01 0.487534E+01 0.496689E+01 0.520013E+01 0.501002E+01
     176 0.513947E+01 0.505942E+01 0.135456E-01 0.511898E+01 0.494793E+01 0.503882E+01 0.509996E+01 0.504796E+01 0.502440E+01 0.505368E+01 0.518678E+01 0.523379E+01 0.505381E+01
     177 0.497470E+01 0.488588E+01 0.606401E-01 0.509239E+01 0.446856E+01 0.479903E+01 0.487032E+01 0.497812E+01 0.473658E+01 0.508263E+01 0.525090E+01 0.508064E+01 0.489613E+01
     178 0.443436E+01 0.426369E+01 0.140543E+00 0.459966E+01 0.361134E+01 0.410402E+01 0.422566E+01 0.446198E+01 0.405141E+01 0.459177E+01 0.478301E+01 0.445661E+01 0.423253E+01
     179 0.339887E+01 0.327537E+01 0.229008E+00 0.372048E+01 0.247288E+01 0.305520E+01 0.324580E+01 0.358732E+01 0.304486E+01 0.367880E+01 0.384258E+01 0.342803E+01 0.312852E+01
     180 0.184645E+01 0.196939E+01 0.273473E+00 0.247574E+01 0.113217E+01 0.174427E+01 0.195505E+01 0.237342E+01 0.176021E+01 0.241938E+01 0.246676E+01 0.202412E+01 0.166753E+01
     181 0.261821E-01 0.157439E+00 0.230424E+00 0.650734E+00 -.590106E+00 0.183780E-01 0.134655E+00 0.581530E+00 0.581575E-02 0.656772E+00 0.501055E+00 0.605923E-01 -.255827E+00
     182 -.152896E+01 -.137922E+01 0.129220E+00 -.981627E+00 -.192627E+01 -.133206E+01 -.144111E+01 -.105093E+01 -.143838E+01 -.823854E+00 -.120559E+01 -.163477E+01 -.177200E+01
     183 -.229961E+01 -.227944E+01 0.670644E-01 -.202850E+01 -.255387E+01 -.198243E+01 -.237796E+01 -.213598E+01 -.222897E+01 -.169246E+01 -.223205E+01 -.263684E+01 -.251109E+01
     184 -.212478E+01 -.216260E+01 0.890500E-01 -.204956E+01 -.214785E+01 -.160864E+01 -.224887E+01 -.220467E+01 -.201503E+01 -.159372E+01 -.217585E+01 -.253320E+01 -.217169E+01
     185 -.125556E+01 -.127521E+01 0.152504E+00 -.124723E+01 -.998980E+00 -.511611E+00 -.127719E+01 -.141520E+01 -.107221E+01 -.775250E+00 -.130463E+01 -.158530E+01 -.110770E+01
     186 -.161089E+00 0.206984E-01 0.201730E+00 0.282215E-01 0.494110E+00 0.905776E+00 0.156405E+00 -.897073E-01 0.219372E+00 0.426363E+00 -.144235E-01 -.199553E+00 0.236897E+00
     187 0.732345E+00 0.921623E+00 0.218286E+00 0.958683E+00 0.150871E+01 0.182900E+01 0.119891E+01 0.948410E+00 0.105824E+01 0.124953E+01 0.866595E+00 0.764461E+00 0.103534E+01
     188 0.122703E+01 0.175659E+01 0.212508E+00 0.184709E+01 0.238819E+01 0.260474E+01 0.213156E+01 0.197577E+01 0.178940E+01 0.206090E+01 0.165640E+01 0.158715E+01 0.164615E+01
     189 0.137864E+01 0.185590E+01 0.196229E+00 0.200451E+01 0.247961E+01 0.257834E+01 0.225502E+01 0.226071E+01 0.176941E+01 0.220488E+01 0.169673E+01 0.158363E+01 0.146702E+01
     190 0.139969E+01 0.183617E+01 0.182068E+00 0.204112E+01 0.241136E+01 0.237539E+01 0.218302E+01 0.237364E+01 0.164110E+01 0.228605E+01 0.162604E+01 0.138770E+01 0.118444E+01
     191 0.152224E+01 0.182552E+01 0.173024E+00 0.208189E+01 0.230695E+01 0.214596E+01 0.206496E+01 0.239708E+01 0.156987E+01 0.238068E+01 0.160785E+01 0.119745E+01 0.101830E+01
     192 0.187312E+01 0.204975E+01 0.158881E+00 0.234515E+01 0.240656E+01 0.215899E+01 0.216646E+01 0.255660E+01 0.179692E+01 0.266323E+01 0.187732E+01 0.130628E+01 0.123600E+01
     193 0.241276E+01 0.271278E+01 0.121704E+00 0.301664E+01 0.294300E+01 0.267465E+01 0.273995E+01 0.309742E+01 0.251595E+01 0.329011E+01 0.262168E+01 0.198269E+01 0.203173E+01
     194 0.296817E+01 0.314505E+01 0.718759E-01 0.341664E+01 0.329705E+01 0.306522E+01 0.315505E+01 0.343849E+01 0.301139E+01 0.359436E+01 0.312397E+01 0.255562E+01 0.263865E+01
     195 0.332767E+01 0.352845E+01 0.438238E-01 0.374202E+01 0.367180E+01 0.348938E+01 0.358692E+01 0.381820E+01 0.342629E+01 0.381127E+01 0.353116E+01 0.312980E+01 0.313314E+01
     196 0.332875E+01 0.360012E+01 0.549274E-01 0.375751E+01 0.378793E+01 0.363066E+01 0.373497E+01 0.396322E+01 0.349120E+01 0.374235E+01 0.357761E+01 0.335277E+01 0.321345E+01
     197 0.290015E+01 0.316565E+01 0.110282E+00 0.327129E+01 0.344530E+01 0.326770E+01 0.339510E+01 0.370533E+01 0.300527E+01 0.318968E+01 0.306518E+01 0.300170E+01 0.267300E+01
     198 0.207103E+01 0.259815E+01 0.196938E+00 0.265517E+01 0.297829E+01 0.272965E+01 0.290804E+01 0.338076E+01 0.235571E+01 0.251914E+01 0.238536E+01 0.244576E+01 0.193920E+01
     199 0.978288E+00 0.175431E+01 0.265540E+00 0.175601E+01 0.218807E+01 0.183629E+01 0.209201E+01 0.275169E+01 0.143636E+01 0.157095E+01 0.143312E+01 0.158064E+01 0.971810E+00
     200 -.116078E+00 0.240278E+00 0.281891E+00 0.168551E+00 0.649807E+00 0.170686E+00 0.528435E+00 0.136287E+01 -.116331E+00 -.591421E-01 -.158404E+00 0.489986E-01 -.563703E+00
