       54000           41
 -0.185331311591446     
   5.31454076702322     
   3.27357395454216     
  -3.92457306906490     
  0.971115105206856     
  9.500691847234999E-002
   7.37318798227762     
 -0.869227504254794     
  -3.48774040989061     
 -0.940864095619048     
   8.71732601344682     
   4.05370238355527     
   1.55109584657565     
   4.88174180445344     
   1.45606015521120     
  -1.84333478434624     
   1.86153038958485     
   8.20183276947151     
 -0.235360934033463     
  -5.08065475264320     
 -0.303690382817370     
  0.789039477283860     
   2.34136117182120     
   3.09023618986268     
   5.38710583999643     
   5.11804143977910     
  -2.72437779243249     
 -9.959299948455960E-002
   1.80928064709101     
   8.12913462525423     
   6.49601358145324     
  -1.59817918227524     
 -0.205163098886460     
  0.115652431981411     
   4.88318336929013     
   8.35551991202563     
  0.980640629211172     
   1.35156757151675     
  -1.70636358701557     
  -1.66745422339672     
   8.00000000000000     
   8.00000000000000     
   8.00000000000000     
   8.00000000000000     
   8.00000000000000     
   8.00000000000000     
   8.00000000000000     
   8.00000000000000     
   8.00000000000000     
   8.00000000000000     
   8.00000000000000     
   8.00000000000000     
   8.00000000000000     
   8.00000000000000     
   8.00000000000000     
   8.00000000000000     
   8.00000000000000     
   8.00000000000000     
   8.00000000000000     
   8.00000000000000     
   8.00000000000000     
   8.00000000000000     
   8.00000000000000     
   8.00000000000000     
   8.00000000000000     
   8.00000000000000     
   8.00000000000000     
   8.00000000000000     
   8.00000000000000     
   8.00000000000000     
   8.00000000000000     
   8.00000000000000     
   8.00000000000000     
   8.00000000000000     
   8.00000000000000     
   8.00000000000000     
   8.00000000000000     
   8.00000000000000     
   8.00000000000000     
   8.00000000000000     
