   1   517415    -0.99458447538467         0.99986664857751    
   2   516919    -0.98377570670719         0.99961359234683    
   3   517252    -0.97296827305685         0.99934870419362    
   4   515466    -0.96218264727051         0.99908859221607    
   5   514670    -0.95146740072793         0.99881834614205    
   6   513346    -0.94080685623610         0.99851642019812    
   7   514191    -0.93018126173055         0.99823887533218    
   8   515294    -0.91930818794432         0.99791523123194    
   9   517234    -0.90883598582182         0.99760763249265    
  10   509894    -0.89829856471433         0.99731858435377    
  11   512965    -0.88761113452790         0.99689196474451    
  12   507389    -0.87696040189505         0.99663316838283    
  13   509922    -0.86623041020403         0.99625889855342    
  14   516213    -0.85600073596476         0.99589361380773    
  15   511732    -0.84566004896667         0.99548165054844    
  16   508548    -0.83505649449923         0.99508167004283    
  17   510458    -0.82433341124468         0.99469694763677    
  18   510994    -0.81444053368703         0.99424466320800    
  19   507523    -0.80374379109339         0.99380995335097    
  20   506666    -0.79294667812858         0.99329107345698    
  21   506793    -0.78278190689930         0.99292353428185    
  22   508188    -0.77238483534087         0.99232201490496    
  23   504431    -0.76225387577065         0.99194535612795    
  24   505839    -0.75231540368060         0.99130534418226    
  25   509406    -0.74181672336098         0.99063473839328    
  26   506334    -0.73172619812253         0.99011234584377    
  27   505765    -0.72131639757712         0.98961639500751    
  28   504214    -0.71077794643870         0.98890095871812    
  29   503266    -0.70075433104726         0.98834097879011    
  30   500131    -0.69048821953588         0.98761142040688    
  31   503124    -0.68014216330430         0.98682731877236    
  32   505303    -0.67036152473104         0.98617340932427    
  33   505005    -0.66037537194094         0.98537232247560    
  34   504220    -0.64997922034136         0.98448251724981    
  35   503408    -0.63987326056837         0.98372372864267    
  36   503637    -0.62971464706218         0.98295565241654    
  37   498873    -0.61948846922454         0.98193336419454    
  38   498761    -0.60957974145130         0.98084558528604    
  39   501280    -0.59947520120705         0.97988451913038    
  40   500271    -0.58958193381434         0.97904188681207    
  41   502153    -0.57941697321204         0.97772797989478    
  42   501665    -0.56980967437758         0.97652185311712    
  43   501552    -0.55982574639897         0.97541035692342    
  44   500525    -0.54970465522377         0.97398535599317    
  45   497605    -0.53947390908776         0.97269702061074    
  46   499358    -0.52918775106638         0.97145444623832    
  47   497852    -0.51972414348460         0.97011926792029    
  48   495622    -0.50934096637172         0.96842273114351    
  49   498487    -0.49995733447559         0.96671637221056    
  50   497416    -0.49066924408216         0.96480269070799    
  51   502055    -0.47998330194305         0.96269684009627    
  52   497440    -0.46991785560180         0.96077118147837    
  53   497586    -0.46012824612038         0.95887788383713    
  54   494931    -0.45078223317737         0.95701193438552    
  55   495084    -0.44084141243222         0.95485258553490    
  56   494386    -0.43111505236308         0.95223066795875    
  57   495845    -0.42089966684484         0.94913090945898    
  58   498338    -0.41081083441822         0.94603009242633    
  59   494539    -0.40098014941901         0.94310937295484    
  60   497778    -0.39151127425004         0.94026636034559    
  61   497403    -0.38224583725011         0.93685067734335    
  62   494953    -0.37230239533481         0.93354533387129    
  63   493764    -0.36236029746301         0.92962147992884    
  64   494212    -0.35234736906458         0.92474788253431    
  65   492701    -0.34259937153161         0.92013102699150    
  66   495827    -0.33267747178277         0.91513291175856    
  67   497354    -0.32295132303617         0.91003706011728    
  68   494038    -0.31366312915090         0.90498026301766    
  69   492072    -0.30411472269193         0.89927405106187    
  70   492270    -0.29440921072742         0.89275759022287    
  71   493266    -0.28489909628074         0.88558762141328    
  72   494054    -0.27444297232588         0.87642175761091    
  73   492540    -0.26469045547225         0.86722923826849    
  74   493543    -0.25465537493945         0.85787061789724    
  75   493190    -0.24523751301155         0.84754040782059    
  76   493784    -0.23631838138564         0.83906551323240    
  77   491799    -0.22657574951878         0.82640670918067    
  78   493025    -0.21685827441545         0.81127260090480    
  79   490390    -0.20716169617602         0.79655626832482    
  80   491951    -0.19730890955488         0.77981202611086    
  81   494836    -0.18686696908541         0.75993817637913    
  82   492031    -0.17761864895145         0.73936305487290    
  83   491606    -0.16879718700210         0.71963782831942    
  84   492029    -0.15915638418749         0.69548920804513    
  85   494033    -0.14887411461727         0.66624355918228    
  86   495010    -0.13905261379173         0.63166353623369    
  87   489997    -0.12980051707710         0.59970849013307    
  88   490868    -0.12010344289143         0.56195602619801    
  89   491385    -0.11047935628395         0.52134847990365    
  90   491571    -0.10103567448220         0.47571981439000    
  91   490690    -0.91504333372770E-01     0.42547985455987    
  92   490974    -0.81805285319023E-01     0.37184378376166    
  93   492854    -0.71762916599249E-01     0.31235433829521    
  94   492229    -0.62568026546156E-01     0.25549211515992    
  95   490980    -0.52803419676430E-01     0.19622053490470    
  96   493713    -0.43584981927262E-01     0.14373120436868    
  97   489044    -0.33894094699488E-01     0.92103573848417E-01
  98   491233    -0.24332761679733E-01     0.49932570163638E-01
  99   490372    -0.13761045959436E-01     0.16545472461787E-01
 100   491217    -0.51471249815337E-02     0.23613875258121E-02
 101   491105     0.50323990041739E-02     0.22685154888188E-02
 102   491751     0.14306997789216E-01     0.17456725105240E-01
 103   489799     0.23460337659608E-01     0.46094844797691E-01
 104   489520     0.33235100652951E-01     0.87968292942644E-01
 105   492591     0.43928164541773E-01     0.14451564300782    
 106   492401     0.52621989906725E-01     0.19674277037537    
 107   492026     0.62867263949513E-01     0.25999954620124    
 108   492607     0.73020450562890E-01     0.31884956710539    
 109   492553     0.82061836947797E-01     0.37283094739499    
 110   491849     0.91093512078286E-01     0.42305574879004    
 111   493448     0.10070857106505         0.47435621220550    
 112   491528     0.10954736309654         0.51689623443394    
 113   490234     0.12044777722817         0.56208142478857    
 114   492774     0.12979369001427         0.60015057901303    
 115   491876     0.13938673626046         0.63459034722802    
 116   493972     0.14883537063114         0.66763582130521    
 117   491397     0.15883331273442         0.69517693862820    
 118   490808     0.16840076802950         0.71885103023365    
 119   491298     0.17800421668138         0.74214292437687    
 120   492081     0.18773493607820         0.76166941692611    
 121   493793     0.19742082994113         0.78080423916151    
 122   490821     0.20646731004259         0.79750895932142    
 123   493594     0.21694174943518         0.81258597737652    
 124   491200     0.22599698317679         0.82563906931209    
 125   492628     0.23554639140850         0.83892673694328    
 126   493801     0.24552292901153         0.84990343303515    
 127   494468     0.25574769099568         0.86043993942273    
 128   492366     0.26555850085716         0.87004941448275    
 129   494583     0.27484231162821         0.87719436322631    
 130   493909     0.28425552732179         0.88490664471983    
 131   493310     0.29401739957143         0.89193113871840    
 132   494749     0.30410531858285         0.89950460761754    
 133   496527     0.31361335047766         0.90573699273546    
 134   494996     0.32404767657233         0.91233577079612    
 135   496163     0.33319864264154         0.91662485895273    
 136   493344     0.34343745402379         0.92093225881546    
 137   492529     0.35230020910462         0.92552735202931    
 138   492124     0.36205979452472         0.93027309575170    
 139   495753     0.37203270190312         0.93377295404506    
 140   500760     0.38165128924418         0.93747176123252    
 141   496509     0.39148421492082         0.94075258763136    
 142   490405     0.40124307119668         0.94374372070173    
 143   494559     0.41196700998657         0.94725312921720    
 144   497784     0.42143307931458         0.94974182464737    
 145   499413     0.43090893959518         0.95238327481726    
 146   497909     0.44082582911368         0.95489706664713    
 147   495963     0.45033156195553         0.95695527627584    
 148   492917     0.46054719602015         0.95959120212282    
 149   495906     0.47079552904188         0.96145297900115    
 150   496095     0.48021304909177         0.96297218110798    
 151   498359     0.48974781289535         0.96486781289515    
 152   499041     0.49970077760597         0.96670957333298    
 153   499037     0.50983124231819         0.96848438826327    
 154   498941     0.52048424849519         0.97020465578539    
 155   498803     0.52979336488985         0.97150591886002    
 156   496776     0.53982906081875         0.97305238652420    
 157   502235     0.54930549653588         0.97419995230693    
 158   502468     0.55962107616866         0.97562357172336    
 159   500007     0.56976644343119         0.97674561930268    
 160   496591     0.57953985474192         0.97783512439523    
 161   499692     0.58994331229281         0.97891448518582    
 162   500409     0.60000681854082         0.98002446060204    
 163   499774     0.60969220248884         0.98091359721388    
 164   506147     0.61993931388395         0.98188352673277    
 165   506077     0.62928338094101         0.98280479863589    
 166   502445     0.63982311814346         0.98367495741571    
 167   501713     0.65021401146140         0.98462631229360    
 168   500905     0.66049969714065         0.98537733487104    
 169   500212     0.67048000646022         0.98609758978988    
 170   504098     0.68041914648505         0.98680013975759    
 171   507080     0.69058581394530         0.98763618897219    
 172   506909     0.70075652656758         0.98830805924939    
 173   503620     0.71139801697225         0.98898378629489    
 174   502452     0.72138824023574         0.98949870592741    
 175   504305     0.73170030743648         0.99014239600125    
 176   505864     0.74182328277634         0.99065947717028    
 177   505498     0.75179928139856         0.99126104693442    
 178   507748     0.76244237863337         0.99184836100064    
 179   509922     0.77281269217634         0.99237932685105    
 180   506944     0.78320905496696         0.99288302126254    
 181   506663     0.79367395377584         0.99330199646558    
 182   509695     0.80353018504837         0.99373737576406    
 183   508351     0.81410142246256         0.99418179389229    
 184   509428     0.82447191588701         0.99462468221237    
 185   508603     0.83507072175105         0.99502683300104    
 186   510562     0.84573333895831         0.99545917350964    
 187   511511     0.85593644533064         0.99589597511686    
 188   514539     0.86664234420962         0.99623237108980    
 189   509849     0.87706787517750         0.99658523477056    
 190   510385     0.88769890995325         0.99691129580305    
 191   511393     0.89823364524937         0.99726619485002    
 192   515267     0.90872058761506         0.99759335546306    
 193   515608     0.91942561586755         0.99790805985129    
 194   510904     0.93018487393556         0.99824132106471    
 195   514943     0.94079035828976         0.99851574278731    
 196   515625     0.95146120391654         0.99880252109384    
 197   516491     0.96222967311185         0.99908524209808    
 198   516743     0.97300248808473         0.99935459037328    
 199   516256     0.98378297742914         0.99961605992702    
 200   517250     0.99458466083269         0.99986691653237    
