           0        1000
   1.32022636607234      -0.976200683317818      -0.973262269812004     
           0        1000
   1.30093809575220       -1.13831480705167      -0.218763551278820     
           0        1000
 -0.139244050498099       0.770041393822696      -0.826229367373050     
           0        1000
  0.453338787361167        1.00631538028715       0.999336171178461     
           0        1000
   1.01477158571122        1.09047545637917        1.46994532020073     
           0        1000
  0.250380528149574        1.13234274077641       0.843281090224271     
           0        1000
   1.35972532514388       -1.04893926690971      -0.642848650773424     
           0        1000
  0.591526349848055       -1.56904660188280      -0.439674404040492     
           0        1000
   1.54203629770295       0.634325582186782       0.997181216603557     
           0        1000
   1.62368761400154       0.948847144051188       0.874087220895226     
           0        1000
  0.446483157955954       -1.62539428043423       0.609764107212278     
           0        1000
 -0.791327395228018        1.82092908992396      -0.255410612251827     
           0        1000
   1.24833743877768      -0.949148658141434       -2.33975680307053D-003
           0        1000
   1.55009183896867        1.66863947099509      -0.142747759603210     
           0        1000
   1.34786753142565       0.131814480841221        1.34786471893060     
           0        1000
   1.95015568490814       0.689805119982850      -0.964489897371092     
           0        1000
  0.925374208573924      -0.388731289326259       0.782082077202697     
           0        1000
  0.238988130848121        1.55770779714433       0.556146493673413     
           0        1000
  0.118132707945979        1.26481994918698      -0.166502125966705     
           0        1000
  -4.49130724823265D-002   1.35066324484715       0.419109954423016     
           0        1000
  0.236452113511805        1.02100664709672       0.885079257764334     
           0        1000
  0.989279060353414       -1.14289336182537       0.294869015214983     
           0        1000
   1.22610924938152       -1.16235209375912D-002   1.53723019787067     
           0        1000
  0.348421822739232        1.13270476171058      -0.190094965392760     
           0        1000
   1.14969027716939       -1.32037700786686       0.458921443363414     
           0        1000
  0.578090584096781      -0.773082691332181        1.30000930778012     
           0        1000
  0.251195013461997        1.23332549924256      -0.131520013637108     
           0        1000
  0.297156947658030      -0.219369613231889        1.27566709200330     
           0        1000
   1.25160625845084        1.35176813806512        1.37035184759593     
           0        1000
   1.00454548688065       -1.01629401100723      -0.211513622435461     
           0        1000
   1.22379111243778        1.42080483278973       0.182917917006749     
           0        1000
   1.50873593782826      -0.396791876279465        2.06748862049020     
           0        1000
   1.84469696474923       -7.75301842519727D-003  0.947557675653160     
           0        1000
   1.70139669590436       0.461922620628359        1.13390137686182     
           0        1000
 -0.115424335863502        1.51320188517475       -8.40014783461297D-002
           0        1000
   1.56665224169354       -1.24208968195232        6.98685419430026D-002
           0        1000
   1.18119973101843       -1.27015521349839       0.550961612798669     
           0        1000
   1.32477932344339      -0.874370516206322       -1.06142054025778     
           0        1000
   1.61051269186618       0.219119723122360        1.11786501681215     
           0        1000
  0.639413937426896       0.413139411877696        1.86817194021374     
           0        1000
   5.86417642051261D-002   1.55909882488297       0.147137857049830     
           0        1000
   1.28398920444305       0.394219991399595      -0.273512808377244     
           0        1000
  0.963842237229350      -0.847942999944184      -0.109293425176026     
           0        1000
  0.194775075158729        1.33708181656031       0.296576130960383     
           0        1000
  0.148883510795532        1.11389152304584        1.02283999315752     
           0        1000
  0.158609076091290        1.25230665010878      -0.169918518770501     
           0        1000
   1.05264772116245        1.24234007329211       0.270337273180016     
           0        1000
   1.22689717012675       -1.20207529065464      -0.332219536838888     
           0        1000
  0.564761695181716      -0.964961925417705       0.854372234598350     
           0        1000
  0.730037378086628      -0.235859723784616        1.04657127313627     
           0        1000
  0.460239653587857       0.499496252532296        1.28894798820622     
           0        1000
  0.686426095277967      -0.383370638098133      -0.732136445419889     
           0        1000
  0.553143055152583      -0.682940564529724        1.57752639348205     
           0        1000
   1.32821954246889       0.254955500155761       -1.24046759356439     
           0        1000
   1.40494812895594       -1.20227230397065       0.553760964341260     
           0        1000
   1.25067757482003      -0.568959783900516       -9.69553994409858D-002
           0        1000
   1.59860297385668       0.755050727998726       -1.08107285898060     
           0        1000
   1.97798366707579        1.29209535868202      -0.676398290995151     
           0        1000
   1.10305655522897       0.645638703982709      -0.432588398886759     
           0        1000
   1.23615094768800      -0.822901618739986      -0.674892267406707     
           0        1000
  0.259933591593612       0.919913873543181       0.978187977863618     
           0        1000
   1.49801007258095       0.699987491229287      -0.951793647158976     
           0        1000
  -3.26863578639761D-002  0.977800861133382       0.901431065846244     
           0        1000
   1.61487958263292      -0.448773005729434        1.91404891153414     
           0        1000
  0.641219356681833        1.12322356152583       0.351931482630627     
           0        1000
   1.55814393597737      -0.299104315862741        1.47333952992211     
           0        1000
  0.601971451309395        1.16076002739883       -1.00615784598844     
           0        1000
  0.536208761959622      -0.764156075134557        1.74313476067393     
           0        1000
  0.861564812882463       -1.36737537982968       -1.02481905876590     
           0        1000
   1.29760012786627       0.101632285838602      -0.442206579969947     
           0        1000
   1.37076565835700       0.944677209382282       0.382940457883298     
           0        1000
  -7.55320766796476D-002   1.48773919657241       0.283991213393916     
           0        1000
  0.862479350384145       -1.04828661979833       0.510495058105500     
           0        1000
   1.19897866112585       0.945405730246145        3.92434002159914D-003
           0        1000
  0.614055627622897       -1.74077812943593       0.642992647207633     
           0        1000
  0.253317008374769        1.35024017003792       0.936312480348983     
           0        1000
   1.73576655876042        1.21033890873954        1.15752389591236     
           0        1000
  0.870974398897359        1.28147084545175        1.52201371142302     
           0        1000
   1.63704610941006      -0.401583638155558      -0.997157815217602     
           0        1000
   3.64477034289731D-002   1.27182427495467      -0.156399971623451     
           0        1000
   1.99553187185180      -0.471068031909904       -1.06772637054061     
           0        1000
   1.64921008843909       0.765032954974752        1.86165999855962     
           0        1000
  0.565555788919549      -0.852043141433171       0.636951307365395     
           0        1000
   1.48232515964335       0.227660096684021      -0.384539221723467     
           0        1000
  0.569906884434128       -1.74540950942086       0.313595971938937     
           0        1000
   1.69885869426873       0.535931720952853      -0.248105929296037     
           0        1000
   1.68031857899367       0.812111036976123       0.790909341991450     
           0        1000
  0.862175725863789       0.103776244889030      -0.739743579174611     
           0        1000
   1.74375109899396       0.502096448512886       0.518195618223743     
           0        1000
   1.24147899809033      -0.571748208216946       -8.79778291973337D-002
           0        1000
   1.35397070158741       -1.00964742726463      -0.635079644891001     
           0        1000
   1.24342967735160        1.53328913382631       0.235037066392935     
           0        1000
   1.25693775676187       0.554364900954145       -1.30839474304778     
           0        1000
   1.89427007974577       -1.10955811716330      -0.121165412947095     
           0        1000
   1.54604984998698      -0.396152261064522        1.46441319428434     
           0        1000
   1.77398728356044      -0.136170554493499        1.03706341493872     
           0        1000
   1.60524296147059       0.258420729672152      -0.425483962384159     
           0        1000
  0.637348320203425       -8.63754147094481D-002   1.10000830336912     
           0        1000
  0.201308715340942        1.77242843674472      -0.432161901096935     
           0        1000
  0.809018956296815      -0.304127728176349       0.637451125972443     
           0        1000
   1.37856045137267       -1.16997674472697       0.634637025913646     
           0        1000
   1.02840564311595      -0.705279486159314        1.89648108688380     
           0        1000
  0.564601237139878      -0.988249579830182      -0.643801082591196     
           0        1000
  0.665379289663469      -0.318712768272468        1.73232291375051     
           0        1000
  0.868474733052005      -0.398172885680934       0.620570029137692     
           0        1000
   1.90727477082795       0.259053312298667       0.861631729081132     
           0        1000
   2.00152565118443       0.695807607493799       -1.10457782642188     
           0        1000
  0.454259679594165      -0.768076061225169       0.681098802139525     
           0        1000
   1.07954383494552      -0.951518231262669       0.424690613398116     
           0        1000
 -0.154641035660359       0.356575312045474      -0.708568679392614     
           0        1000
   1.82622779181133      -0.807672339717105       0.683699697055181     
           0        1000
   1.26743825074956        7.89983509566932D-002 -0.735065242132440     
           0        1000
  -4.75205623357610D-002   1.37850373290210       0.129395828078159     
           0        1000
  0.195039081410825        1.21697583294581       0.651211121014238     
           0        1000
  0.426022970908467      -0.649195656768942        1.13513033006042     
           0        1000
   1.50014997071211        1.59390085398347       -7.06042117700676D-002
           0        1000
   1.50616750492719       0.248888910561567        1.10996452389397     
           0        1000
   1.66483126985744        1.01686085999192      -0.819671896909873     
           0        1000
   2.34479810136932       0.957303186118042      -0.356312772596821     
           0        1000
   1.51052231861016       0.580807126335084      -0.148515246847180     
           0        1000
   1.68677425433401       0.504257639608670      -0.282138182122083     
           0        1000
   1.31269835818797       0.956397170679685      -0.169154639394739     
           0        1000
  0.878702020652395      -0.506232853621417       0.362882766540544     
           0        1000
   1.27505186352475        1.08842997715110      -0.559225162282824     
           0        1000
   2.06965078860747      -0.768072527190378       0.637956479134086     
           0        1000
  0.258916410736805        1.03001233207450       0.823118946665656     
           0        1000
   1.30044765120385       -1.01222668470293       -1.72765507076122     
           0        1000
  0.590163309481267       -1.30948929686172       0.473092526501184     
           0        1000
  -3.43774469580694D-002  0.930346960375041        1.27128638719333     
           0        1000
  0.688893746747427      -0.298101769004192        1.73487381270999     
           0        1000
  0.291741256969546       0.817531987738699        1.03202243767872     
           0        1000
   2.24157655923972       0.243092921597690      -0.853153867937547     
           0        1000
   1.15759586489081       0.387010012351503      -0.729018844183276     
           0        1000
   1.18048574860157        1.56396765411319       0.174678502596435     
           0        1000
  0.546081807704429       -1.10784529422697       0.133550720326849     
           0        1000
  0.925786847566071      -0.838022889754755       0.439443031613577     
           0        1000
  0.482906089222823       -1.63221314980995       0.336442165617819     
           0        1000
   1.56614977383055        1.62489802221151D-002   1.96380151152925     
           0        1000
  0.770393471720181      -0.346841229786392       0.934214705916819     
           0        1000
  0.453958838724760      -0.793345954367121        1.05548626947559     
           0        1000
   1.25454707401767       0.815292360790249       0.941511246019345     
           0        1000
  0.595905127127259       -1.15670432601380        1.31254438069666     
           0        1000
   1.69043205451192       0.258244117585495        2.00658067746755     
           0        1000
  0.748333449974100      -0.210768742261692       0.972772611998328     
           0        1000
  0.724994485941185      -0.697818892918454        1.15286446310178     
           0        1000
   1.09222707924389       0.810538503715282       -1.81735729272627     
           0        1000
   1.73473190176126        1.11131672474202        1.59265207254740     
           0        1000
   1.42804433900388       0.426344409184995       -1.09224371189486     
           0        1000
   3.92134615888912D-002   1.31680130297280       0.137052203940153     
           0        1000
   2.02100582304094       -1.08656876311717       0.189104857831292     
           0        1000
   1.78963165705538       0.693892912542452        1.82248300861583     
           0        1000
  0.738778618392698       -1.24325239662870       0.846386113009285     
           0        1000
   1.67433197622559       0.150096116383385       -1.12937213022322     
           0        1000
  0.290352557199799       0.959272648045429        1.28764467670929     
           0        1000
  0.913019293794654       0.291948386701852      -0.712569869141247     
           0        1000
   1.61352083306531        1.29054060821530        1.49048345568061     
           0        1000
   1.37588380766222       0.664573994424285       0.973503718893956     
           0        1000
   1.61473948415548       0.141277672520992      -0.355017257127725     
           0        1000
  0.745389317976898       0.193118758898621       -1.02123429363672     
           0        1000
   1.27430756948588       0.839318453108208       -9.29234057997713D-003
           0        1000
   1.19012584693038      -0.572575930201759      -0.956490514452960     
           0        1000
  0.411409357765250       0.497189014002047        1.06794670395758     
           0        1000
  0.637131544326294      -0.829083085979530       0.559273789476639     
           0        1000
   1.27426526949554      -0.212101259018900       -1.06658303205492     
           0        1000
  0.352344851712581       0.696354119743469        1.08182085286665     
           0        1000
  -1.02678339637968D-002   1.33055910083934       0.124035275862730     
           0        1000
   1.00368278987777      -0.303340877408054      -0.848609069047118     
           0        1000
  0.216381332555241        1.40918790387587       0.919569007304966     
           0        1000
  0.870599742027687      -0.743662539557139       0.547828623737150     
           0        1000
  -2.80814064375473D-002  0.701180643436656        1.24556576784099     
           0        1000
   1.67706549169670       -1.08150274515100       0.558665318001466     
           0        1000
   1.89823671342361D-002   1.57522386420279      -0.135959264460009     
           0        1000
  0.791728597946474      -0.390458849515657       0.897189608045074     
           0        1000
   1.51825331519965      -0.751552193183079      -0.947558838929266     
           0        1000
  0.414933954339526        1.56114678258950       0.509875736981474     
           0        1000
   1.11728047499478       0.212121436656710      -0.782186714623605     
           0        1000
  0.202462702263322        1.21040831609079       0.670015651794376     
           0        1000
   1.05165927397378      -0.657938669511247       0.404110284301453     
           0        1000
  0.391347437135672        1.67454782759314      -0.816554675439175     
           0        1000
   1.33098873413644        1.08419991301790       0.643468814135907     
           0        1000
   1.39792716455871       0.134152606318253       -1.11919871136990     
           0        1000
  0.645467038813313       -1.28198785349792       0.908155890015004     
           0        1000
   2.00789247484296       -1.01607521317342      -0.481256871391889     
           0        1000
   1.38979024821038       0.792483637550193      -0.815962671130724     
           0        1000
   1.66316795276499        1.22647272178519      -0.566499680992552     
           0        1000
   1.16117535622244       0.392834464650637      -0.756094317547744     
           0        1000
  0.723573951530239      -0.293116514529984        1.00473360783253     
           0        1000
   1.71482658090174       0.538908681772850      -0.221167695326652     
           0        1000
   5.37368234861657D-002   1.27710778079728       0.349621388997592     
           0        1000
  0.592176046557773       0.117126609492216        1.16944646266032     
           0        1000
  0.793280054675711      -0.131172929689570      -0.729069334596552     
           0        1000
  0.531522517171937       -1.18033246262064      -0.983849692216914     
           0        1000
  0.961360521225159      -0.587761797233269        1.63610370629644     
           0        1000
   1.44384638285805        1.21459065889685        1.43289919379380     
           0        1000
  0.785346618949655      -0.333824192562867       0.647630470257998     
           0        1000
  0.509519780259503       -1.45922684405788       0.458750608259554     
           0        1000
  0.294125189095391        1.00224276328985       0.793823341602300     
           0        1000
  0.313259269848636       0.789008304239942        1.03635126575628     
           0        1000
 -0.332590264521653       0.352195093967784      -0.933972994830675     
           0        1000
   1.89739451542978       0.501752893321050       0.815112667965102     
