 obs_sequence
obs_kind_definitions
 2
 1 RAW_STATE_VARIABLE
 2 RAW_STATE_1D_INTEGRAL
  num_copies:            2  num_qc:            1
  num_obs:          400  max_num_obs:          400
observations                                                                                                                     
truth                                                                                                                            
Quality Control                                                                                                                  
  first:            1  last:          400
 OBS            1
  -8.82948290955722     
  -5.58378563570048     
  0.000000000000000E+000
          -1           2          -1
obdef
loc1d
  0.000000000000000E+000
kind
          -1
           0           0
   8.00000000000000     
 OBS            2
 -0.728666874922898     
  0.356590852080717     
  0.000000000000000E+000
           1           3          -1
obdef
loc1d
  0.333333333333333     
kind
          -2
           0           0
   8.00000000000000     
 OBS            3
 -0.265842732940019     
  -2.82281678582658     
  0.000000000000000E+000
           2           4          -1
obdef
loc1d
  0.000000000000000E+000
kind
          -1
       21600           0
   8.00000000000000     
 OBS            4
   1.48771226562905     
  0.500672175190132     
  0.000000000000000E+000
           3           5          -1
obdef
loc1d
  0.333333333333333     
kind
          -2
       21600           0
   8.00000000000000     
 OBS            5
  5.218018147369419E-002
  -1.43357131367052     
  0.000000000000000E+000
           4           6          -1
obdef
loc1d
  0.000000000000000E+000
kind
          -1
       43200           0
   8.00000000000000     
 OBS            6
  -2.48712693809030     
  4.421975219125394E-002
  0.000000000000000E+000
           5           7          -1
obdef
loc1d
  0.333333333333333     
kind
          -2
       43200           0
   8.00000000000000     
 OBS            7
  -3.08627183193535     
 -0.886924133384414     
  0.000000000000000E+000
           6           8          -1
obdef
loc1d
  0.000000000000000E+000
kind
          -1
       64800           0
   8.00000000000000     
 OBS            8
  -2.55520979514762     
 -0.427304261673312     
  0.000000000000000E+000
           7           9          -1
obdef
loc1d
  0.333333333333333     
kind
          -2
       64800           0
   8.00000000000000     
 OBS            9
 -0.618356004711276     
 -0.794081541580061     
  0.000000000000000E+000
           8          10          -1
obdef
loc1d
  0.000000000000000E+000
kind
          -1
           0           1
   8.00000000000000     
 OBS           10
 -0.417502757309264     
 -0.894754201292989     
  0.000000000000000E+000
           9          11          -1
obdef
loc1d
  0.333333333333333     
kind
          -2
           0           1
   8.00000000000000     
 OBS           11
   2.21294508999089     
 -0.981266548932429     
  0.000000000000000E+000
          10          12          -1
obdef
loc1d
  0.000000000000000E+000
kind
          -1
       21600           1
   8.00000000000000     
 OBS           12
  -4.18196646747687     
  -1.50145868560456     
  0.000000000000000E+000
          11          13          -1
obdef
loc1d
  0.333333333333333     
kind
          -2
       21600           1
   8.00000000000000     
 OBS           13
  0.111374364400125     
  -1.43547184312533     
  0.000000000000000E+000
          12          14          -1
obdef
loc1d
  0.000000000000000E+000
kind
          -1
       43200           1
   8.00000000000000     
 OBS           14
   2.55506797417971     
  -2.46235273143907     
  0.000000000000000E+000
          13          15          -1
obdef
loc1d
  0.333333333333333     
kind
          -2
       43200           1
   8.00000000000000     
 OBS           15
 -0.891741617775881     
  -2.27132113645242     
  0.000000000000000E+000
          14          16          -1
obdef
loc1d
  0.000000000000000E+000
kind
          -1
       64800           1
   8.00000000000000     
 OBS           16
  -2.62743343371642     
  -4.10386631826637     
  0.000000000000000E+000
          15          17          -1
obdef
loc1d
  0.333333333333333     
kind
          -2
       64800           1
   8.00000000000000     
 OBS           17
  -1.12009661312755     
  -3.74283535232356     
  0.000000000000000E+000
          16          18          -1
obdef
loc1d
  0.000000000000000E+000
kind
          -1
           0           2
   8.00000000000000     
 OBS           18
  -5.57775898733076     
  -6.93864054145430     
  0.000000000000000E+000
          17          19          -1
obdef
loc1d
  0.333333333333333     
kind
          -2
           0           2
   8.00000000000000     
 OBS           19
  -5.04719222885649     
  -6.26240347356993     
  0.000000000000000E+000
          18          20          -1
obdef
loc1d
  0.000000000000000E+000
kind
          -1
       21600           2
   8.00000000000000     
 OBS           20
  -9.47609741795142     
  -11.6032006789613     
  0.000000000000000E+000
          19          21          -1
obdef
loc1d
  0.333333333333333     
kind
          -2
       21600           2
   8.00000000000000     
 OBS           21
  -9.70125948191339     
  -10.2111172870637     
  0.000000000000000E+000
          20          22          -1
obdef
loc1d
  0.000000000000000E+000
kind
          -1
       43200           2
   8.00000000000000     
 OBS           22
  -18.2757384315701     
  -17.8864470901300     
  0.000000000000000E+000
          21          23          -1
obdef
loc1d
  0.333333333333333     
kind
          -2
       43200           2
   8.00000000000000     
 OBS           23
  -16.7133692334048     
  -14.8071316672619     
  0.000000000000000E+000
          22          24          -1
obdef
loc1d
  0.000000000000000E+000
kind
          -1
       64800           2
   8.00000000000000     
 OBS           24
  -17.2700518307897     
  -21.2473773048833     
  0.000000000000000E+000
          23          25          -1
obdef
loc1d
  0.333333333333333     
kind
          -2
       64800           2
   8.00000000000000     
 OBS           25
  -12.6754276060738     
  -16.2534551824227     
  0.000000000000000E+000
          24          26          -1
obdef
loc1d
  0.000000000000000E+000
kind
          -1
           0           3
   8.00000000000000     
 OBS           26
  -13.6920310663882     
  -13.5121828924723     
  0.000000000000000E+000
          25          27          -1
obdef
loc1d
  0.333333333333333     
kind
          -2
           0           3
   8.00000000000000     
 OBS           27
  -15.8591406795319     
  -11.8752927794876     
  0.000000000000000E+000
          26          28          -1
obdef
loc1d
  0.000000000000000E+000
kind
          -1
       21600           3
   8.00000000000000     
 OBS           28
  -1.69386795133996     
  -1.59879294648882     
  0.000000000000000E+000
          27          29          -1
obdef
loc1d
  0.333333333333333     
kind
          -2
       21600           3
   8.00000000000000     
 OBS           29
  -8.19432843359576     
  -5.76938632163435     
  0.000000000000000E+000
          28          30          -1
obdef
loc1d
  0.000000000000000E+000
kind
          -1
       43200           3
   8.00000000000000     
 OBS           30
   4.16013712456679     
   3.21289490138324     
  0.000000000000000E+000
          29          31          -1
obdef
loc1d
  0.333333333333333     
kind
          -2
       43200           3
   8.00000000000000     
 OBS           31
 -1.169795629033743E-003
  -1.53626004824345     
  0.000000000000000E+000
          30          32          -1
obdef
loc1d
  0.000000000000000E+000
kind
          -1
       64800           3
   8.00000000000000     
 OBS           32
  -1.62840751377157     
   3.66355427403684     
  0.000000000000000E+000
          31          33          -1
obdef
loc1d
  0.333333333333333     
kind
          -2
       64800           3
   8.00000000000000     
 OBS           33
 -0.138390530152253     
  0.747880436343575     
  0.000000000000000E+000
          32          34          -1
obdef
loc1d
  0.000000000000000E+000
kind
          -1
           0           4
   8.00000000000000     
 OBS           34
   7.27555278592070     
   3.46578035490057     
  0.000000000000000E+000
          33          35          -1
obdef
loc1d
  0.333333333333333     
kind
          -2
           0           4
   8.00000000000000     
 OBS           35
   6.16994554216564     
   2.02389972560973     
  0.000000000000000E+000
          34          36          -1
obdef
loc1d
  0.000000000000000E+000
kind
          -1
       21600           4
   8.00000000000000     
 OBS           36
  0.159441714125767     
   3.78366194644165     
  0.000000000000000E+000
          35          37          -1
obdef
loc1d
  0.333333333333333     
kind
          -2
       21600           4
   8.00000000000000     
 OBS           37
   6.22988080558298     
   3.05464829760750     
  0.000000000000000E+000
          36          38          -1
obdef
loc1d
  0.000000000000000E+000
kind
          -1
       43200           4
   8.00000000000000     
 OBS           38
   5.26855264412684     
   4.87222626943441     
  0.000000000000000E+000
          37          39          -1
obdef
loc1d
  0.333333333333333     
kind
          -2
       43200           4
   8.00000000000000     
 OBS           39
   3.90752413100744     
   4.33494248749555     
  0.000000000000000E+000
          38          40          -1
obdef
loc1d
  0.000000000000000E+000
kind
          -1
       64800           4
   8.00000000000000     
 OBS           40
   5.33344586789489     
   6.88769387038021     
  0.000000000000000E+000
          39          41          -1
obdef
loc1d
  0.333333333333333     
kind
          -2
       64800           4
   8.00000000000000     
 OBS           41
   6.11241106693095     
   6.21460146049352     
  0.000000000000000E+000
          40          42          -1
obdef
loc1d
  0.000000000000000E+000
kind
          -1
           0           5
   8.00000000000000     
 OBS           42
   12.6531515582564     
   9.99270679247631     
  0.000000000000000E+000
          41          43          -1
obdef
loc1d
  0.333333333333333     
kind
          -2
           0           5
   8.00000000000000     
 OBS           43
   8.27137570059727     
   8.87835767039166     
  0.000000000000000E+000
          42          44          -1
obdef
loc1d
  0.000000000000000E+000
kind
          -1
       21600           5
   8.00000000000000     
 OBS           44
   7.67058673260468     
   13.8910146424027     
  0.000000000000000E+000
          43          45          -1
obdef
loc1d
  0.333333333333333     
kind
          -2
       21600           5
   8.00000000000000     
 OBS           45
   14.3704479171411     
   11.9321809151992     
  0.000000000000000E+000
          44          46          -1
obdef
loc1d
  0.000000000000000E+000
kind
          -1
       43200           5
   8.00000000000000     
 OBS           46
   17.7883213862161     
   16.6034268643149     
  0.000000000000000E+000
          45          47          -1
obdef
loc1d
  0.333333333333333     
kind
          -2
       43200           5
   8.00000000000000     
 OBS           47
   10.9596585756893     
   13.7394796236087     
  0.000000000000000E+000
          46          48          -1
obdef
loc1d
  0.000000000000000E+000
kind
          -1
       64800           5
   8.00000000000000     
 OBS           48
   13.7601854795934     
   14.4170660693525     
  0.000000000000000E+000
          47          49          -1
obdef
loc1d
  0.333333333333333     
kind
          -2
       64800           5
   8.00000000000000     
 OBS           49
   8.56190439285618     
   12.4363929072469     
  0.000000000000000E+000
          48          50          -1
obdef
loc1d
  0.000000000000000E+000
kind
          -1
           0           6
   8.00000000000000     
 OBS           50
   4.74065826001417     
   7.69467129840245     
  0.000000000000000E+000
          49          51          -1
obdef
loc1d
  0.333333333333333     
kind
          -2
           0           6
   8.00000000000000     
 OBS           51
   12.4305547169556     
   8.83528857336692     
  0.000000000000000E+000
          50          52          -1
obdef
loc1d
  0.000000000000000E+000
kind
          -1
       21600           6
   8.00000000000000     
 OBS           52
 -0.357329334993991     
   2.39863297164733     
  0.000000000000000E+000
          51          53          -1
obdef
loc1d
  0.333333333333333     
kind
          -2
       21600           6
   8.00000000000000     
 OBS           53
   8.05065081442043     
   5.38290319301207     
  0.000000000000000E+000
          52          54          -1
obdef
loc1d
  0.000000000000000E+000
kind
          -1
       43200           6
   8.00000000000000     
 OBS           54
  0.457417589435819     
  0.627427249305550     
  0.000000000000000E+000
          53          55          -1
obdef
loc1d
  0.333333333333333     
kind
          -2
       43200           6
   8.00000000000000     
 OBS           55
   3.82117005879430     
   3.22036640132224     
  0.000000000000000E+000
          54          56          -1
obdef
loc1d
  0.000000000000000E+000
kind
          -1
       64800           6
   8.00000000000000     
 OBS           56
 -0.594027907297547     
  0.703389573551919     
  0.000000000000000E+000
          55          57          -1
obdef
loc1d
  0.333333333333333     
kind
          -2
       64800           6
   8.00000000000000     
 OBS           57
   6.18313947063866     
   2.23553464806053     
  0.000000000000000E+000
          56          58          -1
obdef
loc1d
  0.000000000000000E+000
kind
          -1
           0           7
   8.00000000000000     
 OBS           58
  -1.38592546659708     
   1.34587090937862     
  0.000000000000000E+000
          57          59          -1
obdef
loc1d
  0.333333333333333     
kind
          -2
           0           7
   8.00000000000000     
 OBS           59
   1.87505403294816     
   2.04228806814180     
  0.000000000000000E+000
          58          60          -1
obdef
loc1d
  0.000000000000000E+000
kind
          -1
       21600           7
   8.00000000000000     
 OBS           60
 -0.887803001026187     
   2.21777213854274     
  0.000000000000000E+000
          59          61          -1
obdef
loc1d
  0.333333333333333     
kind
          -2
       21600           7
   8.00000000000000     
 OBS           61
   1.90218459476781     
   2.40589396587219     
  0.000000000000000E+000
          60          62          -1
obdef
loc1d
  0.000000000000000E+000
kind
          -1
       43200           7
   8.00000000000000     
 OBS           62
   7.88662551306411     
   3.43660872152969     
  0.000000000000000E+000
          61          63          -1
obdef
loc1d
  0.333333333333333     
kind
          -2
       43200           7
   8.00000000000000     
 OBS           63
   3.48833393510120     
   3.30414636995621     
  0.000000000000000E+000
          62          64          -1
obdef
loc1d
  0.000000000000000E+000
kind
          -1
       64800           7
   8.00000000000000     
 OBS           64
   9.97166645547320     
   5.31569907160638     
  0.000000000000000E+000
          63          65          -1
obdef
loc1d
  0.333333333333333     
kind
          -2
       64800           7
   8.00000000000000     
 OBS           65
   4.24945694520044     
   4.89630572854504     
  0.000000000000000E+000
          64          66          -1
obdef
loc1d
  0.000000000000000E+000
kind
          -1
           0           8
   8.00000000000000     
 OBS           66
   6.02007439478455     
   8.27554840417604     
  0.000000000000000E+000
          65          67          -1
obdef
loc1d
  0.333333333333333     
kind
          -2
           0           8
   8.00000000000000     
 OBS           67
   5.81641023215809     
   7.44208267049290     
  0.000000000000000E+000
          66          68          -1
obdef
loc1d
  0.000000000000000E+000
kind
          -1
       21600           8
   8.00000000000000     
 OBS           68
   18.4991133646486     
   12.5821323848189     
  0.000000000000000E+000
          67          69          -1
obdef
loc1d
  0.333333333333333     
kind
          -2
       21600           8
   8.00000000000000     
 OBS           69
   5.58337828272951     
   10.9550145228749     
  0.000000000000000E+000
          68          70          -1
obdef
loc1d
  0.000000000000000E+000
kind
          -1
       43200           8
   8.00000000000000     
 OBS           70
   14.2726239613331     
   17.2012556716392     
  0.000000000000000E+000
          69          71          -1
obdef
loc1d
  0.333333333333333     
kind
          -2
       43200           8
   8.00000000000000     
 OBS           71
   19.2543515167804     
   14.2013624716740     
  0.000000000000000E+000
          70          72          -1
obdef
loc1d
  0.000000000000000E+000
kind
          -1
       64800           8
   8.00000000000000     
 OBS           72
   20.2999404573262     
   17.8014469825925     
  0.000000000000000E+000
          71          73          -1
obdef
loc1d
  0.333333333333333     
kind
          -2
       64800           8
   8.00000000000000     
 OBS           73
   10.6791645661061     
   14.3086952749316     
  0.000000000000000E+000
          72          74          -1
obdef
loc1d
  0.000000000000000E+000
kind
          -1
           0           9
   8.00000000000000     
 OBS           74
   9.19508096811305     
   10.7408588486829     
  0.000000000000000E+000
          73          75          -1
obdef
loc1d
  0.333333333333333     
kind
          -2
           0           9
   8.00000000000000     
 OBS           75
   10.5849018351585     
   10.5265582997520     
  0.000000000000000E+000
          74          76          -1
obdef
loc1d
  0.000000000000000E+000
kind
          -1
       21600           9
   8.00000000000000     
 OBS           76
   6.62910571699933     
   2.60479266269303     
  0.000000000000000E+000
          75          77          -1
obdef
loc1d
  0.333333333333333     
kind
          -2
       21600           9
   8.00000000000000     
 OBS           77
   8.47745445621216     
   5.95016196001029     
  0.000000000000000E+000
          76          78          -1
obdef
loc1d
  0.000000000000000E+000
kind
          -1
       43200           9
   8.00000000000000     
 OBS           78
  0.581773292689415     
 -0.720907846556125     
  0.000000000000000E+000
          77          79          -1
obdef
loc1d
  0.333333333333333     
kind
          -2
       43200           9
   8.00000000000000     
 OBS           79
   3.26324983734427     
   2.80096837583155     
  0.000000000000000E+000
          78          80          -1
obdef
loc1d
  0.000000000000000E+000
kind
          -1
       64800           9
   8.00000000000000     
 OBS           80
   1.31799429796157     
  -1.05709571767006     
  0.000000000000000E+000
          79          81          -1
obdef
loc1d
  0.333333333333333     
kind
          -2
       64800           9
   8.00000000000000     
 OBS           81
  0.652743389937734     
   1.15276479249544     
  0.000000000000000E+000
          80          82          -1
obdef
loc1d
  0.000000000000000E+000
kind
          -1
           0          10
   8.00000000000000     
 OBS           82
  0.352995972183731     
 -0.675820444364570     
  0.000000000000000E+000
          81          83          -1
obdef
loc1d
  0.333333333333333     
kind
          -2
           0          10
   8.00000000000000     
 OBS           83
  0.762275869170305     
  0.415449291428462     
  0.000000000000000E+000
          82          84          -1
obdef
loc1d
  0.000000000000000E+000
kind
          -1
       21600          10
   8.00000000000000     
 OBS           84
 -0.934781531507021     
 -0.355019810069900     
  0.000000000000000E+000
          83          85          -1
obdef
loc1d
  0.333333333333333     
kind
          -2
       21600          10
   8.00000000000000     
 OBS           85
   3.12910138292828     
  0.113008056362374     
  0.000000000000000E+000
          84          86          -1
obdef
loc1d
  0.000000000000000E+000
kind
          -1
       43200          10
   8.00000000000000     
 OBS           86
  -3.92418719316321     
 -0.198545489662787     
  0.000000000000000E+000
          85          87          -1
obdef
loc1d
  0.333333333333333     
kind
          -2
       43200          10
   8.00000000000000     
 OBS           87
   3.07694079767810     
 -1.387158935986308E-002
  0.000000000000000E+000
          86          88          -1
obdef
loc1d
  0.000000000000000E+000
kind
          -1
       64800          10
   8.00000000000000     
 OBS           88
 -0.376290902041171     
 -0.158725995216822     
  0.000000000000000E+000
          87          89          -1
obdef
loc1d
  0.333333333333333     
kind
          -2
       64800          10
   8.00000000000000     
 OBS           89
   2.96510030281765     
 -8.564757609169155E-002
  0.000000000000000E+000
          88          90          -1
obdef
loc1d
  0.000000000000000E+000
kind
          -1
           0          11
   8.00000000000000     
 OBS           90
  -2.90701234804356     
 -0.195601401872264     
  0.000000000000000E+000
          89          91          -1
obdef
loc1d
  0.333333333333333     
kind
          -2
           0          11
   8.00000000000000     
 OBS           91
  -1.53999208067318     
 -0.158996472969920     
  0.000000000000000E+000
          90          92          -1
obdef
loc1d
  0.000000000000000E+000
kind
          -1
       21600          11
   8.00000000000000     
 OBS           92
   3.25712499256543     
 -0.303948753927855     
  0.000000000000000E+000
          91          93          -1
obdef
loc1d
  0.333333333333333     
kind
          -2
       21600          11
   8.00000000000000     
 OBS           93
  -1.50479729743165     
 -0.271625890539663     
  0.000000000000000E+000
          92          94          -1
obdef
loc1d
  0.000000000000000E+000
kind
          -1
       43200          11
   8.00000000000000     
 OBS           94
   1.27194674580636     
 -0.514827472385138     
  0.000000000000000E+000
          93          95          -1
obdef
loc1d
  0.333333333333333     
kind
          -2
       43200          11
   8.00000000000000     
 OBS           95
  -5.21367690118998     
 -0.469050450219051     
  0.000000000000000E+000
          94          96          -1
obdef
loc1d
  0.000000000000000E+000
kind
          -1
       64800          11
   8.00000000000000     
 OBS           96
  -2.09080710407347     
 -0.905654893094765     
  0.000000000000000E+000
          95          97          -1
obdef
loc1d
  0.333333333333333     
kind
          -2
       64800          11
   8.00000000000000     
 OBS           97
 -0.223138891180282     
 -0.828629666897019     
  0.000000000000000E+000
          96          98          -1
obdef
loc1d
  0.000000000000000E+000
kind
          -1
           0          12
   8.00000000000000     
 OBS           98
  0.230098962383776     
  -1.63116193895525     
  0.000000000000000E+000
          97          99          -1
obdef
loc1d
  0.333333333333333     
kind
          -2
           0          12
   8.00000000000000     
 OBS           99
  -7.99736320245858     
  -1.49447185171719     
  0.000000000000000E+000
          98         100          -1
obdef
loc1d
  0.000000000000000E+000
kind
          -1
       21600          12
   8.00000000000000     
 OBS          100
  -7.81501081666087     
  -2.98787674580005     
  0.000000000000000E+000
          99         101          -1
obdef
loc1d
  0.333333333333333     
kind
          -2
       21600          12
   8.00000000000000     
 OBS          101
 -0.407873730673135     
  -2.73698479470390     
  0.000000000000000E+000
         100         102          -1
obdef
loc1d
  0.000000000000000E+000
kind
          -1
       43200          12
   8.00000000000000     
 OBS          102
  -2.01665339228714     
  -5.52452732637401     
  0.000000000000000E+000
         101         103          -1
obdef
loc1d
  0.333333333333333     
kind
          -2
       43200          12
   8.00000000000000     
 OBS          103
 -0.868863756066642     
  -5.03841098346260     
  0.000000000000000E+000
         102         104          -1
obdef
loc1d
  0.000000000000000E+000
kind
          -1
       64800          12
   8.00000000000000     
 OBS          104
  -9.55832816439359     
  -10.1364451258619     
  0.000000000000000E+000
         103         105          -1
obdef
loc1d
  0.333333333333333     
kind
          -2
       64800          12
   8.00000000000000     
 OBS          105
  -9.15865552796472     
  -9.07581155487364     
  0.000000000000000E+000
         104         106          -1
obdef
loc1d
  0.000000000000000E+000
kind
          -1
           0          13
   8.00000000000000     
 OBS          106
  -14.7066632041849     
  -17.5215531305819     
  0.000000000000000E+000
         105         107          -1
obdef
loc1d
  0.333333333333333     
kind
          -2
           0          13
   8.00000000000000     
 OBS          107
  -13.0489489260988     
  -14.7895970996730     
  0.000000000000000E+000
         106         108          -1
obdef
loc1d
  0.000000000000000E+000
kind
          -1
       21600          13
   8.00000000000000     
 OBS          108
  -24.5027705218295     
  -24.2689223502878     
  0.000000000000000E+000
         107         109          -1
obdef
loc1d
  0.333333333333333     
kind
          -2
       21600          13
   8.00000000000000     
 OBS          109
  -20.7944349671146     
  -18.1699549454245     
  0.000000000000000E+000
         108         110          -1
obdef
loc1d
  0.000000000000000E+000
kind
          -1
       43200          13
   8.00000000000000     
 OBS          110
  -22.1383590023341     
  -17.6592963991312     
  0.000000000000000E+000
         109         111          -1
obdef
loc1d
  0.333333333333333     
kind
          -2
       43200          13
   8.00000000000000     
 OBS          111
  -11.9680769605114     
  -13.6702713142946     
  0.000000000000000E+000
         110         112          -1
obdef
loc1d
  0.000000000000000E+000
kind
          -1
       64800          13
   8.00000000000000     
 OBS          112
  -1.31422760342018     
  -1.04516692961006     
  0.000000000000000E+000
         111         113          -1
obdef
loc1d
  0.333333333333333     
kind
          -2
       64800          13
   8.00000000000000     
 OBS          113
  -5.53383419330241     
  -5.82187801334908     
  0.000000000000000E+000
         112         114          -1
obdef
loc1d
  0.000000000000000E+000
kind
          -1
           0          14
   8.00000000000000     
 OBS          114
   4.05048473506526     
   5.92375257646410     
  0.000000000000000E+000
         113         115          -1
obdef
loc1d
  0.333333333333333     
kind
          -2
           0          14
   8.00000000000000     
 OBS          115
  -1.40152591336676     
 -0.304406144314049     
  0.000000000000000E+000
         114         116          -1
obdef
loc1d
  0.000000000000000E+000
kind
          -1
       21600          14
   8.00000000000000     
 OBS          116
   6.38327429195548     
   6.43156593105932     
  0.000000000000000E+000
         115         117          -1
obdef
loc1d
  0.333333333333333     
kind
          -2
       21600          14
   8.00000000000000     
 OBS          117
   4.45709170365182     
   2.64899817249637     
  0.000000000000000E+000
         116         118          -1
obdef
loc1d
  0.000000000000000E+000
kind
          -1
       43200          14
   8.00000000000000     
 OBS          118
   6.55335103275829     
   6.17186505539425     
  0.000000000000000E+000
         117         119          -1
obdef
loc1d
  0.333333333333333     
kind
          -2
       43200          14
   8.00000000000000     
 OBS          119
   4.78768105572953     
   4.31585483333939     
  0.000000000000000E+000
         118         120          -1
obdef
loc1d
  0.000000000000000E+000
kind
          -1
       64800          14
   8.00000000000000     
 OBS          120
   12.4217720309117     
   6.63085652756526     
  0.000000000000000E+000
         119         121          -1
obdef
loc1d
  0.333333333333333     
kind
          -2
       64800          14
   8.00000000000000     
 OBS          121
   5.31412828978118     
   5.65376534818109     
  0.000000000000000E+000
         120         122          -1
obdef
loc1d
  0.000000000000000E+000
kind
          -1
           0          15
   8.00000000000000     
 OBS          122
   10.6137169555660     
   7.94092767183977     
  0.000000000000000E+000
         121         123          -1
obdef
loc1d
  0.333333333333333     
kind
          -2
           0          15
   8.00000000000000     
 OBS          123
   10.2729509630794     
   7.15535664210786     
  0.000000000000000E+000
         122         124          -1
obdef
loc1d
  0.000000000000000E+000
kind
          -1
       21600          15
   8.00000000000000     
 OBS          124
   11.8983356867947     
   9.90730335896657     
  0.000000000000000E+000
         123         125          -1
obdef
loc1d
  0.333333333333333     
kind
          -2
       21600          15
   8.00000000000000     
 OBS          125
   7.52698735500108     
   8.92545625755180     
  0.000000000000000E+000
         124         126          -1
obdef
loc1d
  0.000000000000000E+000
kind
          -1
       43200          15
   8.00000000000000     
 OBS          126
   6.96302705631465     
   11.9774439508869     
  0.000000000000000E+000
         125         127          -1
obdef
loc1d
  0.333333333333333     
kind
          -2
       43200          15
   8.00000000000000     
 OBS          127
   14.9566972855556     
   10.6236914124465     
  0.000000000000000E+000
         126         128          -1
obdef
loc1d
  0.000000000000000E+000
kind
          -1
       64800          15
   8.00000000000000     
 OBS          128
   17.1833245250278     
   12.9867973417402     
  0.000000000000000E+000
         127         129          -1
obdef
loc1d
  0.333333333333333     
kind
          -2
       64800          15
   8.00000000000000     
 OBS          129
   11.3707664707737     
   11.4685402748439     
  0.000000000000000E+000
         128         130          -1
obdef
loc1d
  0.000000000000000E+000
kind
          -1
           0          16
   8.00000000000000     
 OBS          130
   9.17671310019784     
   11.7014614626556     
  0.000000000000000E+000
         129         131          -1
obdef
loc1d
  0.333333333333333     
kind
          -2
           0          16
   8.00000000000000     
 OBS          131
   12.4980731999877     
   10.8232340089993     
  0.000000000000000E+000
         130         132          -1
obdef
loc1d
  0.000000000000000E+000
kind
          -1
       21600          16
   8.00000000000000     
 OBS          132
   3.91200728426756     
   8.54592803768169     
  0.000000000000000E+000
         131         133          -1
obdef
loc1d
  0.333333333333333     
kind
          -2
       21600          16
   8.00000000000000     
 OBS          133
   11.9471354169534     
   9.02039861033752     
  0.000000000000000E+000
         132         134          -1
obdef
loc1d
  0.000000000000000E+000
kind
          -1
       43200          16
   8.00000000000000     
 OBS          134
   6.85581486632384     
   5.61847420624568     
  0.000000000000000E+000
         133         135          -1
obdef
loc1d
  0.333333333333333     
kind
          -2
       43200          16
   8.00000000000000     
 OBS          135
   5.59004951124790     
   7.07182867586119     
  0.000000000000000E+000
         134         136          -1
obdef
loc1d
  0.000000000000000E+000
kind
          -1
       64800          16
   8.00000000000000     
 OBS          136
   4.07828454420440     
   4.20005662602188     
  0.000000000000000E+000
         135         137          -1
obdef
loc1d
  0.333333333333333     
kind
          -2
       64800          16
   8.00000000000000     
 OBS          137
   9.29713134981014     
   5.71589892575020     
  0.000000000000000E+000
         136         138          -1
obdef
loc1d
  0.000000000000000E+000
kind
          -1
           0          17
   8.00000000000000     
 OBS          138
   4.57341302889797     
   4.11862695761817     
  0.000000000000000E+000
         137         139          -1
obdef
loc1d
  0.333333333333333     
kind
          -2
           0          17
   8.00000000000000     
 OBS          139
   4.14180928917526     
   5.15949350479804     
  0.000000000000000E+000
         138         140          -1
obdef
loc1d
  0.000000000000000E+000
kind
          -1
       21600          17
   8.00000000000000     
 OBS          140
   5.90626026672270     
   4.88070370797907     
  0.000000000000000E+000
         139         141          -1
obdef
loc1d
  0.333333333333333     
kind
          -2
       21600          17
   8.00000000000000     
 OBS          141
   4.59218158761446     
   5.35249571173734     
  0.000000000000000E+000
         140         142          -1
obdef
loc1d
  0.000000000000000E+000
kind
          -1
       43200          17
   8.00000000000000     
 OBS          142
   8.81807028876270     
   6.25146189508100     
  0.000000000000000E+000
         141         143          -1
obdef
loc1d
  0.333333333333333     
kind
          -2
       43200          17
   8.00000000000000     
 OBS          143
   1.86883671697243     
   6.21878454864509     
  0.000000000000000E+000
         142         144          -1
obdef
loc1d
  0.000000000000000E+000
kind
          -1
       64800          17
   8.00000000000000     
 OBS          144
   4.89628607350579     
   8.19177372924793     
  0.000000000000000E+000
         143         145          -1
obdef
loc1d
  0.333333333333333     
kind
          -2
       64800          17
   8.00000000000000     
 OBS          145
   10.0645149494408     
   7.69044669650077     
  0.000000000000000E+000
         144         146          -1
obdef
loc1d
  0.000000000000000E+000
kind
          -1
           0          18
   8.00000000000000     
 OBS          146
   16.3097658416240     
   10.5713417357277     
  0.000000000000000E+000
         145         147          -1
obdef
loc1d
  0.333333333333333     
kind
          -2
           0          18
   8.00000000000000     
 OBS          147
   13.0414563607596     
   9.56099923448458     
  0.000000000000000E+000
         146         148          -1
obdef
loc1d
  0.000000000000000E+000
kind
          -1
       21600          18
   8.00000000000000     
 OBS          148
   14.4744741535436     
   12.7415170654524     
  0.000000000000000E+000
         147         149          -1
obdef
loc1d
  0.333333333333333     
kind
          -2
       21600          18
   8.00000000000000     
 OBS          149
   14.6228234070439     
   11.2261038754514     
  0.000000000000000E+000
         148         150          -1
obdef
loc1d
  0.000000000000000E+000
kind
          -1
       43200          18
   8.00000000000000     
 OBS          150
   14.1937671575777     
   13.2819509141206     
  0.000000000000000E+000
         149         151          -1
obdef
loc1d
  0.333333333333333     
kind
          -2
       43200          18
   8.00000000000000     
 OBS          151
   9.12008267907449     
   11.7099663716038     
  0.000000000000000E+000
         150         152          -1
obdef
loc1d
  0.000000000000000E+000
kind
          -1
       64800          18
   8.00000000000000     
 OBS          152
   11.8311836813032     
   11.0895884696320     
  0.000000000000000E+000
         151         153          -1
obdef
loc1d
  0.333333333333333     
kind
          -2
       64800          18
   8.00000000000000     
 OBS          153
   7.99648150157434     
   10.5185777761304     
  0.000000000000000E+000
         152         154          -1
obdef
loc1d
  0.000000000000000E+000
kind
          -1
           0          19
   8.00000000000000     
 OBS          154
   6.85085857812050     
   7.40579830378973     
  0.000000000000000E+000
         153         155          -1
obdef
loc1d
  0.333333333333333     
kind
          -2
           0          19
   8.00000000000000     
 OBS          155
   10.2869545356797     
   8.36437689847287     
  0.000000000000000E+000
         154         156          -1
obdef
loc1d
  0.000000000000000E+000
kind
          -1
       21600          19
   8.00000000000000     
 OBS          156
   2.08358733824905     
   4.66152609127889     
  0.000000000000000E+000
         155         157          -1
obdef
loc1d
  0.333333333333333     
kind
          -2
       21600          19
   8.00000000000000     
 OBS          157
  0.920206407461249     
   6.38461542185707     
  0.000000000000000E+000
         156         158          -1
obdef
loc1d
  0.000000000000000E+000
kind
          -1
       43200          19
   8.00000000000000     
 OBS          158
   1.62665994762185     
   3.65981218058661     
  0.000000000000000E+000
         157         159          -1
obdef
loc1d
  0.333333333333333     
kind
          -2
       43200          19
   8.00000000000000     
 OBS          159
   7.07406592644933     
   5.17893161228123     
  0.000000000000000E+000
         158         160          -1
obdef
loc1d
  0.000000000000000E+000
kind
          -1
       64800          19
   8.00000000000000     
 OBS          160
   4.64342953528464     
   3.89365865081678     
  0.000000000000000E+000
         159         161          -1
obdef
loc1d
  0.333333333333333     
kind
          -2
       64800          19
   8.00000000000000     
 OBS          161
   6.93309888616772     
   4.81762469266453     
  0.000000000000000E+000
         160         162          -1
obdef
loc1d
  0.000000000000000E+000
kind
          -1
           0          20
   8.00000000000000     
 OBS          162
  0.319816331632395     
   4.86468584847779     
  0.000000000000000E+000
         161         163          -1
obdef
loc1d
  0.333333333333333     
kind
          -2
           0          20
   8.00000000000000     
 OBS          163
   4.08285167071062     
   5.20365140202929     
  0.000000000000000E+000
         162         164          -1
obdef
loc1d
  0.000000000000000E+000
kind
          -1
       21600          20
   8.00000000000000     
 OBS          164
   13.2309695704582     
   6.42394683617709     
  0.000000000000000E+000
         163         165          -1
obdef
loc1d
  0.333333333333333     
kind
          -2
       21600          20
   8.00000000000000     
 OBS          165
   7.02051842880029     
   6.26911999745798     
  0.000000000000000E+000
         164         166          -1
obdef
loc1d
  0.000000000000000E+000
kind
          -1
       43200          20
   8.00000000000000     
 OBS          166
   5.66453136686996     
   8.58999288625928     
  0.000000000000000E+000
         165         167          -1
obdef
loc1d
  0.333333333333333     
kind
          -2
       43200          20
   8.00000000000000     
 OBS          167
   10.1197703940405     
   7.95861904568151     
  0.000000000000000E+000
         166         168          -1
obdef
loc1d
  0.000000000000000E+000
kind
          -1
       64800          20
   8.00000000000000     
 OBS          168
   5.37028364432308     
   11.2074597627150     
  0.000000000000000E+000
         167         169          -1
obdef
loc1d
  0.333333333333333     
kind
          -2
       64800          20
   8.00000000000000     
 OBS          169
   14.2270546745956     
   10.0230000270897     
  0.000000000000000E+000
         168         170          -1
obdef
loc1d
  0.000000000000000E+000
kind
          -1
           0          21
   8.00000000000000     
 OBS          170
   7.75697882826061     
   13.4352326878502     
  0.000000000000000E+000
         169         171          -1
obdef
loc1d
  0.333333333333333     
kind
          -2
           0          21
   8.00000000000000     
 OBS          171
   9.04233044517551     
   11.7071922466030     
  0.000000000000000E+000
         170         172          -1
obdef
loc1d
  0.000000000000000E+000
kind
          -1
       21600          21
   8.00000000000000     
 OBS          172
   15.9511797847690     
   13.5405214566417     
  0.000000000000000E+000
         171         173          -1
obdef
loc1d
  0.333333333333333     
kind
          -2
       21600          21
   8.00000000000000     
 OBS          173
   11.7334545456436     
   11.8930090625521     
  0.000000000000000E+000
         172         174          -1
obdef
loc1d
  0.000000000000000E+000
kind
          -1
       43200          21
   8.00000000000000     
 OBS          174
   9.37255374383106     
   10.5532037840249     
  0.000000000000000E+000
         173         175          -1
obdef
loc1d
  0.333333333333333     
kind
          -2
       43200          21
   8.00000000000000     
 OBS          175
   7.21166507040653     
   10.2495942789153     
  0.000000000000000E+000
         174         176          -1
obdef
loc1d
  0.000000000000000E+000
kind
          -1
       64800          21
   8.00000000000000     
 OBS          176
   4.93002354100051     
   6.46269121966365     
  0.000000000000000E+000
         175         177          -1
obdef
loc1d
  0.333333333333333     
kind
          -2
       64800          21
   8.00000000000000     
 OBS          177
   8.12226738618683     
   7.81687726550128     
  0.000000000000000E+000
         176         178          -1
obdef
loc1d
  0.000000000000000E+000
kind
          -1
           0          22
   8.00000000000000     
 OBS          178
   8.23311618045735     
   3.87608180337129     
  0.000000000000000E+000
         177         179          -1
obdef
loc1d
  0.333333333333333     
kind
          -2
           0          22
   8.00000000000000     
 OBS          179
   4.40570995757836     
   5.80400098471437     
  0.000000000000000E+000
         178         180          -1
obdef
loc1d
  0.000000000000000E+000
kind
          -1
       21600          22
   8.00000000000000     
 OBS          180
   2.58883282790781     
   3.16440292080462     
  0.000000000000000E+000
         179         181          -1
obdef
loc1d
  0.333333333333333     
kind
          -2
       21600          22
   8.00000000000000     
 OBS          181
   7.20105292969632     
   4.68985710086850     
  0.000000000000000E+000
         180         182          -1
obdef
loc1d
  0.000000000000000E+000
kind
          -1
       43200          22
   8.00000000000000     
 OBS          182
   3.17613469950331     
   3.59461352010828     
  0.000000000000000E+000
         181         183          -1
obdef
loc1d
  0.333333333333333     
kind
          -2
       43200          22
   8.00000000000000     
 OBS          183
   5.88006962661582     
   4.44549197670069     
  0.000000000000000E+000
         182         184          -1
obdef
loc1d
  0.000000000000000E+000
kind
          -1
       64800          22
   8.00000000000000     
 OBS          184
   7.18058635340920     
   4.68492111342778     
  0.000000000000000E+000
         183         185          -1
obdef
loc1d
  0.333333333333333     
kind
          -2
       64800          22
   8.00000000000000     
 OBS          185
   7.13570590570593     
   4.94543656241455     
  0.000000000000000E+000
         184         186          -1
obdef
loc1d
  0.000000000000000E+000
kind
          -1
           0          23
   8.00000000000000     
 OBS          186
   1.32730318099277     
   6.35830239066583     
  0.000000000000000E+000
         185         187          -1
obdef
loc1d
  0.333333333333333     
kind
          -2
           0          23
   8.00000000000000     
 OBS          187
   8.46208199255543     
   6.13708034940511     
  0.000000000000000E+000
         186         188          -1
obdef
loc1d
  0.000000000000000E+000
kind
          -1
       21600          23
   8.00000000000000     
 OBS          188
   8.24378966176500     
   8.69543931495880     
  0.000000000000000E+000
         187         189          -1
obdef
loc1d
  0.333333333333333     
kind
          -2
       21600          23
   8.00000000000000     
 OBS          189
   10.5851709729460     
   7.99385287745237     
  0.000000000000000E+000
         188         190          -1
obdef
loc1d
  0.000000000000000E+000
kind
          -1
       43200          23
   8.00000000000000     
 OBS          190
   7.79277183784030     
   11.5651148082245     
  0.000000000000000E+000
         189         191          -1
obdef
loc1d
  0.333333333333333     
kind
          -2
       43200          23
   8.00000000000000     
 OBS          191
   11.8670531447162     
   10.2659361247537     
  0.000000000000000E+000
         190         192          -1
obdef
loc1d
  0.000000000000000E+000
kind
          -1
       64800          23
   8.00000000000000     
 OBS          192
   18.7086011309717     
   14.0181318000353     
  0.000000000000000E+000
         191         193          -1
obdef
loc1d
  0.333333333333333     
kind
          -2
       64800          23
   8.00000000000000     
 OBS          193
   9.39126319718434     
   12.0931775192492     
  0.000000000000000E+000
         192         194          -1
obdef
loc1d
  0.000000000000000E+000
kind
          -1
           0          24
   8.00000000000000     
 OBS          194
   15.7157855890853     
   13.9992927191293     
  0.000000000000000E+000
         193         195          -1
obdef
loc1d
  0.333333333333333     
kind
          -2
           0          24
   8.00000000000000     
 OBS          195
   14.2672314225258     
   12.1770933889866     
  0.000000000000000E+000
         194         196          -1
obdef
loc1d
  0.000000000000000E+000
kind
          -1
       21600          24
   8.00000000000000     
 OBS          196
   10.7548801642595     
   10.4309462270228     
  0.000000000000000E+000
         195         197          -1
obdef
loc1d
  0.333333333333333     
kind
          -2
       21600          24
   8.00000000000000     
 OBS          197
   13.8854693910046     
   10.2160386448416     
  0.000000000000000E+000
         196         198          -1
obdef
loc1d
  0.000000000000000E+000
kind
          -1
       43200          24
   8.00000000000000     
 OBS          198
   7.56920563621620     
   5.86577267339903     
  0.000000000000000E+000
         197         199          -1
obdef
loc1d
  0.333333333333333     
kind
          -2
       43200          24
   8.00000000000000     
 OBS          199
   6.06368825628426     
   7.50220553351432     
  0.000000000000000E+000
         198         200          -1
obdef
loc1d
  0.000000000000000E+000
kind
          -1
       64800          24
   8.00000000000000     
 OBS          200
   5.01641650624911     
   3.22062615699334     
  0.000000000000000E+000
         199         201          -1
obdef
loc1d
  0.333333333333333     
kind
          -2
       64800          24
   8.00000000000000     
 OBS          201
   10.5644042534772     
   5.36072416709108     
  0.000000000000000E+000
         200         202          -1
obdef
loc1d
  0.000000000000000E+000
kind
          -1
           0          25
   8.00000000000000     
 OBS          202
   5.11454706102776     
   2.61245100888604     
  0.000000000000000E+000
         201         203          -1
obdef
loc1d
  0.333333333333333     
kind
          -2
           0          25
   8.00000000000000     
 OBS          203
   5.86417294600964     
   4.21747054557907     
  0.000000000000000E+000
         202         204          -1
obdef
loc1d
  0.000000000000000E+000
kind
          -1
       21600          25
   8.00000000000000     
 OBS          204
   3.97973558675069     
   3.11179888561036     
  0.000000000000000E+000
         203         205          -1
obdef
loc1d
  0.333333333333333     
kind
          -2
       21600          25
   8.00000000000000     
 OBS          205
   7.08288387498088     
   3.97262230430534     
  0.000000000000000E+000
         204         206          -1
obdef
loc1d
  0.000000000000000E+000
kind
          -1
       43200          25
   8.00000000000000     
 OBS          206
   5.41881760726208     
   4.21190345897389     
  0.000000000000000E+000
         205         207          -1
obdef
loc1d
  0.333333333333333     
kind
          -2
       43200          25
   8.00000000000000     
 OBS          207
   6.74308327157984     
   4.46968372775391     
  0.000000000000000E+000
         206         208          -1
obdef
loc1d
  0.000000000000000E+000
kind
          -1
       64800          25
   8.00000000000000     
 OBS          208
   6.51915358559591     
   5.87561255578984     
  0.000000000000000E+000
         207         209          -1
obdef
loc1d
  0.333333333333333     
kind
          -2
       64800          25
   8.00000000000000     
 OBS          209
  -1.03944006829132     
   5.66507338014701     
  0.000000000000000E+000
         208         210          -1
obdef
loc1d
  0.000000000000000E+000
kind
          -1
           0          26
   8.00000000000000     
 OBS          210
   9.30429057091311     
   8.25744808407323     
  0.000000000000000E+000
         209         211          -1
obdef
loc1d
  0.333333333333333     
kind
          -2
           0          26
   8.00000000000000     
 OBS          211
   5.69274416737153     
   7.58331624064680     
  0.000000000000000E+000
         210         212          -1
obdef
loc1d
  0.000000000000000E+000
kind
          -1
       21600          26
   8.00000000000000     
 OBS          212
   7.16489735344784     
   11.3545415026896     
  0.000000000000000E+000
         211         213          -1
obdef
loc1d
  0.333333333333333     
kind
          -2
       21600          26
   8.00000000000000     
 OBS          213
   8.51732766878202     
   10.0671693004981     
  0.000000000000000E+000
         212         214          -1
obdef
loc1d
  0.000000000000000E+000
kind
          -1
       43200          26
   8.00000000000000     
 OBS          214
   11.5571907406037     
   14.3453688057251     
  0.000000000000000E+000
         213         215          -1
obdef
loc1d
  0.333333333333333     
kind
          -2
       43200          26
   8.00000000000000     
 OBS          215
   16.1557762045369     
   12.2947760012064     
  0.000000000000000E+000
         214         216          -1
obdef
loc1d
  0.000000000000000E+000
kind
          -1
       64800          26
   8.00000000000000     
 OBS          216
   11.8970434221852     
   14.9368310370823     
  0.000000000000000E+000
         215         217          -1
obdef
loc1d
  0.333333333333333     
kind
          -2
       64800          26
   8.00000000000000     
 OBS          217
   9.32477239275613     
   12.7270788631893     
  0.000000000000000E+000
         216         218          -1
obdef
loc1d
  0.000000000000000E+000
kind
          -1
           0          27
   8.00000000000000     
 OBS          218
   12.3576010802448     
   11.2787020443857     
  0.000000000000000E+000
         217         219          -1
obdef
loc1d
  0.333333333333333     
kind
          -2
           0          27
   8.00000000000000     
 OBS          219
   8.18198825262641     
   10.7160969197753     
  0.000000000000000E+000
         218         220          -1
obdef
loc1d
  0.000000000000000E+000
kind
          -1
       21600          27
   8.00000000000000     
 OBS          220
   5.39696688635950     
   5.94274134901794     
  0.000000000000000E+000
         219         221          -1
obdef
loc1d
  0.333333333333333     
kind
          -2
       21600          27
   8.00000000000000     
 OBS          221
   7.52529687780095     
   7.65199135696417     
  0.000000000000000E+000
         220         222          -1
obdef
loc1d
  0.000000000000000E+000
kind
          -1
       43200          27
   8.00000000000000     
 OBS          222
   2.25188283925301     
   2.72782987896095     
  0.000000000000000E+000
         221         223          -1
obdef
loc1d
  0.333333333333333     
kind
          -2
       43200          27
   8.00000000000000     
 OBS          223
   3.25961213218609     
   5.16223486465767     
  0.000000000000000E+000
         222         224          -1
obdef
loc1d
  0.000000000000000E+000
kind
          -1
       64800          27
   8.00000000000000     
 OBS          224
   2.15909135886140     
   1.92188719830119     
  0.000000000000000E+000
         223         225          -1
obdef
loc1d
  0.333333333333333     
kind
          -2
       64800          27
   8.00000000000000     
 OBS          225
   6.17482384104439     
   3.77606265143839     
  0.000000000000000E+000
         224         226          -1
obdef
loc1d
  0.000000000000000E+000
kind
          -1
           0          28
   8.00000000000000     
 OBS          226
   2.24102607745873     
   2.33683452139247     
  0.000000000000000E+000
         225         227          -1
obdef
loc1d
  0.333333333333333     
kind
          -2
           0          28
   8.00000000000000     
 OBS          227
   3.66729235968409     
   3.35217843553196     
  0.000000000000000E+000
         226         228          -1
obdef
loc1d
  0.000000000000000E+000
kind
          -1
       21600          28
   8.00000000000000     
 OBS          228
   2.47515724179920     
   3.30922219871530     
  0.000000000000000E+000
         227         229          -1
obdef
loc1d
  0.333333333333333     
kind
          -2
       21600          28
   8.00000000000000     
 OBS          229
   4.91773231283173     
   3.67342296961808     
  0.000000000000000E+000
         228         230          -1
obdef
loc1d
  0.000000000000000E+000
kind
          -1
       43200          28
   8.00000000000000     
 OBS          230
   7.87653371321683     
   4.76634596872069     
  0.000000000000000E+000
         229         231          -1
obdef
loc1d
  0.333333333333333     
kind
          -2
       43200          28
   8.00000000000000     
 OBS          231
   1.45341730169725     
   4.66823730187040     
  0.000000000000000E+000
         230         232          -1
obdef
loc1d
  0.000000000000000E+000
kind
          -1
       64800          28
   8.00000000000000     
 OBS          232
   3.15635315948795     
   6.91556837216738     
  0.000000000000000E+000
         231         233          -1
obdef
loc1d
  0.333333333333333     
kind
          -2
       64800          28
   8.00000000000000     
 OBS          233
   7.89837456954002     
   6.40580157813343     
  0.000000000000000E+000
         232         234          -1
obdef
loc1d
  0.000000000000000E+000
kind
          -1
           0          29
   8.00000000000000     
 OBS          234
   7.08872610100421     
   9.97537391095532     
  0.000000000000000E+000
         233         235          -1
obdef
loc1d
  0.333333333333333     
kind
          -2
           0          29
   8.00000000000000     
 OBS          235
   7.36220978453685     
   8.92812662161966     
  0.000000000000000E+000
         234         236          -1
obdef
loc1d
  0.000000000000000E+000
kind
          -1
       21600          29
   8.00000000000000     
 OBS          236
   10.5326463670085     
   13.6578623675097     
  0.000000000000000E+000
         235         237          -1
obdef
loc1d
  0.333333333333333     
kind
          -2
       21600          29
   8.00000000000000     
 OBS          237
   9.03086151097411     
   11.7825434512745     
  0.000000000000000E+000
         236         238          -1
obdef
loc1d
  0.000000000000000E+000
kind
          -1
       43200          29
   8.00000000000000     
 OBS          238
   13.4896583556378     
   16.0994459901856     
  0.000000000000000E+000
         237         239          -1
obdef
loc1d
  0.333333333333333     
kind
          -2
       43200          29
   8.00000000000000     
 OBS          239
   18.1197229436908     
   13.4323237053883     
  0.000000000000000E+000
         238         240          -1
obdef
loc1d
  0.000000000000000E+000
kind
          -1
       64800          29
   8.00000000000000     
 OBS          240
   17.8139302554340     
   14.0181240000491     
  0.000000000000000E+000
         239         241          -1
obdef
loc1d
  0.333333333333333     
kind
          -2
       64800          29
   8.00000000000000     
 OBS          241
   12.2621063001206     
   12.2203576611282     
  0.000000000000000E+000
         240         242          -1
obdef
loc1d
  0.000000000000000E+000
kind
          -1
           0          30
   8.00000000000000     
 OBS          242
   10.1357972085814     
   7.84559429591409     
  0.000000000000000E+000
         241         243          -1
obdef
loc1d
  0.333333333333333     
kind
          -2
           0          30
   8.00000000000000     
 OBS          243
   7.55246463497955     
   8.88252095661380     
  0.000000000000000E+000
         242         244          -1
obdef
loc1d
  0.000000000000000E+000
kind
          -1
       21600          30
   8.00000000000000     
 OBS          244
   1.82358176067872     
   2.87601905713996     
  0.000000000000000E+000
         243         245          -1
obdef
loc1d
  0.333333333333333     
kind
          -2
       21600          30
   8.00000000000000     
 OBS          245
   7.09289995208206     
   5.63492390613084     
  0.000000000000000E+000
         244         246          -1
obdef
loc1d
  0.000000000000000E+000
kind
          -1
       43200          30
   8.00000000000000     
 OBS          246
   2.13222581006168     
   1.12516069585683     
  0.000000000000000E+000
         245         247          -1
obdef
loc1d
  0.333333333333333     
kind
          -2
       43200          30
   8.00000000000000     
 OBS          247
   4.93145613385456     
   3.57703711984144     
  0.000000000000000E+000
         246         248          -1
obdef
loc1d
  0.000000000000000E+000
kind
          -1
       64800          30
   8.00000000000000     
 OBS          248
   1.87258228731136     
   1.18432236625190     
  0.000000000000000E+000
         247         249          -1
obdef
loc1d
  0.333333333333333     
kind
          -2
       64800          30
   8.00000000000000     
 OBS          249
   6.24825143884021     
   2.65857506186372     
  0.000000000000000E+000
         248         250          -1
obdef
loc1d
  0.000000000000000E+000
kind
          -1
           0          31
   8.00000000000000     
 OBS          250
   4.27806167839929     
   1.88249840514448     
  0.000000000000000E+000
         249         251          -1
obdef
loc1d
  0.333333333333333     
kind
          -2
           0          31
   8.00000000000000     
 OBS          251
  0.798707915654844     
   2.54970741759487     
  0.000000000000000E+000
         250         252          -1
obdef
loc1d
  0.000000000000000E+000
kind
          -1
       21600          31
   8.00000000000000     
 OBS          252
   4.12440242832130     
   2.90348947193984     
  0.000000000000000E+000
         251         253          -1
obdef
loc1d
  0.333333333333333     
kind
          -2
       21600          31
   8.00000000000000     
 OBS          253
   2.21707856471716     
   3.05296375176174     
  0.000000000000000E+000
         252         254          -1
obdef
loc1d
  0.000000000000000E+000
kind
          -1
       43200          31
   8.00000000000000     
 OBS          254
   2.42277752007360     
   4.37909552327536     
  0.000000000000000E+000
         253         255          -1
obdef
loc1d
  0.333333333333333     
kind
          -2
       43200          31
   8.00000000000000     
 OBS          255
   7.12681709942690     
   4.17330599014276     
  0.000000000000000E+000
         254         256          -1
obdef
loc1d
  0.000000000000000E+000
kind
          -1
       64800          31
   8.00000000000000     
 OBS          256
   9.83520569070475     
   6.63301402051950     
  0.000000000000000E+000
         255         257          -1
obdef
loc1d
  0.333333333333333     
kind
          -2
       64800          31
   8.00000000000000     
 OBS          257
   3.66062297651722     
   6.07408900700564     
  0.000000000000000E+000
         256         258          -1
obdef
loc1d
  0.000000000000000E+000
kind
          -1
           0          32
   8.00000000000000     
 OBS          258
   6.79370045660911     
   10.0098365597283     
  0.000000000000000E+000
         257         259          -1
obdef
loc1d
  0.333333333333333     
kind
          -2
           0          32
   8.00000000000000     
 OBS          259
   5.96375363638429     
   8.91015780126204     
  0.000000000000000E+000
         258         260          -1
obdef
loc1d
  0.000000000000000E+000
kind
          -1
       21600          32
   8.00000000000000     
 OBS          260
   17.2837214198969     
   14.3423347476448     
  0.000000000000000E+000
         259         261          -1
obdef
loc1d
  0.333333333333333     
kind
          -2
       21600          32
   8.00000000000000     
 OBS          261
   15.4236639840355     
   12.2705686178545     
  0.000000000000000E+000
         260         262          -1
obdef
loc1d
  0.000000000000000E+000
kind
          -1
       43200          32
   8.00000000000000     
 OBS          262
   17.1080954687413     
   17.4756242453568     
  0.000000000000000E+000
         261         263          -1
obdef
loc1d
  0.333333333333333     
kind
          -2
       43200          32
   8.00000000000000     
 OBS          263
   18.4282090499127     
   14.2761387474774     
  0.000000000000000E+000
         262         264          -1
obdef
loc1d
  0.000000000000000E+000
kind
          -1
       64800          32
   8.00000000000000     
 OBS          264
   22.6884536078028     
   14.9420378398282     
  0.000000000000000E+000
         263         265          -1
obdef
loc1d
  0.333333333333333     
kind
          -2
       64800          32
   8.00000000000000     
 OBS          265
   17.5842727459853     
   12.7112273408526     
  0.000000000000000E+000
         264         266          -1
obdef
loc1d
  0.000000000000000E+000
kind
          -1
           0          33
   8.00000000000000     
 OBS          266
   3.99775800368837     
   7.19863767329766     
  0.000000000000000E+000
         265         267          -1
obdef
loc1d
  0.333333333333333     
kind
          -2
           0          33
   8.00000000000000     
 OBS          267
   10.1694636537520     
   8.62377110274406     
  0.000000000000000E+000
         266         268          -1
obdef
loc1d
  0.000000000000000E+000
kind
          -1
       21600          33
   8.00000000000000     
 OBS          268
   1.09494722715346     
   1.47274640456339     
  0.000000000000000E+000
         267         269          -1
obdef
loc1d
  0.333333333333333     
kind
          -2
       21600          33
   8.00000000000000     
 OBS          269
   12.8739818150911     
   4.86024245396508     
  0.000000000000000E+000
         268         270          -1
obdef
loc1d
  0.000000000000000E+000
kind
          -1
       43200          33
   8.00000000000000     
 OBS          270
   1.33671138319913     
 -0.230114658145869     
  0.000000000000000E+000
         269         271          -1
obdef
loc1d
  0.333333333333333     
kind
          -2
       43200          33
   8.00000000000000     
 OBS          271
  -2.30166961205389     
   2.56463559216978     
  0.000000000000000E+000
         270         272          -1
obdef
loc1d
  0.000000000000000E+000
kind
          -1
       64800          33
   8.00000000000000     
 OBS          272
   2.32804040996228     
 -0.104693226995059     
  0.000000000000000E+000
         271         273          -1
obdef
loc1d
  0.333333333333333     
kind
          -2
       64800          33
   8.00000000000000     
 OBS          273
   1.97710772807831     
   1.49008578870350     
  0.000000000000000E+000
         272         274          -1
obdef
loc1d
  0.000000000000000E+000
kind
          -1
           0          34
   8.00000000000000     
 OBS          274
  -1.63217538612620     
  0.425677548031933     
  0.000000000000000E+000
         273         275          -1
obdef
loc1d
  0.333333333333333     
kind
          -2
           0          34
   8.00000000000000     
 OBS          275
  -4.66286389966751     
   1.15276908193247     
  0.000000000000000E+000
         274         276          -1
obdef
loc1d
  0.000000000000000E+000
kind
          -1
       21600          34
   8.00000000000000     
 OBS          276
   1.99592501672854     
   1.00418954583860     
  0.000000000000000E+000
         275         277          -1
obdef
loc1d
  0.333333333333333     
kind
          -2
       21600          34
   8.00000000000000     
 OBS          277
  0.844765670220258     
   1.25132687652728     
  0.000000000000000E+000
         276         278          -1
obdef
loc1d
  0.000000000000000E+000
kind
          -1
       43200          34
   8.00000000000000     
 OBS          278
   2.07459861552144     
   1.70252483824178     
  0.000000000000000E+000
         277         279          -1
obdef
loc1d
  0.333333333333333     
kind
          -2
       43200          34
   8.00000000000000     
 OBS          279
   2.26339475190966     
   1.69372568381504     
  0.000000000000000E+000
         278         280          -1
obdef
loc1d
  0.000000000000000E+000
kind
          -1
       64800          34
   8.00000000000000     
 OBS          280
 -0.387078136105330     
   2.73929325310889     
  0.000000000000000E+000
         279         281          -1
obdef
loc1d
  0.333333333333333     
kind
          -2
       64800          34
   8.00000000000000     
 OBS          281
  -1.36156592864398     
   2.55501617369017     
  0.000000000000000E+000
         280         282          -1
obdef
loc1d
  0.000000000000000E+000
kind
          -1
           0          35
   8.00000000000000     
 OBS          282
   2.58561372831498     
   4.44709897016282     
  0.000000000000000E+000
         281         283          -1
obdef
loc1d
  0.333333333333333     
kind
          -2
           0          35
   8.00000000000000     
 OBS          283
   2.19707583461928     
   4.06404133173561     
  0.000000000000000E+000
         282         284          -1
obdef
loc1d
  0.000000000000000E+000
kind
          -1
       21600          35
   8.00000000000000     
 OBS          284
   12.7479368267413     
   7.31447408295950     
  0.000000000000000E+000
         283         285          -1
obdef
loc1d
  0.333333333333333     
kind
          -2
       21600          35
   8.00000000000000     
 OBS          285
   7.09049920563059     
   6.59109172742288     
  0.000000000000000E+000
         284         286          -1
obdef
loc1d
  0.000000000000000E+000
kind
          -1
       43200          35
   8.00000000000000     
 OBS          286
   12.7682055646577     
   11.8723420861137     
  0.000000000000000E+000
         285         287          -1
obdef
loc1d
  0.333333333333333     
kind
          -2
       43200          35
   8.00000000000000     
 OBS          287
   11.8973709740215     
   10.4111980616276     
  0.000000000000000E+000
         286         288          -1
obdef
loc1d
  0.000000000000000E+000
kind
          -1
       64800          35
   8.00000000000000     
 OBS          288
   16.9406104869652     
   17.6629882481690     
  0.000000000000000E+000
         287         289          -1
obdef
loc1d
  0.333333333333333     
kind
          -2
       64800          35
   8.00000000000000     
 OBS          289
   12.5054563206558     
   14.6016294266377     
  0.000000000000000E+000
         288         290          -1
obdef
loc1d
  0.000000000000000E+000
kind
          -1
           0          36
   8.00000000000000     
 OBS          290
   17.9844020180933     
   20.1798556801512     
  0.000000000000000E+000
         289         291          -1
obdef
loc1d
  0.333333333333333     
kind
          -2
           0          36
   8.00000000000000     
 OBS          291
   14.1863481820028     
   15.6500933896906     
  0.000000000000000E+000
         290         292          -1
obdef
loc1d
  0.000000000000000E+000
kind
          -1
       21600          36
   8.00000000000000     
 OBS          292
   11.3679335800923     
   12.7108565380000     
  0.000000000000000E+000
         291         293          -1
obdef
loc1d
  0.333333333333333     
kind
          -2
       21600          36
   8.00000000000000     
 OBS          293
   11.5134912704513     
   11.5097619081257     
  0.000000000000000E+000
         292         294          -1
obdef
loc1d
  0.000000000000000E+000
kind
          -1
       43200          36
   8.00000000000000     
 OBS          294
  -3.62318199794365     
   2.05531088881091     
  0.000000000000000E+000
         293         295          -1
obdef
loc1d
  0.333333333333333     
kind
          -2
       43200          36
   8.00000000000000     
 OBS          295
   8.12627948131521     
   5.91036552400197     
  0.000000000000000E+000
         294         296          -1
obdef
loc1d
  0.000000000000000E+000
kind
          -1
       64800          36
   8.00000000000000     
 OBS          296
  -1.86760093466778     
  -2.34237412592195     
  0.000000000000000E+000
         295         297          -1
obdef
loc1d
  0.333333333333333     
kind
          -2
       64800          36
   8.00000000000000     
 OBS          297
   2.56234724278299     
   2.00678005186047     
  0.000000000000000E+000
         296         298          -1
obdef
loc1d
  0.000000000000000E+000
kind
          -1
           0          37
   8.00000000000000     
 OBS          298
  -2.00076612300703     
  -2.80087716091620     
  0.000000000000000E+000
         297         299          -1
obdef
loc1d
  0.333333333333333     
kind
          -2
           0          37
   8.00000000000000     
 OBS          299
  -3.97978386202950     
 -9.499323287193204E-002
  0.000000000000000E+000
         298         300          -1
obdef
loc1d
  0.000000000000000E+000
kind
          -1
       21600          37
   8.00000000000000     
 OBS          300
 -0.488696654849920     
  -2.56017514679066     
  0.000000000000000E+000
         299         301          -1
obdef
loc1d
  0.333333333333333     
kind
          -2
       21600          37
   8.00000000000000     
 OBS          301
  -1.36743175124076     
  -1.21711088510386     
  0.000000000000000E+000
         300         302          -1
obdef
loc1d
  0.000000000000000E+000
kind
          -1
       43200          37
   8.00000000000000     
 OBS          302
  0.608805025258628     
  -2.69311903476107     
  0.000000000000000E+000
         301         303          -1
obdef
loc1d
  0.333333333333333     
kind
          -2
       43200          37
   8.00000000000000     
 OBS          303
 -8.709461464508905E-003
  -2.04095985661074     
  0.000000000000000E+000
         302         304          -1
obdef
loc1d
  0.000000000000000E+000
kind
          -1
       64800          37
   8.00000000000000     
 OBS          304
  -5.34238072589048     
  -3.43802225013851     
  0.000000000000000E+000
         303         305          -1
obdef
loc1d
  0.333333333333333     
kind
          -2
       64800          37
   8.00000000000000     
 OBS          305
  -3.13674171677590     
  -3.01218293177600     
  0.000000000000000E+000
         304         306          -1
obdef
loc1d
  0.000000000000000E+000
kind
          -1
           0          38
   8.00000000000000     
 OBS          306
  -4.24892475983938     
  -4.95104312159959     
  0.000000000000000E+000
         305         307          -1
obdef
loc1d
  0.333333333333333     
kind
          -2
           0          38
   8.00000000000000     
 OBS          307
  -4.38433655962926     
  -4.47519577412885     
  0.000000000000000E+000
         306         308          -1
obdef
loc1d
  0.000000000000000E+000
kind
          -1
       21600          38
   8.00000000000000     
 OBS          308
  -8.93411237237053     
  -7.51215390570266     
  0.000000000000000E+000
         307         309          -1
obdef
loc1d
  0.333333333333333     
kind
          -2
       21600          38
   8.00000000000000     
 OBS          309
  -5.68951947345255     
  -6.75725923046738     
  0.000000000000000E+000
         308         310          -1
obdef
loc1d
  0.000000000000000E+000
kind
          -1
       43200          38
   8.00000000000000     
 OBS          310
  -9.52139974232642     
  -11.3911188162955     
  0.000000000000000E+000
         309         311          -1
obdef
loc1d
  0.333333333333333     
kind
          -2
       43200          38
   8.00000000000000     
 OBS          311
  -10.5614331536151     
  -10.0057788832977     
  0.000000000000000E+000
         310         312          -1
obdef
loc1d
  0.000000000000000E+000
kind
          -1
       64800          38
   8.00000000000000     
 OBS          312
  -15.0308908339870     
  -16.0093567198146     
  0.000000000000000E+000
         311         313          -1
obdef
loc1d
  0.333333333333333     
kind
          -2
       64800          38
   8.00000000000000     
 OBS          313
  -12.2498269091345     
  -13.4298841747141     
  0.000000000000000E+000
         312         314          -1
obdef
loc1d
  0.000000000000000E+000
kind
          -1
           0          39
   8.00000000000000     
 OBS          314
  -21.6810387973975     
  -18.0340852693272     
  0.000000000000000E+000
         313         315          -1
obdef
loc1d
  0.333333333333333     
kind
          -2
           0          39
   8.00000000000000     
 OBS          315
  -15.6494782064879     
  -14.5201592594484     
  0.000000000000000E+000
         314         316          -1
obdef
loc1d
  0.000000000000000E+000
kind
          -1
       21600          39
   8.00000000000000     
 OBS          316
  -17.5649338708553     
  -12.9009629233411     
  0.000000000000000E+000
         315         317          -1
obdef
loc1d
  0.333333333333333     
kind
          -2
       21600          39
   8.00000000000000     
 OBS          317
  -15.8698370640550     
  -11.6296639714163     
  0.000000000000000E+000
         316         318          -1
obdef
loc1d
  0.000000000000000E+000
kind
          -1
       43200          39
   8.00000000000000     
 OBS          318
  -1.96700543399588     
  -4.47159944113969     
  0.000000000000000E+000
         317         319          -1
obdef
loc1d
  0.333333333333333     
kind
          -2
       43200          39
   8.00000000000000     
 OBS          319
  -4.70916288803294     
  -7.10322525003319     
  0.000000000000000E+000
         318         320          -1
obdef
loc1d
  0.000000000000000E+000
kind
          -1
       64800          39
   8.00000000000000     
 OBS          320
  0.777916819349349     
 -2.500556538912296E-002
  0.000000000000000E+000
         319         321          -1
obdef
loc1d
  0.333333333333333     
kind
          -2
       64800          39
   8.00000000000000     
 OBS          321
  -3.56678745591297     
  -3.62237937618714     
  0.000000000000000E+000
         320         322          -1
obdef
loc1d
  0.000000000000000E+000
kind
          -1
           0          40
   8.00000000000000     
 OBS          322
  -5.62705334292803     
  0.805257936363672     
  0.000000000000000E+000
         321         323          -1
obdef
loc1d
  0.333333333333333     
kind
          -2
           0          40
   8.00000000000000     
 OBS          323
  -2.94336980943844     
  -1.69466338927070     
  0.000000000000000E+000
         322         324          -1
obdef
loc1d
  0.000000000000000E+000
kind
          -1
       21600          40
   8.00000000000000     
 OBS          324
  2.929844607514676E-002
  0.474717598620619     
  0.000000000000000E+000
         323         325          -1
obdef
loc1d
  0.333333333333333     
kind
          -2
       21600          40
   8.00000000000000     
 OBS          325
 -0.182489237602848     
 -0.827950894029789     
  0.000000000000000E+000
         324         326          -1
obdef
loc1d
  0.000000000000000E+000
kind
          -1
       43200          40
   8.00000000000000     
 OBS          326
 -0.317014869509475     
  4.242466549236544E-002
  0.000000000000000E+000
         325         327          -1
obdef
loc1d
  0.333333333333333     
kind
          -2
       43200          40
   8.00000000000000     
 OBS          327
   1.63336656307748     
 -0.524524433290899     
  0.000000000000000E+000
         326         328          -1
obdef
loc1d
  0.000000000000000E+000
kind
          -1
       64800          40
   8.00000000000000     
 OBS          328
   1.06650350948193     
 -0.303080100451823     
  0.000000000000000E+000
         327         329          -1
obdef
loc1d
  0.333333333333333     
kind
          -2
       64800          40
   8.00000000000000     
 OBS          329
  -4.61888414082030     
 -0.505416606134335     
  0.000000000000000E+000
         328         330          -1
obdef
loc1d
  0.000000000000000E+000
kind
          -1
           0          41
   8.00000000000000     
 OBS          330
  -8.14400307287464     
 -0.634261592740538     
  0.000000000000000E+000
         329         331          -1
obdef
loc1d
  0.333333333333333     
kind
          -2
           0          41
   8.00000000000000     
 OBS          331
  -2.45891224670824     
 -0.666814269808284     
  0.000000000000000E+000
         330         332          -1
obdef
loc1d
  0.000000000000000E+000
kind
          -1
       21600          41
   8.00000000000000     
 OBS          332
  -3.55136007606242     
  -1.07913539582841     
  0.000000000000000E+000
         331         333          -1
obdef
loc1d
  0.333333333333333     
kind
          -2
       21600          41
   8.00000000000000     
 OBS          333
 -0.741950096237410     
  -1.01812300643992     
  0.000000000000000E+000
         332         334          -1
obdef
loc1d
  0.000000000000000E+000
kind
          -1
       43200          41
   8.00000000000000     
 OBS          334
  0.298348032358782     
  -1.80584399854016     
  0.000000000000000E+000
         333         335          -1
obdef
loc1d
  0.333333333333333     
kind
          -2
       43200          41
   8.00000000000000     
 OBS          335
  -2.48508522492617     
  -1.66082677013998     
  0.000000000000000E+000
         334         336          -1
obdef
loc1d
  0.000000000000000E+000
kind
          -1
       64800          41
   8.00000000000000     
 OBS          336
  3.039905669755472E-002
  -3.07693347865407     
  0.000000000000000E+000
         335         337          -1
obdef
loc1d
  0.333333333333333     
kind
          -2
       64800          41
   8.00000000000000     
 OBS          337
 -0.227906949565070     
  -2.81057329750740     
  0.000000000000000E+000
         336         338          -1
obdef
loc1d
  0.000000000000000E+000
kind
          -1
           0          42
   8.00000000000000     
 OBS          338
  -8.79498582019912     
  -5.33737760296504     
  0.000000000000000E+000
         337         339          -1
obdef
loc1d
  0.333333333333333     
kind
          -2
           0          42
   8.00000000000000     
 OBS          339
  -1.91218926477377     
  -4.84770298833277     
  0.000000000000000E+000
         338         340          -1
obdef
loc1d
  0.000000000000000E+000
kind
          -1
       21600          42
   8.00000000000000     
 OBS          340
  -9.26793592517896     
  -9.27559545553292     
  0.000000000000000E+000
         339         341          -1
obdef
loc1d
  0.333333333333333     
kind
          -2
       21600          42
   8.00000000000000     
 OBS          341
  -8.52187818562460     
  -8.29469695746835     
  0.000000000000000E+000
         340         342          -1
obdef
loc1d
  0.000000000000000E+000
kind
          -1
       43200          42
   8.00000000000000     
 OBS          342
  -18.4819529732821     
  -15.4356259966885     
  0.000000000000000E+000
         341         343          -1
obdef
loc1d
  0.333333333333333     
kind
          -2
       43200          42
   8.00000000000000     
 OBS          343
  -12.6700604130211     
  -13.1948204676503     
  0.000000000000000E+000
         342         344          -1
obdef
loc1d
  0.000000000000000E+000
kind
          -1
       64800          42
   8.00000000000000     
 OBS          344
  -19.6980526061371     
  -21.6828550613774     
  0.000000000000000E+000
         343         345          -1
obdef
loc1d
  0.333333333333333     
kind
          -2
       64800          42
   8.00000000000000     
 OBS          345
  -14.4491066628332     
  -16.9097265574807     
  0.000000000000000E+000
         344         346          -1
obdef
loc1d
  0.000000000000000E+000
kind
          -1
           0          43
   8.00000000000000     
 OBS          346
  -17.5920287801596     
  -18.9464633637422     
  0.000000000000000E+000
         345         347          -1
obdef
loc1d
  0.333333333333333     
kind
          -2
           0          43
   8.00000000000000     
 OBS          347
  -15.8893060807865     
  -14.5578219049956     
  0.000000000000000E+000
         346         348          -1
obdef
loc1d
  0.000000000000000E+000
kind
          -1
       21600          43
   8.00000000000000     
 OBS          348
  -1.86115207510575     
  -5.36555979460772     
  0.000000000000000E+000
         347         349          -1
obdef
loc1d
  0.333333333333333     
kind
          -2
       21600          43
   8.00000000000000     
 OBS          349
  -9.61568897399691     
  -7.93184954233214     
  0.000000000000000E+000
         348         350          -1
obdef
loc1d
  0.000000000000000E+000
kind
          -1
       43200          43
   8.00000000000000     
 OBS          350
   4.73969543626735     
   3.10486366497238     
  0.000000000000000E+000
         349         351          -1
obdef
loc1d
  0.333333333333333     
kind
          -2
       43200          43
   8.00000000000000     
 OBS          351
  -4.20026695807517     
  -2.43373613926701     
  0.000000000000000E+000
         350         352          -1
obdef
loc1d
  0.000000000000000E+000
kind
          -1
       64800          43
   8.00000000000000     
 OBS          352
   3.35170326882450     
   4.61310229593675     
  0.000000000000000E+000
         351         353          -1
obdef
loc1d
  0.333333333333333     
kind
          -2
       64800          43
   8.00000000000000     
 OBS          353
   5.21606751042202     
  0.695496467665011     
  0.000000000000000E+000
         352         354          -1
obdef
loc1d
  0.000000000000000E+000
kind
          -1
           0          44
   8.00000000000000     
 OBS          354
   2.85913116948743     
   4.40634767196121     
  0.000000000000000E+000
         353         355          -1
obdef
loc1d
  0.333333333333333     
kind
          -2
           0          44
   8.00000000000000     
 OBS          355
   1.68811029293633     
   2.38212220237839     
  0.000000000000000E+000
         354         356          -1
obdef
loc1d
  0.000000000000000E+000
kind
          -1
       21600          44
   8.00000000000000     
 OBS          356
   4.50176392165570     
   4.58128456213128     
  0.000000000000000E+000
         355         357          -1
obdef
loc1d
  0.333333333333333     
kind
          -2
       21600          44
   8.00000000000000     
 OBS          357
   4.94732006926283     
   3.58600354026777     
  0.000000000000000E+000
         356         358          -1
obdef
loc1d
  0.000000000000000E+000
kind
          -1
       43200          44
   8.00000000000000     
 OBS          358
   7.33385598670049     
   5.57729160965133     
  0.000000000000000E+000
         357         359          -1
obdef
loc1d
  0.333333333333333     
kind
          -2
       43200          44
   8.00000000000000     
 OBS          359
   2.78642273913889     
   4.92320624524870     
  0.000000000000000E+000
         358         360          -1
obdef
loc1d
  0.000000000000000E+000
kind
          -1
       64800          44
   8.00000000000000     
 OBS          360
   12.1387895328110     
   7.49634549276437     
  0.000000000000000E+000
         359         361          -1
obdef
loc1d
  0.333333333333333     
kind
          -2
       64800          44
   8.00000000000000     
 OBS          361
   10.9519853672014     
   6.75826244511620     
  0.000000000000000E+000
         360         362          -1
obdef
loc1d
  0.000000000000000E+000
kind
          -1
           0          45
   8.00000000000000     
 OBS          362
   12.1595812499703     
   10.3417369983171     
  0.000000000000000E+000
         361         363          -1
obdef
loc1d
  0.333333333333333     
kind
          -2
           0          45
   8.00000000000000     
 OBS          363
   6.58560252109778     
   9.19230501319158     
  0.000000000000000E+000
         362         364          -1
obdef
loc1d
  0.000000000000000E+000
kind
          -1
       21600          45
   8.00000000000000     
 OBS          364
   13.2035219750246     
   13.5949283901742     
  0.000000000000000E+000
         363         365          -1
obdef
loc1d
  0.333333333333333     
kind
          -2
       21600          45
   8.00000000000000     
 OBS          365
   10.2435837938583     
   11.7328018155812     
  0.000000000000000E+000
         364         366          -1
obdef
loc1d
  0.000000000000000E+000
kind
          -1
       43200          45
   8.00000000000000     
 OBS          366
   14.7294296945197     
   15.3567131273538     
  0.000000000000000E+000
         365         367          -1
obdef
loc1d
  0.333333333333333     
kind
          -2
       43200          45
   8.00000000000000     
 OBS          367
   11.6291085627270     
   12.9666547745441     
  0.000000000000000E+000
         366         368          -1
obdef
loc1d
  0.000000000000000E+000
kind
          -1
       64800          45
   8.00000000000000     
 OBS          368
   14.1436380028765     
   13.0077904128530     
  0.000000000000000E+000
         367         369          -1
obdef
loc1d
  0.333333333333333     
kind
          -2
       64800          45
   8.00000000000000     
 OBS          369
   14.2192516912977     
   11.6559529301600     
  0.000000000000000E+000
         368         370          -1
obdef
loc1d
  0.000000000000000E+000
kind
          -1
           0          46
   8.00000000000000     
 OBS          370
   5.65025877580918     
   7.53228338394835     
  0.000000000000000E+000
         369         371          -1
obdef
loc1d
  0.333333333333333     
kind
          -2
           0          46
   8.00000000000000     
 OBS          371
   7.82098012775965     
   8.63695616062796     
  0.000000000000000E+000
         370         372          -1
obdef
loc1d
  0.000000000000000E+000
kind
          -1
       21600          46
   8.00000000000000     
 OBS          372
   3.61745732529596     
   3.31584709181372     
  0.000000000000000E+000
         371         373          -1
obdef
loc1d
  0.333333333333333     
kind
          -2
       21600          46
   8.00000000000000     
 OBS          373
   5.90336177570368     
   5.78048151089894     
  0.000000000000000E+000
         372         374          -1
obdef
loc1d
  0.000000000000000E+000
kind
          -1
       43200          46
   8.00000000000000     
 OBS          374
 -0.140987112275233     
   1.83540220032598     
  0.000000000000000E+000
         373         375          -1
obdef
loc1d
  0.333333333333333     
kind
          -2
       43200          46
   8.00000000000000     
 OBS          375
   6.62104462877324     
   3.99609146133060     
  0.000000000000000E+000
         374         376          -1
obdef
loc1d
  0.000000000000000E+000
kind
          -1
       64800          46
   8.00000000000000     
 OBS          376
  -2.38474497773559     
   1.96481342954617     
  0.000000000000000E+000
         375         377          -1
obdef
loc1d
  0.333333333333333     
kind
          -2
       64800          46
   8.00000000000000     
 OBS          377
   6.10352569906608     
   3.26366910823152     
  0.000000000000000E+000
         376         378          -1
obdef
loc1d
  0.000000000000000E+000
kind
          -1
           0          47
   8.00000000000000     
 OBS          378
  -1.94846343157113     
   2.77155809839354     
  0.000000000000000E+000
         377         379          -1
obdef
loc1d
  0.333333333333333     
kind
          -2
           0          47
   8.00000000000000     
 OBS          379
 -0.860481426000698     
   3.33414716043137     
  0.000000000000000E+000
         378         380          -1
obdef
loc1d
  0.000000000000000E+000
kind
          -1
       21600          47
   8.00000000000000     
 OBS          380
   4.00737279379437     
   4.02057899966778     
  0.000000000000000E+000
         379         381          -1
obdef
loc1d
  0.333333333333333     
kind
          -2
       21600          47
   8.00000000000000     
 OBS          381
   5.15723122290598     
   4.07321782974641     
  0.000000000000000E+000
         380         382          -1
obdef
loc1d
  0.000000000000000E+000
kind
          -1
       43200          47
   8.00000000000000     
 OBS          382
   1.92687062371744     
   5.86249958333544     
  0.000000000000000E+000
         381         383          -1
obdef
loc1d
  0.333333333333333     
kind
          -2
       43200          47
   8.00000000000000     
 OBS          383
   5.61846994551446     
   5.51488951601921     
  0.000000000000000E+000
         382         384          -1
obdef
loc1d
  0.000000000000000E+000
kind
          -1
       64800          47
   8.00000000000000     
 OBS          384
   3.10120579732947     
   8.57040935067518     
  0.000000000000000E+000
         383         385          -1
obdef
loc1d
  0.333333333333333     
kind
          -2
       64800          47
   8.00000000000000     
 OBS          385
   5.34443096507656     
   7.76525637270337     
  0.000000000000000E+000
         384         386          -1
obdef
loc1d
  0.000000000000000E+000
kind
          -1
           0          48
   8.00000000000000     
 OBS          386
   12.8491843223540     
   12.1885607900009     
  0.000000000000000E+000
         385         387          -1
obdef
loc1d
  0.333333333333333     
kind
          -2
           0          48
   8.00000000000000     
 OBS          387
   13.3801721290775     
   10.6735597970838     
  0.000000000000000E+000
         386         388          -1
obdef
loc1d
  0.000000000000000E+000
kind
          -1
       21600          48
   8.00000000000000     
 OBS          388
   16.8486296435893     
   15.6417970862056     
  0.000000000000000E+000
         387         389          -1
obdef
loc1d
  0.333333333333333     
kind
          -2
       21600          48
   8.00000000000000     
 OBS          389
   15.6695984897843     
   13.1569817437472     
  0.000000000000000E+000
         388         390          -1
obdef
loc1d
  0.000000000000000E+000
kind
          -1
       43200          48
   8.00000000000000     
 OBS          390
   20.5731397698335     
   15.7921813180229     
  0.000000000000000E+000
         389         391          -1
obdef
loc1d
  0.333333333333333     
kind
          -2
       43200          48
   8.00000000000000     
 OBS          391
   11.2308842119780     
   13.2170699850626     
  0.000000000000000E+000
         390         392          -1
obdef
loc1d
  0.000000000000000E+000
kind
          -1
       64800          48
   8.00000000000000     
 OBS          392
   11.7507262518990     
   10.5888348397980     
  0.000000000000000E+000
         391         393          -1
obdef
loc1d
  0.333333333333333     
kind
          -2
       64800          48
   8.00000000000000     
 OBS          393
   7.43560831503313     
   10.3918713282084     
  0.000000000000000E+000
         392         394          -1
obdef
loc1d
  0.000000000000000E+000
kind
          -1
           0          49
   8.00000000000000     
 OBS          394
   5.50226865659679     
   4.33592050024356     
  0.000000000000000E+000
         393         395          -1
obdef
loc1d
  0.333333333333333     
kind
          -2
           0          49
   8.00000000000000     
 OBS          395
   4.59018911770920     
   6.77049453465661     
  0.000000000000000E+000
         394         396          -1
obdef
loc1d
  0.000000000000000E+000
kind
          -1
       21600          49
   8.00000000000000     
 OBS          396
   4.83916923034803     
   1.29789778566717     
  0.000000000000000E+000
         395         397          -1
obdef
loc1d
  0.333333333333333     
kind
          -2
       21600          49
   8.00000000000000     
 OBS          397
   2.69733902178014     
   4.12258653187754     
  0.000000000000000E+000
         396         398          -1
obdef
loc1d
  0.000000000000000E+000
kind
          -1
       43200          49
   8.00000000000000     
 OBS          398
   3.47133658168960     
  0.821369299647747     
  0.000000000000000E+000
         397         399          -1
obdef
loc1d
  0.333333333333333     
kind
          -2
       43200          49
   8.00000000000000     
 OBS          399
 -0.617196275140207     
   2.74155089703185     
  0.000000000000000E+000
         398         400          -1
obdef
loc1d
  0.000000000000000E+000
kind
          -1
       64800          49
   8.00000000000000     
 OBS          400
 -0.259963969865153     
   1.32658553193657     
  0.000000000000000E+000
         399          -1          -1
obdef
loc1d
  0.333333333333333     
kind
          -2
       64800          49
   8.00000000000000     
