 57600         41
   8016.36988385607     
   5129.33053483929     
   2286.91101864749     
   946.329855958079     
   353.516351893764     
   131.678517406278     
   43.9258633110449     
   7.31262337463270     
   1.25655442721793     
   5.36419642942098     
  0.934853091301823     
  0.000000000000000E+000
  0.000000000000000E+000
  0.000000000000000E+000
  0.000000000000000E+000
  0.000000000000000E+000
  0.000000000000000E+000
  0.000000000000000E+000
  0.000000000000000E+000
  0.000000000000000E+000
   4.19609545458061     
   9.15791434334630     
   7.12847604182463     
   8.33429524272617     
   6.59604568386170     
   7.26660946849392     
   7.39397482817633     
   5.62923090212079     
   5.12070128736072     
   5.52992865590569     
   1.00000000000000     
  0.000000000000000E+000
  0.000000000000000E+000
  0.000000000000000E+000
  0.000000000000000E+000
  0.000000000000000E+000
  0.000000000000000E+000
  0.000000000000000E+000
  0.000000000000000E+000
  0.000000000000000E+000
  0.000000000000000E+000
  0.000000000000000E+000
  0.000000000000000E+000
  0.000000000000000E+000
  0.000000000000000E+000
  0.000000000000000E+000
  0.000000000000000E+000
  0.000000000000000E+000
  0.000000000000000E+000
  0.000000000000000E+000
