 57600         41
   4449.85596903540     
   3954.74029484030     
   3359.12841415577     
   2885.40828891603     
   2622.34168642500     
   2376.47944779677     
   2147.96213814853     
   1992.52086567769     
   1785.67355347110     
   1724.09194712111     
  0.808935445206508     
  9.307854714582432E-002
  7.887913199035156E-002
  8.240804317124800E-002
  8.821318014595893E-002
  8.332774134458487E-002
  8.174063070250830E-002
  8.828318465087072E-002
  7.539572083531274E-002
  9.271241440500552E-002
   21.8481703942745     
   20.1481610783248     
   20.9302183644082     
   20.7697938399309     
   20.6169818006321     
   22.3993132701278     
   22.0327241481953     
   22.2729309428863     
   23.2970570682736     
   21.3608001247248     
   1.00000000000000     
  0.100000000000000     
  0.100000000000000     
  0.100000000000000     
  0.100000000000000     
  0.100000000000000     
  0.100000000000000     
  0.100000000000000     
  0.100000000000000     
  0.100000000000000     
  0.000000000000000E+000
  0.000000000000000E+000
  0.000000000000000E+000
  0.000000000000000E+000
  0.000000000000000E+000
  0.000000000000000E+000
  0.000000000000000E+000
  0.000000000000000E+000
  0.000000000000000E+000
  0.000000000000000E+000
