   1   622097    -0.99160957570338         0.99889869542090    
   2   617087    -0.97512529565252         0.99666679009305    
   3   611697    -0.95910347532319         0.99435651925821    
   4   607939    -0.94343032357109         0.99194741759502    
   5   601621    -0.92808108829148         0.98948091995220    
   6   598028    -0.91314492767405         0.98696453028972    
   7   591913    -0.89857635517875         0.98434592611469    
   8   589281    -0.88407013671627         0.98162947409644    
   9   584555    -0.87018898621772         0.97893475145833    
  10   580569    -0.85624403608560         0.97594832003283    
  11   575840    -0.84281441779971         0.97315196629002    
  12   573433    -0.82935083661902         0.96999772293683    
  13   569579    -0.81636610957267         0.96700040249519    
  14   565083    -0.80341213668158         0.96387929985783    
  15   561726    -0.79079206532468         0.96059705047633    
  16   558638    -0.77791651067579         0.95721502820390    
  17   555436    -0.76601269424277         0.95391761703782    
  18   551359    -0.75352032147627         0.95031607203944    
  19   549074    -0.74152020587380         0.94671688813128    
  20   546146    -0.72982273050393         0.94311161622011    
  21   542198    -0.71817249564982         0.93945904015592    
  22   540256    -0.70657835402934         0.93546655766849    
  23   538386    -0.69523301649850         0.93155860091228    
  24   534492    -0.68410582255340         0.92764866235180    
  25   532225    -0.67277177066333         0.92331726964922    
  26   528989    -0.66178183510775         0.91917026498092    
  27   527488    -0.65064081960689         0.91469202349960    
  28   525411    -0.63953728722048         0.90967101123437    
  29   520989    -0.62922080657225         0.90535105186212    
  30   519428    -0.61863587497270         0.90053901826278    
  31   518118    -0.60790836060592         0.89521023525373    
  32   514136    -0.59745458240881         0.89049464937470    
  33   513588    -0.58723578773206         0.88495533966871    
  34   510344    -0.57726271777078         0.87973866497319    
  35   508514    -0.56697048469893         0.87427048950301    
  36   506681    -0.55694627340336         0.86849881043191    
  37   503939    -0.54677998964069         0.86248301010286    
  38   502296    -0.53693823302086         0.85614327344970    
  39   500691    -0.52686088582440         0.84993568434742    
  40   498441    -0.51749931357071         0.84353564138667    
  41   498012    -0.50773264445268         0.83696459171324    
  42   495177    -0.49776823142450         0.82943371738704    
  43   494269    -0.48872425994419         0.82283253239855    
  44   493813    -0.47924790282974         0.81556053193954    
  45   490134    -0.46939138284409         0.80711418586006    
  46   488867    -0.46007424090754         0.79979507705370    
  47   487694    -0.45107284304981         0.79179699814498    
  48   486627    -0.44160490755940         0.78254196292157    
  49   484681    -0.43231873214281         0.77385478560023    
  50   483262    -0.42360145014498         0.76565295101492    
  51   483004    -0.41457389897551         0.75604598172568    
  52   480326    -0.40520442143578         0.74652103874680    
  53   480452    -0.39595285709698         0.73607905290364    
  54   477714    -0.38721989237367         0.72594399014843    
  55   477591    -0.37851192348372         0.71530724793278    
  56   476133    -0.36968459506109         0.70381140192774    
  57   474098    -0.36071929994238         0.69286578955141    
  58   473841    -0.35201509603963         0.68120476103672    
  59   472356    -0.34320117720584         0.66874933481304    
  60   471927    -0.33438757627604         0.65556423671754    
  61   469815    -0.32558461109039         0.64205206436972    
  62   470196    -0.31709030751130         0.62901145603972    
  63   468468    -0.30862738440282         0.61543872888414    
  64   467790    -0.30006092176138         0.60063679743901    
  65   466558    -0.29153782237469         0.58582357121403    
  66   467510    -0.28295395566453         0.57013775232267    
  67   464531    -0.27425048362083         0.55386928474917    
  68   464154    -0.26576879161165         0.53692728450572    
  69   464041    -0.25790684401996         0.52125487970737    
  70   462945    -0.24921329437226         0.50429543649298    
  71   462573    -0.24021928487076         0.48347630119107    
  72   461975    -0.23214789844787         0.46657102646498    
  73   460711    -0.22371314851507         0.44797307493907    
  74   460670    -0.21571845309599         0.42893444059672    
  75   459371    -0.20693624223130         0.40808863351177    
  76   458470    -0.19901294164206         0.38873904844642    
  77   457839    -0.19128523940111         0.37006662121177    
  78   458955    -0.18214488889227         0.34708810889496    
  79   457323    -0.17436922092276         0.32690944558930    
  80   457206    -0.16619670992169         0.30609488667998    
  81   456083    -0.15795606330190         0.28408534785971    
  82   455935    -0.14992116220727         0.26314331234441    
  83   455356    -0.14164700673855         0.24123989672946    
  84   455157    -0.13323926330997         0.21947318357471    
  85   454745    -0.12578894462415         0.20013797976564    
  86   453830    -0.11678293136011         0.17714909533965    
  87   452765    -0.10915050644340         0.15754397243357    
  88   453214    -0.10047441046618         0.13782935034262    
  89   453057    -0.93600046930991E-01     0.12129141786185    
  90   452925    -0.84880064364730E-01     0.10140015660810    
  91   452753    -0.76771254716447E-01     0.84780865347584E-01
  92   452686    -0.68298720982529E-01     0.68580645788001E-01
  93   451721    -0.60776628528868E-01     0.55228337307040E-01
  94   451282    -0.52636455094997E-01     0.41857818630540E-01
  95   453599    -0.44253154572650E-01     0.29902365901849E-01
  96   453313    -0.37206936112209E-01     0.21557159870983E-01
  97   451998    -0.28316778766748E-01     0.12578892473010E-01
  98   452454    -0.19939586771376E-01     0.63519855054893E-02
  99   451591    -0.12165416326781E-01     0.23835046895358E-02
 100   451120    -0.45474201436798E-02     0.37007354614865E-03
 101   451630     0.34994534582872E-02     0.17967765369593E-03
 102   453096     0.11514217313440E-01     0.19545352058555E-02
 103   451585     0.19933616540558E-01     0.60065295570897E-02
 104   451876     0.27651160952583E-01     0.11455002005796E-01
 105   451248     0.35937063904470E-01     0.19617220962084E-01
 106   452843     0.44088381763441E-01     0.29194443743698E-01
 107   452285     0.51772170434988E-01     0.39882922526259E-01
 108   451735     0.60687739939874E-01     0.53764241065387E-01
 109   453321     0.68791698890493E-01     0.68698656433083E-01
 110   453953     0.76019544062937E-01     0.82252763630146E-01
 111   453584     0.84467309153830E-01     0.99694049668901E-01
 112   453456     0.92240197710798E-01     0.11698366871575    
 113   454834     0.10092145942969         0.13700364181035    
 114   453050     0.10821518462609         0.15481083005862    
 115   453981     0.11666935297964         0.17582213029076    
 116   454796     0.12453873660828         0.19593760317835    
 117   454839     0.13335705814688         0.21830663210907    
 118   455082     0.14110672870321         0.23879847638125    
 119   456610     0.14886931587099         0.25934168725973    
 120   456691     0.15784091084833         0.28360190755115    
 121   457528     0.16559889876196         0.30262392633957    
 122   457205     0.17410662842225         0.32493591498728    
 123   458111     0.18226054071254         0.34579841307716    
 124   458185     0.19074553882667         0.36660477758903    
 125   459417     0.19908535213852         0.38801377050430    
 126   459667     0.20699984490416         0.40828679750450    
 127   460531     0.21553517748767         0.42822355832960    
 128   461546     0.22353715236433         0.44659941401636    
 129   461321     0.23225280199680         0.46749750725358    
 130   462659     0.24028369958981         0.48327027400112    
 131   463688     0.24853638395402         0.50180913524636    
 132   463864     0.25738403415685         0.52082084201033    
 133   465686     0.26569021454479         0.53721185121411    
 134   465314     0.27397837056005         0.55312332242640    
 135   466194     0.28273470508392         0.56944055279145    
 136   467259     0.29155957497793         0.58536056108565    
 137   468722     0.29943278535418         0.59956635796899    
 138   468504     0.30799452882231         0.61492260616937    
 139   469366     0.31704271791597         0.62896992556441    
 140   470848     0.32604879891905         0.64311694039133    
 141   472321     0.33428083732205         0.65591011788791    
 142   473231     0.34252992365202         0.66746472672448    
 143   473924     0.35187600599397         0.68093071871523    
 144   475408     0.36048745117736         0.69274426889308    
 145   477028     0.36976893320887         0.70489510350209    
 146   478121     0.37848127183183         0.71532314256459    
 147   478968     0.38731543768118         0.72661726445601    
 148   479397     0.39633106719777         0.73685149477052    
 149   481483     0.40565817662535         0.74729314712360    
 150   482129     0.41398610045859         0.75566064217877    
 151   484449     0.42364369141157         0.76555819417338    
 152   484742     0.43247961559884         0.77445174190755    
 153   486983     0.44193982257685         0.78295854155464    
 154   487703     0.45119234798726         0.79237151522495    
 155   489920     0.46061300875436         0.80055926547643    
 156   490763     0.46998835294444         0.80785324263924    
 157   492584     0.47951629102618         0.81589804713378    
 158   494992     0.48893333327275         0.82290837291432    
 159   496504     0.49874921116396         0.83036229084783    
 160   497433     0.50772890208552         0.83694614784656    
 161   499084     0.51801789446265         0.84393154393367    
 162   500936     0.52719775568844         0.84991596159299    
 163   503577     0.53697291569150         0.85647559143616    
 164   505213     0.54722445788565         0.86321446015652    
 165   505635     0.55696655556106         0.86847703625672    
 166   509662     0.56739941523527         0.87451223300155    
 167   511546     0.57745053210788         0.88003835036133    
 168   513233     0.58748141425718         0.88497591937454    
 169   515551     0.59779452076921         0.89018282914397    
 170   517482     0.60850266027022         0.89591825757472    
 171   519276     0.61922285138432         0.90079345858254    
 172   522009     0.62977153359237         0.90538385705081    
 173   524192     0.64035171231219         0.91010865425977    
 174   527418     0.65101535785335         0.91447658025555    
 175   529266     0.66223378386295         0.91875163951767    
 176   530682     0.67310453102500         0.92306341966339    
 177   534456     0.68427932280472         0.92748738005878    
 178   537456     0.69571943056445         0.93125481281765    
 179   539261     0.70707447957934         0.93537681537094    
 180   543927     0.71854648870762         0.93899951917315    
 181   545392     0.73052149300883         0.94298491254314    
 182   548927     0.74216475207589         0.94632828871357    
 183   551457     0.75399137488658         0.94992331071679    
 184   555331     0.76640833942127         0.95353754859109    
 185   557399     0.77870196944113         0.95684424372439    
 186   562899     0.79091585591312         0.96013434886719    
 187   564634     0.80386057758558         0.96344077606306    
 188   567549     0.81664961872544         0.96652909209885    
 189   572419     0.82970679581869         0.96961275647352    
 190   576791     0.84310339979277         0.97268372674107    
 191   579230     0.85646046644909         0.97563417607018    
 192   583694     0.87036514247813         0.97851758128088    
 193   587645     0.88436233314301         0.98138215280570    
 194   593156     0.89862386081989         0.98408099583994    
 195   596809     0.91312712196071         0.98673166509019    
 196   600911     0.92808182875006         0.98935470207358    
 197   606998     0.94339952050624         0.99189454563474    
 198   610884     0.95900601011671         0.99431487380711    
 199   617458     0.97507187480826         0.99667679290915    
 200   621987     0.99159973087893         0.99890455252486    
