      1       52621 -0.994365092604635     0.999796321596758     
      2       52659 -0.983096566003692     0.999399436973663     
      3       52572 -0.971880804777677     0.998994240803393     
      4       52240 -0.960721371990979     0.998575603980426     
      5       52220 -0.949636179046340     0.998160312901031     
      6       52356 -0.938567479653976     0.997712121887264     
      7       52086 -0.927484461311976     0.997261262943395     
      8       52029 -0.916527929952585     0.996841587773642     
      9       52346 -0.905438523780393     0.996338796186599     
     10       51870 -0.894576129580998     0.995850619383974     
     11       51804 -0.883555066237522     0.995302462168970     
     12       52199 -0.872781159442331     0.994794648500847     
     13       51336 -0.861790616629419     0.994216350851756     
     14       51836 -0.851147976634210     0.993684585141352     
     15       51311 -0.840374114372038     0.993058637000463     
     16       51507 -0.829620476401765     0.992403119982741     
     17       51518 -0.819088164283904     0.991775480182408     
     18       51397 -0.808281498628797     0.991115490249207     
     19       51229 -0.797650698330725     0.990350551208644     
     20       51152 -0.787011587686147     0.989681042207900     
     21       50888 -0.776671480544054     0.988931894711215     
     22       51470 -0.766267104810111     0.988120151631271     
     23       51159 -0.755581478136383     0.987387586828341     
     24       50592 -0.745884270900101     0.986753642600268     
     25       50973 -0.734905252351878     0.985667668093264     
     26       50726 -0.724445479758347     0.984745651284847     
     27       50572 -0.714486360905252     0.983904553195308     
     28       50465 -0.703828271922506     0.982947778372659     
     29       50889 -0.693602314342443     0.981919607303812     
     30       50448 -0.683309291507275     0.981044773256252     
     31       50332 -0.673571580430354     0.979699795270754     
     32       50387 -0.662982340482056     0.978762934706803     
     33       50358 -0.653044842499763     0.977251091547647     
     34       50416 -0.642867358280710     0.976166050270670     
     35       50045 -0.632172280639550     0.974763819188164     
     36       50304 -0.622303961614142     0.973344262802288     
     37       50446 -0.612138545882611     0.972149635823722     
     38       50450 -0.602552917341516     0.970410947456506     
     39       50030 -0.592454415191871     0.969459905593825     
     40       49902 -0.582642628033013     0.967733282321834     
     41       50145 -0.572067494895450     0.966005601129956     
     42       50217 -0.562830742120540     0.964315542183444     
     43       50401 -0.552353694010396     0.962086386257938     
     44       49915 -0.542128424468281     0.959917722760160     
     45       50153 -0.532153986808598     0.957876904245465     
     46       49815 -0.522697816860768     0.956458218713552     
     47       50181 -0.511761203466826     0.953609599860484     
     48       49969 -0.503051862278611     0.951330105723248     
     49       49491 -0.493414656516503     0.949043528008093     
     50       50180 -0.482896539624843     0.946589966054684     
     51       49897 -0.473742069012776     0.944290253412713     
     52       49690 -0.463914980390293     0.941307693054721     
     53       49501 -0.453313072710551     0.937923263189843     
     54       49725 -0.443432833216080     0.934951332501965     
     55       49283 -0.434235411836582     0.931822030127477     
     56       49499 -0.423448214604865     0.927209495663644     
     57       49248 -0.413727071964812     0.924238504030408     
     58       49543 -0.403603885648315     0.920109874159878     
     59       48993 -0.392819758272442     0.915206555505273     
     60       49105 -0.384258472754328     0.910653067539447     
     61       49179 -0.374823707127949     0.905523314026192     
     62       49528 -0.365104750680238     0.900686515846963     
     63       48945 -0.355618297858288     0.894418898344735     
     64       49504 -0.345264866580464     0.889243012253772     
     65       48808 -0.336310886257707     0.881775445407098     
     66       49487 -0.326559317815669     0.874644483242826     
     67       49681 -0.317262440616967     0.869367806727951     
     68       49315 -0.308364694782531     0.861339162611826     
     69       49186 -0.297872934276377     0.851616892051097     
     70       49238 -0.288845265896591     0.842341423695643     
     71       49422 -0.278667518130199     0.831815249823521     
     72       48814 -0.269200415365978     0.822000541328874     
     73       48806 -0.259632718029820     0.808811470079249     
     74       48911 -0.250279851506691     0.797249972534586     
     75       48655 -0.239755801591449     0.780770517473854     
     76       48963 -0.232710634808346     0.770763217962955     
     77       48810 -0.221436856431745     0.749473516958229     
     78       48727 -0.212086555674146     0.734125704235869     
     79       48914 -0.203374436120245     0.715013175458344     
     80       48938 -0.192913960384208     0.692654655166512     
     81       48439 -0.183840166180214     0.670790865007613     
     82       48918 -0.174189099993832     0.645054568136110     
     83       48758 -0.164660662415449     0.620145593018954     
     84       48847 -0.155880092315342     0.592740831557131     
     85       49004 -0.145330475401547     0.555948940673602     
     86       48566 -0.135066576538408     0.519048890893413     
     87       48894 -0.126499590389559     0.489081641043945     
     88       48575 -0.118240098088550     0.450790049743845     
     89       48823 -0.107794276258812     0.404209609882056     
     90       48402 -9.767061777912675E-002 0.357414333246226     
     91       48856 -8.985233181559342E-002 0.321416944223936     
     92       48813 -7.986669058146942E-002 0.273842477068114     
     93       48566 -7.039471150350005E-002 0.225167406494621     
     94       48984 -6.135003453611351E-002 0.182779090403140     
     95       49221 -5.181901563069413E-002 0.136103738988643     
     96       48995 -4.109058745225730E-002 9.064257358603409E-002
     97       48404 -3.324320812144465E-002 6.114628091284127E-002
     98       48720 -2.263971548646805E-002 3.040198112683019E-002
     99       48999 -1.440478268703453E-002 1.214538920739714E-002
    100       49127 -4.714096278195634E-003 1.378425388594523E-003
    101       48363  4.050161046415124E-003 9.054862243257701E-004
    102       48051  1.251562382133205E-002 8.987176282685685E-003
    103       48323  2.215652847643946E-002 2.749033056549569E-002
    104       48615  3.242973751634627E-002 5.806928119709722E-002
    105       48490  4.125941371967178E-002 9.223848852654699E-002
    106       48587  5.076592280973091E-002 0.132273112553448     
    107       48303  6.138783420122227E-002 0.181173213338280     
    108       48591  6.963484760681418E-002 0.220905006917139     
    109       48181  7.864223153538011E-002 0.267662331616122     
    110       48793  8.821599582178372E-002 0.314564343855620     
    111       48364  9.752121742725216E-002 0.360302648676928     
    112       48798  0.108188371731170     0.410082283848136     
    113       48829  0.118467393707927     0.456311449302781     
    114       49036  0.128258236848991     0.497062370048311     
    115       48772  0.136360953031650     0.527948530723864     
    116       49124  0.145417895239616     0.561737111398003     
    117       49128  0.154462661269422     0.593070268950706     
    118       48462  0.165434874654998     0.627720069968344     
    119       49453  0.174454981320288     0.651782640187265     
    120       49585  0.184720992829263     0.678061427651305     
    121       49822  0.193351842614058     0.698473922070232     
    122       49428  0.203012070754393     0.719837050859824     
    123       49263  0.212805944986012     0.738369606132698     
    124       49447  0.222463031300442     0.758958634483990     
    125       48625  0.231360850284671     0.773249785575238     
    126       48630  0.241630106207017     0.787306650006583     
    127       48274  0.251729367439993     0.799737481951967     
    128       48710  0.261055709850181     0.812144418109025     
    129       48981  0.270992129945216     0.823264933140864     
    130       48787  0.280367166178024     0.835023617133086     
    131       49265  0.289398679115450     0.841832243927842     
    132       48798  0.298271040462783     0.849560194266468     
    133       49075  0.307804882629698     0.859821240983615     
    134       49271  0.317311352830766     0.867966102637036     
    135       49585  0.326508628724270     0.875255493517430     
    136       49001  0.336789298275571     0.882565908148344     
    137       49015  0.346783007855897     0.890030966379820     
    138       49144  0.356607382405000     0.895622801271644     
    139       48873  0.366134196380571     0.901653934222604     
    140       48909  0.376699613680510     0.906958128308698     
    141       49242  0.385908656266835     0.911048632311149     
    142       49360  0.395694134763903     0.916399564133237     
    143       49704  0.404260363736033     0.919426808115369     
    144       49596  0.415132546743516     0.924370553773794     
    145       49606  0.424093988903772     0.928252928397139     
    146       49478  0.434024502309439     0.931519456303554     
    147       49339  0.443766233693388     0.935239675197763     
    148       49383  0.453266035479087     0.938277949503027     
    149       49341  0.462850463270921     0.941078120839649     
    150       49459  0.472826569960025     0.943777465256417     
    151       49882  0.481939686416176     0.945957839579607     
    152       50078  0.491066140767623     0.948967111334114     
    153       50319  0.501127260707135     0.951214429992121     
    154       50046  0.511392055307371     0.953219129070401     
    155       49495  0.522297600747797     0.956316559366380     
    156       49408  0.532339279764040     0.958044718696263     
    157       49470  0.542499446212752     0.960721743790262     
    158       49891  0.551907678226982     0.962391670141665     
    159       49763  0.562501352166784     0.964430968333821     
    160       49973  0.572233746577628     0.965901672400130     
    161       50450  0.581981798967259     0.967744972319329     
    162       50542  0.593185422845905     0.969896036400554     
    163       50562  0.602005934980074     0.970906379691329     
    164       50766  0.612651536063249     0.972301018196805     
    165       50207  0.622937771770546     0.973468277570767     
    166       50603  0.632230024887332     0.974872784300009     
    167       50591  0.642629607191546     0.976288180139824     
    168       50617  0.653036471311510     0.977615673305011     
    169       50237  0.663104599449377     0.978743160650097     
    170       50379  0.673324801938170     0.979858667544357     
    171       50742  0.683569681395481     0.980981684104949     
    172       50724  0.693980237109562     0.982295326034831     
    173       50675  0.704412571498973     0.983040111581242     
    174       50462  0.714946046180506     0.984035794964905     
    175       50472  0.725380264034302     0.984919526418014     
    176       50595  0.735290645433396     0.985752063465811     
    177       50691  0.745879605607277     0.986602623211845     
    178       50899  0.755803764479955     0.987363229673613     
    179       51378  0.766517100996767     0.988142334929372     
    180       51118  0.776953023647804     0.988762230232632     
    181       51338  0.787530239028061     0.989487026015628     
    182       51152  0.798304841583691     0.990382433970855     
    183       51488  0.808873117987222     0.990891960938820     
    184       51083  0.819437072482632     0.991507227432282     
    185       51087  0.829933097131934     0.992190161759791     
    186       51848  0.840452159538967     0.992803385447189     
    187       51809  0.851093576099336     0.993320138045491     
    188       51604  0.862096462664965     0.994010873564945     
    189       51834  0.872808867807176     0.994573155283098     
    190       52164  0.883899744516804     0.995206961936298     
    191       51871  0.894703223844057     0.995679190169308     
    192       51748  0.905482654048305     0.996236660914711     
    193       52103  0.916463823913233     0.996722025146314     
    194       52031  0.927386086109870     0.997206344281025     
    195       52133  0.938451243786622     0.997684300517682     
    196       52462  0.949556966828667     0.998143862369563     
    197       52432  0.960675681973126     0.998574822921282     
    198       52450  0.971912641240829     0.998996518487094     
    199       52558  0.983090169913722     0.999406025388301     
    200       52677  0.994356754987435     0.999797731236027     
