      1      533684 -0.994176948671503     0.999742166256109     
      2      532835 -0.982563462310286     0.999235317270508     
      3      530770 -0.971034214007138     0.998714589483657     
      4      532078 -0.959510944130884     0.998170742323148     
      5      528635 -0.948087720304826     0.997614438798840     
      6      528803 -0.936719187914829     0.997040705313596     
      7      526788 -0.925356600689565     0.996452388738879     
      8      526667 -0.914103804452024     0.995834402680114     
      9      526021 -0.902923376483405     0.995233810447640     
     10      524242 -0.891692343538322     0.994533164503991     
     11      523223 -0.880637904720350     0.993890788233976     
     12      522342 -0.869494135256157     0.993190229251084     
     13      522477 -0.858500090715845     0.992485809842409     
     14      520638 -0.847547040626209     0.991736582813897     
     15      518558 -0.836696889037451     0.990951475311224     
     16      519790 -0.825590209102952     0.990164731379990     
     17      518095 -0.814970942377830     0.989325082529208     
     18      516675 -0.804017695188859     0.988520246653764     
     19      516498 -0.793372409260629     0.987584113802236     
     20      515249 -0.782590871512185     0.986682921148386     
     21      514877 -0.772010295602456     0.985732022415043     
     22      512934 -0.761301772622066     0.984795507227702     
     23      513313 -0.750720727065650     0.983701034799136     
     24      511845 -0.740184895370648     0.982637723117792     
     25      511165 -0.729770577127974     0.981559040856625     
     26      509225 -0.719162959282170     0.980374250032852     
     27      510628 -0.708797149465732     0.979227137186227     
     28      508547 -0.698373170187678     0.977886170634762     
     29      509070 -0.687914827263515     0.976667780993034     
     30      507841 -0.677725118354007     0.975469493305642     
     31      507302 -0.667501547748648     0.973952695721267     
     32      506995 -0.657066021345729     0.972504221982588     
     33      505290 -0.646990854334790     0.971145206928782     
     34      504659 -0.636768254912445     0.969383852622495     
     35      504036 -0.626361623718257     0.967767336573057     
     36      505240 -0.616329445342189     0.966007469990393     
     37      501958 -0.606294099568177     0.964351524731684     
     38      501145 -0.596130795589850     0.962397359906843     
     39      502383 -0.585981320023734     0.960415768593316     
     40      500960 -0.576052987825068     0.958476684929046     
     41      500705 -0.566026930149407     0.956446674050525     
     42      500262 -0.555938540006383     0.954008783085207     
     43      499756 -0.546119438560797     0.951787542129279     
     44      497532 -0.536084500399704     0.949242474352840     
     45      499061 -0.526362120374576     0.946834517562536     
     46      497843 -0.516429682993229     0.944247409714378     
     47      498296 -0.506591505378777     0.941096564894700     
     48      496200 -0.496840111712578     0.938315956195001     
     49      496437 -0.486448222835536     0.935238802058421     
     50      495624 -0.477072984116476     0.932108807858150     
     51      494984 -0.467408019020999     0.928568192964486     
     52      494889 -0.457588951005043     0.924597309531416     
     53      494373 -0.447697237783990     0.920882986618827     
     54      492405 -0.438173316995545     0.917080256460454     
     55      493030 -0.428253595866409     0.912565011300458     
     56      493494 -0.418577020936015     0.908568948476457     
     57      492705 -0.409115264720435     0.903605976673639     
     58      492544 -0.399444220805084     0.898348750841407     
     59      491649 -0.389853515955691     0.893163084260657     
     60      490821 -0.380249207554914     0.887273228615777     
     61      490830 -0.370617056592361     0.881079894413878     
     62      491315 -0.361436553932119     0.874737199283517     
     63      489739 -0.351585847717636     0.868757614294638     
     64      490807 -0.341996925095623     0.860948948744894     
     65      488509 -0.332417242347260     0.853348324639815     
     66      491054 -0.322909662811693     0.844635198638132     
     67      489094 -0.313609855332244     0.835796656489830     
     68      488869 -0.303805534567229     0.826127540865663     
     69      488030 -0.294354606644882     0.816004495270932     
     70      488279 -0.285236332147189     0.805641633239663     
     71      488080 -0.275980331952155     0.794317546640121     
     72      487310 -0.266352703193009     0.781364302351606     
     73      487677 -0.256271706324855     0.766881035598016     
     74      486946 -0.247189273073886     0.753225391507881     
     75      487133 -0.237926740337590     0.738590177361422     
     76      487882 -0.228615111084052     0.721029203288529     
     77      486348 -0.218844555257397     0.703055211729398     
     78      485715 -0.209702493159797     0.683590101308835     
     79      486076 -0.200357357445812     0.663378503816086     
     80      485708 -0.190859966104370     0.640181052691306     
     81      484862 -0.181530463279223     0.615940550523598     
     82      486265 -0.172341355525986     0.590013498271866     
     83      484863 -0.163005107792834     0.563351471586812     
     84      485735 -0.153464588529761     0.531581892556812     
     85      484463 -0.144370417813485     0.500752821360983     
     86      485498 -0.134690199177958     0.464970035681663     
     87      485053 -0.125582758610737     0.430317502883832     
     88      484209 -0.116246225065180     0.391956277643674     
     89      484041 -0.107078961348970     0.353531971732482     
     90      484615 -9.727534107578498E-002 0.311058561325774     
     91      485837 -8.857627916380542E-002 0.272149831932493     
     92      484844 -7.882640350913744E-002 0.228098261497688     
     93      483449 -6.976333582768747E-002 0.188231882135572     
     94      484093 -6.032424582242567E-002 0.147673777046394     
     95      485408 -5.118589293868323E-002 0.111052149835825     
     96      483275 -4.221412538149407E-002 7.836647502387724E-002
     97      483762 -3.240094883546681E-002 4.771158149799605E-002
     98      483877 -2.298818842355292E-002 2.467716106339311E-002
     99      484885 -1.401405810198477E-002 9.348683085001142E-003
    100      482973 -4.863859700647815E-003 1.183615310379635E-003
    101      483989  4.625655810065315E-003 9.368012481723837E-004
    102      483818  1.374229534227067E-002 8.532777222928603E-003
    103      484520  2.329496202106899E-002 2.461066381764039E-002
    104      483755  3.272033050836901E-002 4.745864597074438E-002
    105      484164  4.202189835554678E-002 7.655805294185218E-002
    106      483978  5.088203165226027E-002 0.108785735449531     
    107      484102  6.020304845008725E-002 0.145682735457958     
    108      485170  6.966544972557144E-002 0.186806094409628     
    109      484241  7.898855677541704E-002 0.228433522801428     
    110      483750  8.779814080521575E-002 0.267566247998461     
    111      484892  9.767175505898576E-002 0.311986382090636     
    112      485194  0.106677033282627     0.351306468880696     
    113      485264  0.115997022196396     0.391535986956514     
    114      485496  0.125284771567700     0.428986825419735     
    115      484450  0.134991167495437     0.466729570128202     
    116      485196  0.144112942421722     0.500490445653515     
    117      484849  0.153455481419533     0.533015743962307     
    118      485248  0.162722910501662     0.561779128737015     
    119      485001  0.172495722607411     0.592034625918235     
    120      485821  0.181577436637597     0.616841742478753     
    121      486920  0.191181850514708     0.641366278975701     
    122      486507  0.200418890615550     0.664056799324535     
    123      486438  0.209898630788933     0.685393435316050     
    124      486903  0.219470005818440     0.704576074613022     
    125      487332  0.228341828426379     0.721282327808067     
    126      487511  0.237762084755927     0.739179584290183     
    127      486737  0.247095356486468     0.754774208252147     
    128      486623  0.256712778916231     0.769986219904741     
    129      488443  0.266282316544421     0.782998623256506     
    130      487794  0.275516493546766     0.795209988431054     
    131      488326  0.285133454448990     0.806857543721581     
    132      488048  0.294629104500063     0.817830693426996     
    133      489143  0.304150754570510     0.827986525478538     
    134      489150  0.313705720139778     0.837522852186664     
    135      489368  0.322788575653918     0.845764143011303     
    136      489172  0.332879081787450     0.854352459973123     
    137      490923  0.342181938373916     0.862767988979570     
    138      491455  0.351198495258391     0.868610069302687     
    139      490129  0.361466908510468     0.876208790481430     
    140      490828  0.370912365458824     0.882850381226072     
    141      490343  0.380634986656050     0.888713460619788     
    142      492214  0.390148190959337     0.894425577301169     
    143      493207  0.399855066101663     0.899522854203567     
    144      492180  0.409505276568736     0.904769492394991     
    145      493953  0.419074246779038     0.908997943569859     
    146      494544  0.428536606525989     0.913604775816857     
    147      492709  0.438501657811130     0.917907092846429     
    148      494803  0.448079926397623     0.922145116189454     
    149      494299  0.458036250068079     0.925813287658783     
    150      494934  0.467184968449608     0.929077912329009     
    151      495008  0.477356586578225     0.932686181239438     
    152      496505  0.487317466463708     0.935856255179250     
    153      496587  0.496845847559081     0.938715194936891     
    154      497187  0.506853852875577     0.941812847266340     
    155      498271  0.516675630786855     0.944633148333874     
    156      498588  0.526801232212565     0.947317618943414     
    157      499107  0.536391108883818     0.949643037190666     
    158      498119  0.546506235392387     0.951883260045269     
    159      500956  0.556350762069989     0.954311948206852     
    160      500452  0.566545002371989     0.956517272017099     
    161      501479  0.576756611913208     0.958600714933630     
    162      502301  0.586381382135088     0.960591042590492     
    163      503533  0.596721091224077     0.962500343371498     
    164      502397  0.606512046921913     0.964294865673369     
    165      502636  0.616871800249837     0.966071886198153     
    166      502903  0.626860132942442     0.967722789679576     
    167      505346  0.637073228210575     0.969252948859935     
    168      505821  0.647200642221235     0.970972473034414     
    169      506058  0.657512346446818     0.972316119697686     
    170      506607  0.667718818040140     0.973880702866018     
    171      506557  0.677945539602229     0.975203168536435     
    172      508436  0.688478653637136     0.976497275518808     
    173      509462  0.698644801775455     0.977778286286283     
    174      509961  0.709157428617773     0.979009200678291     
    175      509444  0.719802094378914     0.980188776062372     
    176      511360  0.730123505151748     0.981320730636119     
    177      510883  0.740507603983256     0.982435846566001     
    178      512769  0.751086736956763     0.983495179282790     
    179      512874  0.761607688165244     0.984465120094895     
    180      514016  0.772160716875884     0.985524616479482     
    181      515513  0.782854797591758     0.986496762480618     
    182      515688  0.793589597199361     0.987340364826959     
    183      517001  0.804366346552005     0.988358158532047     
    184      518034  0.815126186505986     0.989101948655777     
    185      518280  0.825972516576624     0.989972484663913     
    186      518918  0.836831978866836     0.990825470900761     
    187      520373  0.847766887514503     0.991588567016409     
    188      521513  0.858638445483177     0.992338228128554     
    189      521821  0.869683233512454     0.993092828745531     
    190      522581  0.880705537533453     0.993797781822962     
    191      524637  0.891857763881058     0.994470260873536     
    192      524823  0.902900624920520     0.995150730716595     
    193      525985  0.914213636480273     0.995792730795825     
    194      526373  0.925443357744490     0.996414462747233     
    195      528559  0.936750790141927     0.997014385128393     
    196      529237  0.948118031689714     0.997596375159119     
    197      530389  0.959528287836169     0.998159241179539     
    198      531180  0.971035438012525     0.998706560972501     
    199      532493  0.982571593074999     0.999232488611092     
    200      533645  0.994177529847427     0.999741368489826     
