        1       50675 -0.994828519916996     0.999936237958747     
        2       50816 -0.984463503275544     0.999823837943687     
        3       50759 -0.974127816865501     0.999709858872522     
        4       50691 -0.963750292131683     0.999590706090978     
        5       50655 -0.953451327233408     0.999466970166487     
        6       50781 -0.943094014746193     0.999343317949866     
        7       50652 -0.932800807869845     0.999213441890261     
        8       50456 -0.922513237177607     0.999081848181133     
        9       50641 -0.912267778126743     0.998932824941693     
       10       50581 -0.901924481052665     0.998795241865754     
       11       50602 -0.891743589834433     0.998649633947044     
       12       50475 -0.881427025353223     0.998484679314385     
       13       50489 -0.871212291397426     0.998340537538584     
       14       50577 -0.860960916950055     0.998165819628915     
       15       50484 -0.850711352692581     0.997989712116353     
       16       50322 -0.840535180667337     0.997818913610927     
       17       50253 -0.830351298900864     0.997641897472563     
       18       50655 -0.820098221437340     0.997443925706259     
       19       50310 -0.809908369927444     0.997241129924026     
       20       50494 -0.799725103424816     0.997028370587493     
       21       50381 -0.789665488174404     0.996805882640319     
       22       50022 -0.779377411546968     0.996615056371271     
       23       50515 -0.769464213818648     0.996384283956232     
       24       50182 -0.759173956105522     0.996120967672962     
       25       50359 -0.748923786413662     0.995863611435660     
       26       50137 -0.738923073603102     0.995607557752242     
       27       50464 -0.728920579506689     0.995397774952395     
       28       49963 -0.718528971392555     0.995048313268573     
       29       50329 -0.708699877281800     0.994784324421430     
       30       49963 -0.698279717257070     0.994481421938041     
       31       50311 -0.688461848403338     0.994116478770420     
       32       50316 -0.678579229492393     0.993897177110570     
       33       49840 -0.668168013486137     0.993443723563981     
       34       50235 -0.658347008111995     0.993136800723832     
       35       50210 -0.648011055197431     0.992721940555171     
       36       50149 -0.638271741577465     0.992393101698936     
       37       49875 -0.627742803311614     0.991916398251799     
       38       50232 -0.618272485421759     0.991510896740747     
       39       49887 -0.608237091639346     0.991071876080796     
       40       50082 -0.598020198534486     0.990608307230495     
       41       50151 -0.587814750478543     0.990038808190039     
       42       49968 -0.578147588042097     0.989631359245493     
       43       49708 -0.568073892101495     0.989108298449588     
       44       49994 -0.557753996768306     0.988419262636900     
       45       50172 -0.548434472411004     0.987914141396872     
       46       50013 -0.537694301714954     0.987046930414829     
       47       49993 -0.528203367682409     0.986542604197837     
       48       49843 -0.518128322167735     0.985870695503221     
       49       49898 -0.507988859701033     0.985198050660691     
       50       49683 -0.498245806379128     0.984334952033856     
       51       50060 -0.488324950977909     0.983373659958101     
       52       49689 -0.478126900019409     0.982484191169099     
       53       50307 -0.468627734132928     0.981755081565147     
       54       49736 -0.458351023436829     0.980531587874806     
       55       49906 -0.448152635056910     0.979776540345758     
       56       49715 -0.438635575801600     0.978555551524744     
       57       49586 -0.428761843844195     0.977089372678760     
       58       49863 -0.418382790467521     0.975887492560713     
       59       49874 -0.408743473059450     0.974403728916561     
       60       49956 -0.399439316523319     0.973189929922743     
       61       49781 -0.388967739700290     0.971391551809123     
       62       49734 -0.379375149615641     0.969895985762567     
       63       49643 -0.368830171897012     0.968179714457637     
       64       49731 -0.359128500812008     0.965721309190633     
       65       49812 -0.349494832484213     0.963598396351177     
       66       50023 -0.339611628593636     0.961812876372327     
       67       49628 -0.329718624803089     0.958859480527402     
       68       50055 -0.319947267261934     0.956137502354547     
       69       49361 -0.309460934211831     0.952850355978152     
       70       49625 -0.299858693081084     0.949891082174518     
       71       49448 -0.289731784688275     0.946210004293907     
       72       49727 -0.280607915673156     0.942347730708388     
       73       49903 -0.271084033679154     0.937728621458031     
       74       49612 -0.260742324699565     0.933421476696174     
       75       49852 -0.250716031374258     0.928168607410913     
       76       49616 -0.240398567461334     0.922134387053263     
       77       49754 -0.230976973726794     0.915227044771194     
       78       49558 -0.221220414494616     0.907294999049616     
       79       49405 -0.211039318739799     0.899413065182405     
       80       49839 -0.201463471329159     0.889248003040992     
       81       49875 -0.192160533387482     0.881289449362994     
       82       49721 -0.181685848459606     0.867037243458111     
       83       49589 -0.171787169145886     0.852930790996323     
       84       49389 -0.162384862473477     0.838365560148233     
       85       49612 -0.152125723263045     0.819206109099651     
       86       49745 -0.142171761570678     0.797844452532602     
       87       49702 -0.133015477789899     0.774146373359552     
       88       49357 -0.122789136927898     0.745826035217733     
       89       49979 -0.113431328942526     0.714446590449917     
       90       49479 -0.102700204265454     0.669802379046424     
       91       49473 -9.320276224611465E-002 0.624900040080600     
       92       49689 -8.355465371157982E-002 0.573166467588393     
       93       49708 -7.401923364719533E-002 0.513755369595757     
       94       49577 -6.340826633033861E-002 0.433276659645260     
       95       49678 -5.422546942270841E-002 0.358766333851380     
       96       49322 -4.415167204016188E-002 0.271368173737243     
       97       49943 -3.462226003672180E-002 0.184895881788336     
       98       49632 -2.468302314850881E-002 0.104561431672194     
       99       49494 -1.483709318775382E-002 4.047446019234179E-002
      100       49706 -5.072677117737195E-003 4.733646801430334E-003
      101       49801  5.229445728864283E-003 5.260971575251428E-003
      102       49369  1.483183626006805E-002 4.018723987974116E-002
      103       49648  2.461780035091973E-002 0.103390812161477     
      104       49846  3.418368355719598E-002 0.182214638719549     
      105       49269  4.428466064028275E-002 0.272108107368416     
      106       49498  5.363705416567701E-002 0.354784916937204     
      107       49655  6.364804270152750E-002 0.437063079010888     
      108       49602  7.380628436542759E-002 0.509501896830139     
      109       49667  8.343788215738637E-002 0.569618857110384     
      110       49446  9.308556616249845E-002 0.624547513388987     
      111       49824  0.103370257703756     0.671203981988998     
      112       49995  0.113189252109004     0.708882985113421     
      113       49155  0.122780143517969     0.742960780032907     
      114       49939  0.132227945490161     0.770946066005389     
      115       49717  0.142710465760477     0.797698961010819     
      116       49159  0.151863630152087     0.816419149452735     
      117       50038  0.162047337620457     0.835749882517366     
      118       49660  0.171828878934801     0.851182362767786     
      119       49501  0.181568283288845     0.864913810408616     
      120       49717  0.191799299693639     0.878781305863316     
      121       49651  0.201921825309904     0.888470964347125     
      122       49592  0.211000375524137     0.898576976552711     
      123       49700  0.220878246023438     0.905341720643629     
      124       49502  0.230834813799010     0.913941346288009     
      125       50036  0.240787058537899     0.920312610035554     
      126       49526  0.250883494918337     0.926546536097368     
      127       49778  0.260499184617963     0.931609428968531     
      128       49842  0.270119868908379     0.936950290033928     
      129       49570  0.279992585804382     0.940906774287356     
      130       49245  0.290099278515462     0.945495827868172     
      131       49689  0.299768013838420     0.948708293754833     
      132       49853  0.309632004768191     0.952406405690945     
      133       49816  0.319727658662987     0.955563284338681     
      134       49828  0.329733942975803     0.958278131804878     
      135       49696  0.339227512367694     0.960319289793186     
      136       49767  0.349606299812842     0.963275567889468     
      137       49849  0.359024052474453     0.965077117821075     
      138       49592  0.369058272899537     0.967158800947826     
      139       49950  0.378664478863445     0.969386521555917     
      140       50092  0.388932771597106     0.971029335780348     
      141       49651  0.398761769172664     0.972591945125504     
      142       49559  0.408742732338992     0.974151256804812     
      143       49411  0.418511508668253     0.975506099612925     
      144       50206  0.428264508874330     0.976896837146996     
      145       49886  0.438174398907043     0.978029379547733     
      146       49873  0.448524509526722     0.979417501449335     
      147       49930  0.458296990564324     0.980326194520274     
      148       49813  0.468319303626339     0.981351153922475     
      149       49923  0.477868444603942     0.982373924306293     
      150       49981  0.488069892829713     0.983446068407053     
      151       50058  0.498158288558887     0.984292445368426     
      152       49903  0.508068478201990     0.985024979767689     
      153       49772  0.518000754074440     0.985656243580881     
      154       49667  0.527862957107068     0.986566226917273     
      155       50038  0.537417286404900     0.987195455236033     
      156       50190  0.548134278782346     0.987825992011172     
      157       49985  0.557757613985221     0.988387874700529     
      158       49933  0.568164692618442     0.989074099587210     
      159       50172  0.577766512703697     0.989609341203974     
      160       50018  0.587791813647427     0.990011002215310     
      161       49995  0.597876782245920     0.990719961852302     
      162       49932  0.608014080952811     0.991078036463359     
      163       50118  0.617870554137104     0.991539271383412     
      164       49989  0.627786958765808     0.992018165031992     
      165       50148  0.637933085118181     0.992376618559309     
      166       50278  0.648193790134620     0.992842882247687     
      167       49804  0.658074224356932     0.993185878940739     
      168       50294  0.668013692204003     0.993532638283703     
      169       50205  0.678425784482347     0.993905877467671     
      170       50216  0.688240449415885     0.994210115625031     
      171       50180  0.698290646154286     0.994538171389703     
      172       50247  0.708549715460611     0.994858702541783     
      173       50127  0.718644237729119     0.995137525819897     
      174       50452  0.728502440058672     0.995372260940211     
      175       50252  0.738946543961501     0.995710372383461     
      176       50222  0.748989954668808     0.995922257457654     
      177       50259  0.759042389227211     0.996189031505273     
      178       50202  0.769184651867654     0.996413979605045     
      179       50403  0.779433884631468     0.996619531793239     
      180       50470  0.789564254906479     0.996873900758157     
      181       50420  0.799669871700414     0.997077253438946     
      182       50304  0.809879754572567     0.997276846503378     
      183       50407  0.820050333599043     0.997463114904762     
      184       50606  0.830349410249094     0.997650660435610     
      185       50294  0.840515094442398     0.997849327217618     
      186       50539  0.850704028482411     0.998015715942507     
      187       50378  0.860898770682349     0.998180224829366     
      188       50668  0.871205236291586     0.998336558198405     
      189       50437  0.881478553621615     0.998499850030429     
      190       50526  0.891625791775079     0.998656728099720     
      191       50673  0.901885717001660     0.998795813520604     
      192       50557  0.912234121298361     0.998942679262740     
      193       50545  0.922494968528059     0.999079318264280     
      194       50692  0.932788806701108     0.999209930876740     
      195       50740  0.943103254822741     0.999344688588175     
      196       50756  0.953447935383401     0.999468066442141     
      197       50567  0.963775497886433     0.999590370880423     
      198       50834  0.974093697165435     0.999707928267490     
      199       50695  0.984458137066977     0.999824807502601     
      200       50807  0.994812253158868     0.999935667875938     
