       1       55623 -0.993566292422445     0.999548975841414     
       2       55707 -0.980782939202387     0.998645362849569     
       3       55376 -0.968021341366564     0.997694274054420     
       4       55001 -0.955511241135747     0.996735204256886     
       5       55177 -0.943068953510918     0.995709090252860     
       6       54698 -0.930576531190675     0.994722582112460     
       7       54260 -0.918568925229533     0.993671140752125     
       8       54355 -0.906365146033446     0.992542964621171     
       9       54094 -0.894542467588610     0.991454554315499     
      10       54031 -0.882362624471011     0.990312556690384     
      11       53734 -0.870511543000838     0.989105037908480     
      12       53800 -0.858933885023496     0.987871015057340     
      13       53649 -0.847375464757677     0.986566077743249     
      14       53419 -0.835427267097264     0.985124406464015     
      15       53225 -0.824112015106366     0.983834735634313     
      16       52619 -0.812898751741615     0.982449031933566     
      17       53186 -0.801246504901847     0.981115525869186     
      18       52429 -0.790103911910113     0.979469173351828     
      19       52696 -0.779077617189686     0.977760437388570     
      20       52875 -0.767547985639902     0.976366457069890     
      21       52229 -0.756964556580636     0.974474255704097     
      22       51914 -0.746411489169025     0.973064619092213     
      23       52184 -0.735083127739496     0.971163097333028     
      24       52162 -0.724845332685450     0.969706606954276     
      25       51652 -0.713685859520058     0.967667799542648     
      26       51332 -0.702413495749811     0.965236386938868     
      27       51323 -0.692128788249179     0.963257067054090     
      28       51366 -0.682318419475857     0.961449513095181     
      29       51370 -0.671553069327784     0.959909761289534     
      30       51239 -0.660638269746565     0.957044837950201     
      31       51017 -0.650607709004945     0.954594724821444     
      32       50530 -0.639776017272673     0.951960943628865     
      33       50509 -0.628851578403181     0.949035863481459     
      34       50674 -0.619736321345305     0.947008706571501     
      35       50468 -0.609415700701412     0.944174847520267     
      36       50603 -0.599614280246792     0.941776391968210     
      37       50382 -0.589038528710527     0.938266729683718     
      38       50333 -0.579296542369286     0.935410165626138     
      39       50394 -0.568543464061559     0.931823382701264     
      40       50403 -0.558266299691080     0.928432758522055     
      41       50205 -0.548353193050640     0.925187152338886     
      42       50182 -0.537871667186388     0.920727018888206     
      43       50089 -0.528212424733242     0.916815371767798     
      44       49823 -0.518267605107374     0.912425080604402     
      45       49835 -0.508356805933501     0.908246340991958     
      46       49651 -0.499172665475868     0.905075544866399     
      47       49555 -0.489447568966949     0.900449389667883     
      48       49377 -0.480813372967417     0.896358262722117     
      49       49516 -0.469863379747466     0.890415568603172     
      50       49028 -0.460229610202612     0.884925096210531     
      51       49446 -0.450466425906570     0.879736540175053     
      52       48964 -0.442130101822680     0.875313012569766     
      53       49043 -0.432248769430450     0.868345365334511     
      54       49019 -0.422560162754190     0.862388786016552     
      55       48918 -0.412230772769747     0.854939613379199     
      56       49239 -0.402551126928280     0.848941877264630     
      57       49046 -0.392354068652688     0.839620338919086     
      58       48818 -0.384468496654885     0.833738684140999     
      59       48648 -0.375050703115171     0.825243148523433     
      60       48627 -0.365445346181155     0.817091213105460     
      61       48414 -0.356416258924147     0.807886666037494     
      62       48324 -0.345820842288401     0.797061946440109     
      63       48007 -0.336532295213000     0.788572232043376     
      64       48222 -0.328456927453959     0.779629574680296     
      65       48526 -0.319979691681437     0.769662199127672     
      66       48139 -0.310028982474681     0.755660785531168     
      67       47984 -0.300603779514361     0.742426589025968     
      68       48121 -0.292829691686077     0.731389949554005     
      69       47907 -0.283215254528554     0.716868517539372     
      70       48117 -0.273603903215077     0.702413564067623     
      71       48004 -0.266182421035375     0.691266702789239     
      72       47916 -0.256207143514527     0.672429388615531     
      73       47972 -0.246922282642697     0.654540516646481     
      74       47699 -0.237975663607623     0.637445931760690     
      75       47582 -0.228815430989651     0.617822954498221     
      76       47649 -0.220996903908331     0.600898357794234     
      77       47788 -0.210273358204034     0.575464204795403     
      78       47899 -0.201817354007076     0.555806429285445     
      79       47854 -0.191421909450211     0.527663656974619     
      80       47869 -0.184368163564144     0.508198613207295     
      81       47715 -0.174514179570247     0.481642170212175     
      82       47465 -0.165898735993645     0.453286047754159     
      83       47648 -0.156359209599990     0.426004105015461     
      84       47614 -0.147934675229473     0.400287110036809     
      85       47305 -0.140185638276042     0.368497260444875     
      86       47562 -0.129820197179487     0.333530803029554     
      87       47319 -0.120485621438026     0.302617740201799     
      88       47431 -0.112085128458836     0.272293049963028     
      89       47406 -0.102975826177428     0.243007689024290     
      90       47454 -9.378396794037243E-002 0.207545262126035     
      91       47602 -8.490338777272227E-002 0.177313507812609     
      92       47713 -7.614413062281664E-002 0.146635175182052     
      93       47453 -6.741800349859087E-002 0.119565131713394     
      94       47466 -5.918132566700661E-002 9.464246472108818E-002
      95       47642 -4.959008761716795E-002 6.891544209969647E-002
      96       47396 -3.975535612761587E-002 4.457705317101513E-002
      97       47693 -3.344469555296900E-002 3.273245114607852E-002
      98       47453 -2.245961369518489E-002 1.500567509507680E-002
      99       47806 -1.329483495287815E-002 5.377883525592393E-003
     100       47747 -4.543621379236558E-003 6.309929106303836E-004
     101       47830  4.618234168702951E-003 5.705328236119790E-004
     102       47863  1.291083012964247E-002 4.668273835659843E-003
     103       47885  2.385443126922725E-002 1.639438213301607E-002
     104       47532  3.114258646442289E-002 2.758023350826878E-002
     105       47460  4.057722318540939E-002 4.603642142105083E-002
     106       47676  4.994218743402077E-002 6.846726001280570E-002
     107       47436  5.831738708648180E-002 9.142224198115401E-002
     108       47188  6.736616150901607E-002 0.118424600342456     
     109       47701  7.624154611391319E-002 0.146718776515330     
     110       47101  8.420563023963275E-002 0.174175306153169     
     111       47285  9.395963755499975E-002 0.205417586920023     
     112       47751  0.102755818683783     0.235883861425031     
     113       47332  0.109664287138997     0.261730768568460     
     114       47307  0.119130660664837     0.294107830954955     
     115       47581  0.127305917366897     0.326591678977691     
     116       47809  0.137693534393085     0.360959602808441     
     117       47668  0.145428293199371     0.386653051155648     
     118       47953  0.156231249600144     0.421961680789890     
     119       47805  0.163889863289937     0.447651648328510     
     120       47670  0.173145116248852     0.476700164283301     
     121       47644  0.183079141626694     0.506281949538063     
     122       47579  0.191195974202722     0.526467030997960     
     123       47658  0.201154664859266     0.554451495166963     
     124       48096  0.209255856383836     0.573952695397128     
     125       47612  0.218106118689549     0.593344795035773     
     126       47348  0.228435593372409     0.618154483756416     
     127       47707  0.238614372965340     0.638780058298767     
     128       47839  0.246881199739856     0.657025238460990     
     129       47913  0.256889963553461     0.674657158733400     
     130       48134  0.265862983211552     0.689793472296218     
     131       47790  0.274964479683097     0.708731581084561     
     132       48130  0.283474144017474     0.719372143865297     
     133       47985  0.291191276786105     0.730727918484013     
     134       48357  0.300741150199432     0.746956235525204     
     135       48618  0.312329996739601     0.760553724611150     
     136       48206  0.319872008641559     0.770896397008247     
     137       48459  0.328612017031325     0.782990516913053     
     138       48582  0.338524535503273     0.791549510462250     
     139       48550  0.347735035074227     0.799892572306784     
     140       48652  0.357843017984418     0.810683031999391     
     141       48802  0.366845696194423     0.821053785859735     
     142       48773  0.377132100360573     0.829497211226082     
     143       48694  0.385074290493300     0.834736095316254     
     144       48906  0.395088832986165     0.841593077970134     
     145       48951  0.404203257631415     0.849608836119867     
     146       48875  0.413223350672719     0.856759640425397     
     147       49023  0.423780332770301     0.863961292529250     
     148       48915  0.431776701799770     0.870105265037599     
     149       49189  0.440514079362144     0.875161707513792     
     150       49125  0.451453362688340     0.880536402793976     
     151       49635  0.461011449004339     0.885846989918954     
     152       49655  0.470363618183275     0.891065917879108     
     153       49418  0.480537987869251     0.896212240387784     
     154       49351  0.490127176169207     0.901512150096510     
     155       49736  0.499650220026947     0.905283906758968     
     156       49961  0.509156048375623     0.910138064173547     
     157       49737  0.519477863663409     0.914626186865119     
     158       49596  0.529157020626812     0.918481067344895     
     159       50027  0.539333718876303     0.921845213895591     
     160       49887  0.548744926642690     0.925020434787426     
     161       50193  0.558526534778001     0.928607983317812     
     162       49761  0.569236801557029     0.932133653905514     
     163       50375  0.579526068479655     0.936141919512820     
     164       50575  0.589668956400405     0.938648395850721     
     165       50529  0.598864528134391     0.941183263731955     
     166       50581  0.609795593821934     0.944011504748997     
     167       50635  0.620425321552752     0.946876137670571     
     168       50956  0.629571797127838     0.948744905773782     
     169       51068  0.640297478246088     0.951828685398012     
     170       51310  0.650949270130986     0.953991688363390     
     171       51350  0.660729525866524     0.956125583990593     
     172       51301  0.671736944667315     0.958721974668151     
     173       51299  0.682010585312500     0.960974545057990     
     174       51759  0.692803131184529     0.963226329549753     
     175       51328  0.703373155834502     0.965338936766708     
     176       51666  0.713589388654650     0.966960127285674     
     177       51773  0.725206704624279     0.969234493951701     
     178       51568  0.735167193816127     0.970741691337135     
     179       52021  0.746384640834812     0.972561599304187     
     180       52516  0.757441402874924     0.974443047307725     
     181       52506  0.768716214634921     0.976050663413544     
     182       52625  0.779249203524923     0.977554670920130     
     183       52823  0.790664181054186     0.979069719045253     
     184       53000  0.801735076448976     0.980532249380055     
     185       52942  0.813920904307734     0.982198284530789     
     186       52786  0.824696807858991     0.983647874854277     
     187       53131  0.835994578118666     0.984989756240286     
     188       53426  0.847928049952094     0.986325408732581     
     189       53817  0.859158910051381     0.987682664242794     
     190       53759  0.870743255286160     0.988794338801937     
     191       54102  0.882612213872093     0.990147783903838     
     192       53938  0.894576566679652     0.991226868914374     
     193       53969  0.906344010186369     0.992423067996126     
     194       54405  0.918697034542247     0.993606450712349     
     195       54866  0.930824627570117     0.994664499548028     
     196       54860  0.943060879993294     0.995729948749188     
     197       54976  0.955466140246115     0.996735544944375     
     198       55356  0.968062852319688     0.997712186574651     
     199       55566  0.980738524892408     0.998649618436129     
     200       55684  0.993558379116631     0.999551785208363     
