        1       50961 -0.994770566239872 0.999922404170154
        2       50837 -0.984329838824832 0.999782351113524
        3       50989 -0.973897148779231 0.999638907564688
        4       50924 -0.963459188813119 0.999489796849806
        5       50802 -0.953046183777517 0.999339524391351
        6       50866 -0.942675775138891 0.999179960569488
        7       50738 -0.932273364483595 0.999018049818348
        8       50928 -0.921838131474570 0.998850359824311
        9       50612 -0.911560429723975 0.998669665306428
       10       50743 -0.901199775304132 0.998494710709236
       11       50701 -0.890853572052162 0.998309710231441
       12       50694 -0.880556207044067 0.998126511028381
       13       50617 -0.870200531106028 0.997902845304986
       14       50397 -0.860007259640032 0.997703121105359
       15       50877 -0.849730861530274 0.997477087849261
       16       50387 -0.839383455071769 0.997262471460096
       17       50468 -0.829138175051404 0.997041099712466
       18       50561 -0.818953322379110 0.996790767480251
       19       50676 -0.808770307402412 0.996527506416837
       20       50424 -0.798357323188109 0.996324496637991
       21       50446 -0.788282224766453 0.996007219462873
       22       50409 -0.778006910856296 0.995770644607350
       23       50443 -0.767776279305229 0.995421266247777
       24       50196 -0.757703216777567 0.995143705235641
       25       50423 -0.747603804385746 0.994859266137002
       26       50225 -0.737348875317763 0.994485489469075
       27       50313 -0.727553730889445 0.994151592947367
       28       50204 -0.716892097077619 0.993820906550206
       29       50212 -0.707082496598469 0.993474341938028
       30       50391 -0.696828603732587 0.993104721445315
       31       50077 -0.686715799068766 0.992673134285212
       32       50300 -0.676960584888891 0.992251426489910
       33       50209 -0.666624646552522 0.991878771663555
       34       50204 -0.656435088187525 0.991351173729875
       35       49870 -0.646666725873814 0.990874017610018
       36       50382 -0.636488564716699 0.990477938777909
       37       49853 -0.626303360792937 0.990000593646164
       38       50388 -0.615957464477388 0.989274925692641
       39       49941 -0.606449279565254 0.988870663833044
       40       49951 -0.596183540043167 0.988218838342119
       41       50040 -0.586308775909052 0.987623983633845
       42       49777 -0.576443454452106 0.986998441234692
       43       50406 -0.566067248643384 0.986191705845393
       44       49830 -0.556358244883263 0.985595924757594
       45       49859 -0.546627009798181 0.984775155743440
       46       50143 -0.536224931561589 0.984045177577201
       47       49897 -0.526252584074047 0.983126693166604
       48       49728 -0.516647647148199 0.982380880425019
       49       49738 -0.506309179256924 0.981410358020423
       50       49964 -0.496333081280098 0.980327818605827
       51       50194 -0.486574352661895 0.979295733500635
       52       49643 -0.476679740871443 0.978131285633004
       53       49870 -0.466819092380725 0.977083840591485
       54       49778 -0.456846830553505 0.975844252473468
       55       49793 -0.446933337403150 0.974720205511720
       56       49797 -0.436971522410730 0.972953798341834
       57       49612 -0.427388851954398 0.971869360138675
       58       49870 -0.416826575695083 0.969959792364203
       59       49880 -0.407579523961639 0.968029256500102
       60       50015 -0.397401529747150 0.966572974573391
       61       49802 -0.387027577255422 0.964213543963482
       62       49474 -0.377755034759780 0.962418247911111
       63       49539 -0.368185815927977 0.960433436430719
       64       49640 -0.357475743708896 0.957887845665331
       65       49712 -0.348018135381150 0.954604146161590
       66       49836 -0.338101884075060 0.952329531148630
       67       49611 -0.328373404176359 0.948465648372588
       68       49777 -0.318955645389753 0.946234094144910
       69       49549 -0.308410384206396 0.941948042913233
       70       49804 -0.298455388146079 0.937378279780265
       71       49772 -0.289311651682913 0.934249544662456
       72       49577 -0.279179273231278 0.928376965412817
       73       49327 -0.268968127411749 0.923394628789772
       74       49782 -0.259456377040415 0.917742225786311
       75       49593 -0.249513288063059 0.911176528696834
       76       49465 -0.239997415187455 0.903512231440844
       77       49792 -0.230375697085613 0.895773007968912
       78       49792 -0.220362301177461 0.888037402876999
       79       49466 -0.209887309825508 0.876776670803652
       80       49724 -0.200391153616462 0.866090207727042
       81       49498 -0.190883148253130 0.854742805149656
       82       49535 -0.180872427674402 0.839097149250634
       83       49192 -0.171342817284713 0.823359741463586
       84       49697 -0.161588437039380 0.804927504387244
       85       49430 -0.151543984355291 0.784093317607610
       86       49568 -0.142000851215902 0.759882578489755
       87       49652 -0.132232241463778 0.732726198514047
       88       49387 -0.122124027048292 0.701365154791700
       89       49622 -0.112129143742839 0.661931743801508
       90       49309 -0.102676296452707 0.621169213941344
       91       49810 -9.291773585672024E-002 0.573770683027913
       92       49655 -8.288625453371658E-002 0.516616908548852
       93       49201 -7.360312203887562E-002 0.455941558592085
       94       49471 -6.320644410641801E-002 0.379707615753712
       95       49710 -5.411767255721036E-002 0.308354338181773
       96       49600 -4.377640277280204E-002 0.228347952481984
       97       49588 -3.432781645609355E-002 0.153390574952872
       98       49314 -2.440767925059948E-002 8.454781690375207E-002
       99       49519 -1.490121707807792E-002 3.265471063537590E-002
      100       49318 -4.618108836035682E-003 3.206429893910730E-003
      101       49539  4.465475165456112E-003 3.138621787507394E-003
      102       49497  1.441951267899612E-002 3.117805269766176E-002
      103       49819  2.466632376372803E-002 8.562959520953135E-002
      104       49394  3.421543701671712E-002 0.151904254540076
      105       49733  4.409255553426276E-002 0.229140582759737
      106       49552  5.348628346858314E-002 0.306153952103443
      107       49512  6.410130950433017E-002 0.390833132647313
      108       49243  7.360437084966395E-002 0.456205931578975
      109       49756  8.268748346771941E-002 0.512769393133171
      110       49543  9.277164414990102E-002 0.570041492531288
      111       49659  0.102993050382673 0.621103947630375
      112       49514  0.112396023539154 0.661303892851750
      113       49357  0.122209254587763 0.698387144181211
      114       49488  0.131685427960007 0.730493258520498
      115       49337  0.141654121847274 0.758498239292408
      116       49602  0.151659484489765 0.781802031542943
      117       49483  0.162051723144931 0.803915828504456
      118       49648  0.170901499256601 0.821678402729619
      119       49576  0.180740933533186 0.838071671431471
      120       49729  0.191102048728736 0.852554941567227
      121       49725  0.200502354467533 0.864557170420533
      122       49361  0.210493068080362 0.876568100009655
      123       49712  0.219878684813746 0.885666721335101
      124       49524  0.230307996688016 0.894750864633509
      125       49639  0.239884575149843 0.902625572493837
      126       49498  0.249538815309048 0.910382692583964
      127       49670  0.259280523669146 0.916429419411447
      128       49894  0.269460758905830 0.921922364837249
      129       49540  0.279174030012680 0.927410737322103
      130       49708  0.288901465234394 0.933036533891777
      131       49779  0.298555417667673 0.936771555771875
      132       49437  0.309102699650282 0.941456716268247
      133       49430  0.318250412330806 0.944454750049038
      134       49643  0.328389726477553 0.948478108719518
      135       49800  0.338204633041350 0.951431347247169
      136       49576  0.347961336429990 0.954729979142055
      137       49949  0.357351391083593 0.956951231466200
      138       49536  0.367747230803308 0.959559450909786
      139       49690  0.377776663299903 0.962147659695436
      140       49756  0.387097754635492 0.963667697711861
      141       49551  0.397572273526476 0.966146962565661
      142       50037  0.407108293393844 0.967862202716906
      143       49648  0.416822635808919 0.969734007907743
      144       49892  0.427346054099155 0.971323763366693
      145       49754  0.437294870465027 0.972851512479173
      146       49771  0.446721601841995 0.974227226754712
      147       49959  0.456829553000957 0.975637966865270
      148       49943  0.466661412781518 0.976927085417356
      149       49933  0.476238995500049 0.977839489004636
      150       49862  0.486373428313251 0.979231309525737
      151       49624  0.496455653542870 0.980355518933173
      152       49721  0.506675743238119 0.981236503453705
      153       49813  0.515741285784072 0.982235196709589
      154       50121  0.526293675875107 0.983119970933182
      155       50167  0.536192308820863 0.983958892439276
      156       49968  0.546398999864841 0.984747428156446
      157       49877  0.556220929570002 0.985688509394458
      158       50261  0.566524929032666 0.986224921430382
      159       49794  0.576078014020224 0.986990351038339
      160       50092  0.586191436955000 0.987617825905637
      161       49934  0.596133042811127 0.988214973918241
      162       49969  0.606229144681025 0.988836827457290
      163       50061  0.616117568862910 0.989474742994978
      164       49976  0.626309309841592 0.989961414192415
      165       50399  0.636252589522597 0.990449900390436
      166       50052  0.646685967317842 0.990914675582322
      167       50106  0.656475922934144 0.991424313748480
      168       50348  0.666562996341692 0.991903906674576
      169       50161  0.676425392350972 0.992352935241768
      170       50175  0.686612430397164 0.992698461229526
      171       50018  0.696773548325038 0.993225604630295
      172       50304  0.706859367692142 0.993518457557162
      173       50541  0.717082943121599 0.993854345159813
      174       50083  0.727218578168818 0.994264478081985
      175       50413  0.737419359467841 0.994584280606006
      176       50352  0.747445270204484 0.994883035696387
      177       50399  0.757783311955635 0.995205737452123
      178       50524  0.767800293009938 0.995496102177409
      179       50151  0.777916363143864 0.995770768473290
      180       50467  0.788138318723074 0.996087554961992
      181       50403  0.798338036580432 0.996316291816822
      182       50653  0.808752599630318 0.996606437430734
      183       50562  0.819014901793893 0.996813096841343
      184       50467  0.829019862657069 0.997066018311544
      185       50664  0.839449686076658 0.997267719390961
      186       50534  0.849640119776222 0.997530482662443
      187       50660  0.859915275217738 0.997719640190714
      188       50519  0.870223092630099 0.997914921409513
      189       50772  0.880541935907339 0.998125143811454
      190       50581  0.890814859665304 0.998318895338168
      191       50898  0.901251792455334 0.998503127617489
      192       50502  0.911506468026819 0.998674477762978
      193       50988  0.921912218056132 0.998854412278702
      194       50709  0.932234252420024 0.999016970155976
      195       50724  0.942620953914323 0.999177986553133
      196       51009  0.953032640934437 0.999337080064534
      197       50878  0.963466260590499 0.999489659402709
      198       50788  0.973866158983849 0.999637543130228
      199       51062  0.984305874338304 0.999782225777140
      200       50974  0.994768877347959 0.999921534836751
