     1       55184 -0.993680244562280     0.999587515374243     
     2       55157 -0.981127684832491     0.998763049571411     
     3       54983 -0.968574249841068     0.997885819691496     
     4       54944 -0.956324534857852     0.997010403977383     
     5       54892 -0.943770048614419     0.996081586071032     
     6       53915 -0.931843344778504     0.995175590539860     
     7       53743 -0.919732418302248     0.994170368096380     
     8       54300 -0.907845952519398     0.993194276554799     
     9       54001 -0.895788434692812     0.992042151913575     
    10       53716 -0.884183134091860     0.991147986777481     
    11       53721 -0.872702889569210     0.990080329099984     
    12       53941 -0.860577764575053     0.988690574501808     
    13       53084 -0.848927993686408     0.987504900859021     
    14       52926 -0.837998052431485     0.986529840606474     
    15       53015 -0.826346551571749     0.985238910295981     
    16       52835 -0.814868764903184     0.983782063098076     
    17       52723 -0.803896416214617     0.982549239937302     
    18       52696 -0.792534840753409     0.981085302334199     
    19       52442 -0.781547740749647     0.979655355426897     
    20       52157 -0.770736629822092     0.978257467689410     
    21       51875 -0.759325816572589     0.976483326138204     
    22       52284 -0.748087042462295     0.974859624696111     
    23       52062 -0.738215607166420     0.973757092798923     
    24       51750 -0.726823587163514     0.971968090922192     
    25       51928 -0.716275592125168     0.969895733263796     
    26       51314 -0.705769019565486     0.967881919746106     
    27       51528 -0.695153012524927     0.965782700031141     
    28       51266 -0.684437941295192     0.964408152015057     
    29       51345 -0.673510303582412     0.961893187287269     
    30       50804 -0.663129712986464     0.960218821085655     
    31       50872 -0.652653627468544     0.957505558760879     
    32       51007 -0.642683981324878     0.955948557606777     
    33       50964 -0.632462434602494     0.953148278673685     
    34       50655 -0.622445279970317     0.950753722442400     
    35       50988 -0.612244706945033     0.948174083640099     
    36       50282 -0.601813685363344     0.945419649350598     
    37       50357 -0.591027429289610     0.942215038201511     
    38       50384 -0.581644786479026     0.939881641399690     
    39       50354 -0.571759489082051     0.937376150467882     
    40       50217 -0.561953719673873     0.934325445095390     
    41       49663 -0.551573851941708     0.930459532811074     
    42       49752 -0.541880387525393     0.926891946623870     
    43       50047 -0.531837051635162     0.923100850259320     
    44       49271 -0.521876447249649     0.920584360498649     
    45       49682 -0.510355103569627     0.915329958837170     
    46       49974 -0.503127598898026     0.912505769470466     
    47       49579 -0.492113310457020     0.907244021545153     
    48       49783 -0.483262873654209     0.903938109329436     
    49       49091 -0.473422589085148     0.898539702968683     
    50       48886 -0.462855895244389     0.893479441011772     
    51       49400 -0.454246354675648     0.888451668166458     
    52       49365 -0.444281120496175     0.883524931364341     
    53       49063 -0.434672395074357     0.877087798542905     
    54       49063 -0.424101531770767     0.871168956083798     
    55       48879 -0.416521946447707     0.865995345546799     
    56       48769 -0.405692639148278     0.860000775374701     
    57       49093 -0.396599624380804     0.851709846602241     
    58       48708 -0.387320632967098     0.844740331594816     
    59       48984 -0.377275090022134     0.837484797779825     
    60       48711 -0.368813417692664     0.830520610370320     
    61       48581 -0.359191757269088     0.820332797703879     
    62       48585 -0.349490429138610     0.811973268103955     
    63       48494 -0.339220557830168     0.801991819726035     
    64       48264 -0.332000425550449     0.792845780325407     
    65       48417 -0.321065333341638     0.780611277003709     
    66       48472 -0.311499343474577     0.771715086425765     
    67       48060 -0.303782078418156     0.759771636192006     
    68       48357 -0.295023452698573     0.751311519561178     
    69       48395 -0.285031501711128     0.733434864192386     
    70       48159 -0.275096246723063     0.717005895971142     
    71       48519 -0.266574953793258     0.703011759976018     
    72       48269 -0.257251056338957     0.688447976914940     
    73       47967 -0.248093672002230     0.670325514355280     
    74       48152 -0.238381283436900     0.652541062081141     
    75       47970 -0.230007794128570     0.634314724172355     
    76       47864 -0.221922474828886     0.619224199610323     
    77       48000 -0.211075936170093     0.594787342635937     
    78       48098 -0.202306655966039     0.573424572720694     
    79       48027 -0.193671663561057     0.550470196630771     
    80       47646 -0.183142493615428     0.522059860571752     
    81       47764 -0.175691372480787     0.500344164801588     
    82       47836 -0.166869046969538     0.474015636433309     
    83       47811 -0.156192134731971     0.439777065176317     
    84       47843 -0.148056425070470     0.412937989569727     
    85       47706 -0.139601718802329     0.385479987752699     
    86       47493 -0.131134401446458     0.353349704488194     
    87       47764 -0.119104736648769     0.312046738502528     
    88       47683 -0.112231394657486     0.287699643301738     
    89       47553 -0.103117934886479     0.254205665700229     
    90       47812 -9.465097249948275E-002 0.221779039873493     
    91       47602 -8.539894202588189E-002 0.187701821059893     
    92       47949 -7.627532670613758E-002 0.154749194531309     
    93       47703 -6.765600151855086E-002 0.126226837703370     
    94       47715 -5.764037554502748E-002 9.471073761519930E-002
    95       47563 -4.983717405841764E-002 7.352436498890792E-002
    96       47837 -4.097533336358326E-002 5.145860930732137E-002
    97       47208 -3.157977010849370E-002 3.037680821768227E-002
    98       47566 -2.329373560524285E-002 1.726997598347092E-002
    99       47594 -1.303771337672156E-002 5.403708906455170E-003
   100       47627 -3.985087594848401E-003 5.551355664979499E-004
   101       47535  4.410864656927457E-003 5.767916744445861E-004
   102       47513  1.199753985443704E-002 4.231223229610597E-003
   103       47809  2.202332747790766E-002 1.468647144165791E-002
   104       47252  3.193800396413847E-002 3.106086011271644E-002
   105       47627  4.145849240041079E-002 5.033127938816938E-002
   106       47450  4.982329361457346E-002 7.295910101741114E-002
   107       47726  5.777940538821631E-002 9.533768763169803E-002
   108       47731  6.672794196222888E-002 0.122399846219782     
   109       47720  7.679180802285211E-002 0.154817978330242     
   110       47639  8.455063718992387E-002 0.181925537660074     
   111       47741  9.278312682298125E-002 0.211440775271140     
   112       47319  0.102703134091611     0.247466892973929     
   113       48159  0.111599852570729     0.283743470749095     
   114       47750  0.120709037419595     0.316409003881109     
   115       47757  0.130612197120101     0.354645264467079     
   116       48034  0.138860329033637     0.381587426956780     
   117       47898  0.148486636553119     0.412757470639472     
   118       47897  0.157718911312321     0.444016543082772     
   119       47877  0.166624002670297     0.474917522126767     
   120       47731  0.174883061021859     0.497334348883929     
   121       47751  0.184910602757359     0.524000810244809     
   122       47955  0.192912343872613     0.545453312119228     
   123       48091  0.201547208063061     0.568682073549412     
   124       48145  0.211408106850645     0.596307714768636     
   125       47880  0.221038447224981     0.615341828636217     
   126       47771  0.230464901836971     0.636592799475989     
   127       47889  0.239037659947533     0.656031484976501     
   128       48616  0.248202932591397     0.672368695991041     
   129       47894  0.257832278612392     0.688698046800291     
   130       48449  0.265665243365633     0.706151984508139     
   131       47997  0.275571861457222     0.721245613884947     
   132       48266  0.283985802521153     0.731341821687623     
   133       48278  0.295241003922376     0.748170330561984     
   134       48387  0.303699402033815     0.761188835823226     
   135       48406  0.313171276997416     0.771567652776518     
   136       48283  0.320964580614569     0.781328161090910     
   137       48463  0.331300275758424     0.794414993050432     
   138       48832  0.340418502345422     0.804191811593788     
   139       48527  0.348800268463392     0.810310444622543     
   140       48626  0.359253365156609     0.822459303063918     
   141       48481  0.368061960654716     0.830344855035485     
   142       48768  0.377983789500317     0.838198683032797     
   143       48806  0.386415831806356     0.845334722552713     
   144       48884  0.397871147769277     0.854807578656476     
   145       48712  0.405782351893720     0.860483331089803     
   146       49187  0.415581801639096     0.865730438543985     
   147       49365  0.425665754425181     0.873886739859889     
   148       49104  0.434905812095992     0.878459531815489     
   149       49309  0.445130820775023     0.884565975858380     
   150       49324  0.454676013726460     0.889996287659142     
   151       49496  0.463797650363927     0.893690290200019     
   152       49246  0.472744737044197     0.899010237115575     
   153       49380  0.482781524495243     0.904748297454356     
   154       49480  0.493575103326790     0.909061487386576     
   155       49729  0.502490449607568     0.912926240899942     
   156       49335  0.512302250182287     0.916399727008349     
   157       49632  0.521894428071940     0.920474888680110     
   158       50076  0.531831763543433     0.924594892992377     
   159       50151  0.542089322783837     0.927408099703616     
   160       50185  0.552000804170893     0.931312527906302     
   161       50057  0.562277013678207     0.934695901097837     
   162       50151  0.572747990614114     0.936684078650594     
   163       50381  0.582393695707862     0.939992719835768     
   164       49816  0.591840070449465     0.943489162988484     
   165       50686  0.602146811834453     0.945792214314551     
   166       50659  0.612458430122052     0.948421579653635     
   167       50621  0.623659574609889     0.951005191473549     
   168       50649  0.633044553250952     0.952911026669117     
   169       50909  0.643357372915752     0.954984045124065     
   170       51030  0.653172851568514     0.957878117286501     
   171       51250  0.663558134379223     0.959760423993331     
   172       51496  0.674534554737907     0.962171714616231     
   173       50937  0.684406112222149     0.963885307182765     
   174       51357  0.695442031942706     0.965929581150971     
   175       51428  0.706278073517284     0.967810220294351     
   176       51716  0.716540324813596     0.969466064335852     
   177       51868  0.727815873267433     0.971409801562727     
   178       52122  0.738366750783070     0.973245345513227     
   179       51938  0.749347850109034     0.974476272601593     
   180       51970  0.760247428886007     0.976644818417854     
   181       52467  0.771149518018755     0.977743799329377     
   182       52494  0.781649066967440     0.979283264443180     
   183       52301  0.792743032894690     0.980712968370197     
   184       52657  0.803554045266052     0.982038638541714     
   185       52800  0.815502721213152     0.983636222623166     
   186       52734  0.826814303544633     0.984896227602824     
   187       52572  0.837936055702610     0.986162127168747     
   188       53434  0.849240815204432     0.987424294992194     
   189       53804  0.861217706915765     0.988543203755076     
   190       53778  0.872669272800038     0.989748022955580     
   191       53519  0.884260622896056     0.990912659943870     
   192       53860  0.896275213953554     0.992023619615002     
   193       53946  0.907818540561267     0.993072048759074     
   194       54054  0.919722756097049     0.994048321888002     
   195       54193  0.931800978329466     0.995135388968200     
   196       54914  0.943950382816937     0.996050922222875     
   197       54482  0.956307408354208     0.997001779482456     
   198       55028  0.968638649724229     0.997904492572384     
   199       55009  0.981100108295622     0.998751998455187     
   200       55291  0.993667211430166     0.999585894871080     
