       1       51582 -0.994618187767816     0.999874841083315     
       2       51638 -0.983852360680443     0.999636840074093     
       3       51448 -0.973121966162302     0.999397251439619     
       4       51528 -0.962409259903406     0.999144529658580     
       5       51211 -0.951742158674244     0.998888710544144     
       6       51947 -0.941041875899101     0.998617856122017     
       7       51071 -0.930379274685050     0.998336835074364     
       8       51145 -0.919681155385858     0.998077368451994     
       9       51392 -0.909258927768200     0.997752318703891     
      10       51187 -0.898662805780471     0.997459439398221     
      11       51011 -0.888025485671840     0.997170575840913     
      12       51219 -0.877515310463806     0.996807960996035     
      13       51244 -0.867175633177636     0.996498885092094     
      14       50864 -0.856523204298128     0.996149950643287     
      15       50773 -0.846137465459861     0.995800541937224     
      16       50989 -0.835484370726063     0.995396638538276     
      17       51024 -0.825341075019995     0.995080005044726     
      18       50767 -0.814694770718397     0.994556939401530     
      19       50783 -0.804430250746073     0.994205098831250     
      20       50615 -0.794267817976614     0.993767694936550     
      21       51443 -0.783858066564961     0.993352929631732     
      22       50159 -0.773385590393038     0.992834838354985     
      23       50721 -0.762904784437007     0.992375131018677     
      24       51080 -0.752915490174089     0.991866141162114     
      25       49989 -0.742660291603843     0.991357960314404     
      26       50669 -0.731854708131888     0.990751607267093     
      27       50543 -0.722281223451829     0.990250151211913     
      28       50647 -0.711655353103261     0.989601564509267     
      29       50042 -0.701332266432341     0.989086122538777     
      30       50538 -0.691757434987601     0.988417687480961     
      31       50680 -0.681516297756990     0.987668105394758     
      32       50162 -0.671076487585301     0.986930523047910     
      33       50190 -0.660876997759345     0.986367386792083     
      34       50218 -0.651192722795806     0.985548722821081     
      35       50288 -0.640440429689923     0.984757558491381     
      36       49857 -0.630628942363699     0.983821555359203     
      37       50118 -0.620969238033712     0.983074343496918     
      38       50096 -0.610269119003600     0.982096035042878     
      39       50197 -0.600522343883933     0.981201644580822     
      40       50160 -0.591032211850425     0.980336234740647     
      41       50052 -0.580328417702786     0.978901119269133     
      42       50138 -0.570488645728110     0.978469296844656     
      43       50041 -0.560526691449639     0.976725678074591     
      44       49905 -0.550378602079240     0.975824699176675     
      45       50192 -0.540025957604767     0.974170665507113     
      46       49863 -0.531410426678535     0.973445124939011     
      47       49750 -0.520639217113166     0.971599209716762     
      48       49802 -0.510850883553664     0.970477729879784     
      49       49848 -0.501069386220727     0.968888902708772     
      50       49867 -0.490673512638449     0.966907739352753     
      51       49692 -0.480929883531288     0.965440076839735     
      52       49992 -0.471256317712928     0.963459175247210     
      53       49460 -0.461146417315612     0.961336725092956     
      54       49786 -0.451188641740401     0.959567566642932     
      55       49622 -0.441453366063036     0.957618633727698     
      56       49736 -0.431489862177456     0.954753784648950     
      57       49560 -0.422917647307905     0.952746997954959     
      58       49686 -0.410728289211134     0.949774332106450     
      59       49328 -0.402141713259909     0.946754952129996     
      60       49475 -0.392486273530587     0.944374166790355     
      61       49696 -0.383001085362245     0.940874270544298     
      62       49404 -0.372432984166622     0.937005041724397     
      63       49804 -0.363215877627508     0.933767283909736     
      64       49576 -0.353505871876325     0.929807143849507     
      65       49126 -0.343680828196200     0.925651401142185     
      66       49637 -0.333543552505391     0.921345297079851     
      67       49397 -0.324704768537446     0.916322063683861     
      68       49488 -0.314022123824620     0.910289840729607     
      69       49828 -0.303825987334511     0.903681568962946     
      70       49256 -0.295062376517770     0.898866809355106     
      71       49572 -0.284898575165400     0.891708808919069     
      72       49257 -0.275280059022007     0.883393004651659     
      73       49345 -0.266271401224363     0.877300829016517     
      74       49354 -0.255927120855506     0.866774482087251     
      75       49347 -0.246334049739288     0.857146179957828     
      76       49285 -0.236679664092031     0.847454117956790     
      77       49084 -0.226836901646288     0.835136116942052     
      78       49676 -0.216559405628082     0.820542882452234     
      79       49367 -0.207451739810542     0.807248195146226     
      80       49249 -0.197281037781262     0.791489136754490     
      81       49113 -0.187853575279566     0.772543401013142     
      82       49357 -0.178511905297750     0.755130397598868     
      83       49215 -0.169047406385590     0.733309793196612     
      84       49366 -0.159459459737220     0.709316493023298     
      85       49216 -0.149982565099849     0.682102752446909     
      86       49214 -0.139545046798818     0.647065931900117     
      87       48858 -0.129527106173881     0.616265691284138     
      88       49434 -0.120838560592980     0.581065720804054     
      89       49248 -0.110770387620250     0.537696532522443     
      90       49361 -0.101021698489762     0.491001835587263     
      91       49262 -9.111535686842688E-002 0.437751365599630     
      92       49442 -8.175292339312426E-002 0.383495067073803     
      93       49062 -7.342545411193925E-002 0.337691254741734     
      94       49204 -6.261789812017413E-002 0.270224847377288     
      95       49184 -5.230697111391059E-002 0.206072265176042     
      96       49180 -4.274899058640757E-002 0.146560018335562     
      97       49150 -3.454562716565144E-002 0.100612820262294     
      98       49173 -2.467644854374485E-002 5.379621107923836E-002
      99       49059 -1.416831380192009E-002 1.854768944315479E-002
     100       49142 -4.784132426644805E-003 2.109486268025347E-003
     101       49025  5.769205568251396E-003 3.085151407701222E-003
     102       49793  1.436992671765452E-002 1.899538116549974E-002
     103       49095  2.380096065894357E-002 5.004055584203778E-002
     104       49141  3.363377966219133E-002 9.526935626658642E-002
     105       49253  4.346021639198863E-002 0.149942423087404     
     106       49149  5.332148004577394E-002 0.211532744187889     
     107       49153  6.232223142498845E-002 0.266336108507555     
     108       49200  7.212549341580168E-002 0.328085729466347     
     109       49017  8.151908058596137E-002 0.385111609766089     
     110       49357  9.139013196454943E-002 0.439606857861708     
     111       49189  0.101181016190598     0.493732428563210     
     112       49371  0.111785758667993     0.543005573295390     
     113       49058  0.120024357104153     0.577590553231053     
     114       49407  0.130683858059986     0.618099065397062     
     115       49347  0.139099935994417     0.648964598142192     
     116       49150  0.149926474606075     0.683171919628689     
     117       49064  0.159484117578935     0.712283467946293     
     118       49237  0.168400972972681     0.730963263528699     
     119       49396  0.178513956117651     0.753006939812449     
     120       49389  0.188158078389802     0.774126682994217     
     121       49254  0.197693619387666     0.793293951887529     
     122       49516  0.206860414215406     0.806501036026594     
     123       49236  0.217242619530744     0.822878082832046     
     124       49384  0.227306626942552     0.836508063883165     
     125       49134  0.236598237926929     0.847298350566567     
     126       49219  0.246394278701882     0.858463518616675     
     127       49468  0.256198876189956     0.867396595261217     
     128       49525  0.265067770302838     0.876627942161685     
     129       49452  0.274616982828520     0.883932499125700     
     130       49526  0.285956130457262     0.892001318632822     
     131       49226  0.295023256093965     0.899135880784889     
     132       49501  0.304154548681752     0.905650031720901     
     133       49365  0.313918931092086     0.910681580708615     
     134       48983  0.324344259380510     0.916844592117988     
     135       49698  0.334655424986327     0.921682210077546     
     136       49017  0.343508052534290     0.925434110690239     
     137       50085  0.353225023097284     0.930638650870366     
     138       49597  0.362971404785153     0.933982098823784     
     139       49951  0.373532320516729     0.937687497156895     
     140       49516  0.382486064405807     0.941479539165479     
     141       49430  0.392377401746337     0.943861253103685     
     142       49642  0.401768413372927     0.947312491756293     
     143       49630  0.412178510603304     0.950342740923459     
     144       49427  0.421939112198163     0.953072187003247     
     145       49825  0.431590849936808     0.955332048615098     
     146       49582  0.442151694842409     0.957799262228570     
     147       49544  0.451646135742682     0.959795564187429     
     148       49571  0.461539050719074     0.961888666541356     
     149       49806  0.470816975945688     0.963578750650429     
     150       49915  0.481217635730698     0.965471749927361     
     151       49665  0.491131489940696     0.967322699240079     
     152       50012  0.500722995757336     0.968877093194639     
     153       49774  0.510776341723361     0.970303941997979     
     154       50004  0.521014609308884     0.971836771098438     
     155       49990  0.530763324114544     0.973279843818139     
     156       49661  0.540869514039426     0.974679896644387     
     157       50202  0.550249548423624     0.976024658535327     
     158       49814  0.560249761047664     0.976992915665988     
     159       50189  0.570386806041444     0.978134586261062     
     160       50096  0.581119059768728     0.979380510134351     
     161       49788  0.590767565825364     0.980339533036312     
     162       50159  0.600657475255444     0.981378373940946     
     163       50147  0.611236774631969     0.982220871095839     
     164       49780  0.620300730206045     0.983029872412754     
     165       50506  0.630611672652109     0.983859450630629     
     166       50114  0.641170719570641     0.984932249141049     
     167       50637  0.651113787983980     0.985610479168579     
     168       50059  0.660987664886194     0.986206030542228     
     169       50350  0.671405882652005     0.987112588629778     
     170       50276  0.681253170615567     0.987685501932798     
     171       50441  0.691617338631015     0.988317749973347     
     172       50369  0.701876048243552     0.989093071363288     
     173       50510  0.712065466007574     0.989622243514147     
     174       50309  0.722188302704428     0.990215720021312     
     175       50403  0.732094939723395     0.990823364780688     
     176       50732  0.742660638391275     0.991257528126851     
     177       50670  0.753039351459450     0.991910627906679     
     178       50602  0.762968092375217     0.992348403831851     
     179       50554  0.773500787125761     0.992845546369321     
     180       50901  0.783874942635736     0.993319573744746     
     181       50707  0.794051917539965     0.993699783776368     
     182       50779  0.804644427338150     0.994203520979251     
     183       50824  0.814950825706482     0.994573423383316     
     184       50835  0.825145518483868     0.995007005829746     
     185       50939  0.835677444110749     0.995411056187296     
     186       51084  0.846257672508472     0.995739423318999     
     187       50974  0.856640198839363     0.996138396577626     
     188       51168  0.867015613339293     0.996464899146121     
     189       50865  0.877595998014192     0.996818239408876     
     190       51222  0.888117236221036     0.997130749051094     
     191       51141  0.898557227449836     0.997454023770595     
     192       51140  0.909304104375862     0.997759933666083     
     193       51510  0.919769605267587     0.998050910136888     
     194       51153  0.930387763918301     0.998341042677474     
     195       51398  0.941032720209345     0.998621826052235     
     196       51389  0.951690871605687     0.998878456200756     
     197       51655  0.962414149163680     0.999142629766603     
     198       51426  0.973120481942390     0.999397565986132     
     199       51653  0.983853669320265     0.999636741688967     
     200       51589  0.994617025750252     0.999874814633006     
