       1       51345 -0.994689469306319     0.999898584560245     
       2       51309 -0.984065186736047     0.999710222723673     
       3       51194 -0.973487625359851     0.999517705207591     
       4       51103 -0.962911643482132     0.999321545974586     
       5       51132 -0.952379955505535     0.999121627540226     
       6       51149 -0.941871012036908     0.998911708996035     
       7       51022 -0.931310227476987     0.998701830427344     
       8       51018 -0.920825787593965     0.998466226236167     
       9       50913 -0.910370871063800     0.998245267341066     
      10       50911 -0.899999880467671     0.998010597521010     
      11       51019 -0.889405197627476     0.997733938554134     
      12       50934 -0.879044920040198     0.997490130900650     
      13       50701 -0.868659719537915     0.997229485618216     
      14       50795 -0.858376316066981     0.996953107385637     
      15       50638 -0.847990535255226     0.996672423187584     
      16       50776 -0.837712377559638     0.996365475875721     
      17       50806 -0.827349417026170     0.996047578383277     
      18       50705 -0.816956923689577     0.995719519409827     
      19       50432 -0.806678912945016     0.995362102083312     
      20       50770 -0.796427977582528     0.995047056962000     
      21       50591 -0.786023610153427     0.994681410733546     
      22       50442 -0.775790676905027     0.994310634188492     
      23       50598 -0.765724076675184     0.993957567235475     
      24       50345 -0.755503386280303     0.993580091748140     
      25       50565 -0.745110201233063     0.993141403912745     
      26       50464 -0.735002963520912     0.992684581488567     
      27       50493 -0.724993603097660     0.992268857639575     
      28       50323 -0.714774288127864     0.991781749105393     
      29       50380 -0.704277983500443     0.991362487123826     
      30       50335 -0.694319393892062     0.990762621321561     
      31       50554 -0.683900288962089     0.990226814131796     
      32       50268 -0.673722490193924     0.989790848651253     
      33       50276 -0.663760720437654     0.989122323451842     
      34       50246 -0.653598060754464     0.988513494265469     
      35       50179 -0.643108576646698     0.987885380963746     
      36       50404 -0.633537714675097     0.987095058533538     
      37       50357 -0.623025516839163     0.986415109564875     
      38       50252 -0.613292279593176     0.985733713399063     
      39       50133 -0.602865743279817     0.984886094191596     
      40       50076 -0.593097555759151     0.984049661421442     
      41       50117 -0.583089651031993     0.983348585423177     
      42       49953 -0.573484845867692     0.982566209071629     
      43       50035 -0.563184610016867     0.981681242736410     
      44       49977 -0.553601704800917     0.980670084814141     
      45       49798 -0.543871403489515     0.979863064695843     
      46       49344 -0.534444694957115     0.978957752833246     
      47       49405 -0.524126875695757     0.977786903546244     
      48       49578 -0.513696085066011     0.976533524724265     
      49       49802 -0.503302146173750     0.975534871948396     
      50       49557 -0.494276795415133     0.974476464359861     
      51       49562 -0.483828458051542     0.972628795821004     
      52       50074 -0.473477269135486     0.971196499395724     
      53       49340 -0.464173711066739     0.969403552545839     
      54       49651 -0.453647011957521     0.967474094867601     
      55       49966 -0.444152922624478     0.966266019882686     
      56       49997 -0.433653060988362     0.963994584039428     
      57       49642 -0.424617312394454     0.961996494466819     
      58       49779 -0.414546648989969     0.959967107902234     
      59       50189 -0.404697340601240     0.957538010403950     
      60       50030 -0.394726861983179     0.955140132318056     
      61       50233 -0.385402148887995     0.952348033152576     
      62       49168 -0.375387510090002     0.949657498930392     
      63       49589 -0.365096143979013     0.946231819016676     
      64       49745 -0.355817428925799     0.943890778899052     
      65       50185 -0.345765899861038     0.940299433471644     
      66       50183 -0.336030939118907     0.936453772170890     
      67       49714 -0.325980929009565     0.931372251089393     
      68       49693 -0.316417996242449     0.927938934731739     
      69       49427 -0.306041141387693     0.922171542677875     
      70       49217 -0.297134300841291     0.918285533376734     
      71       49357 -0.287075043155303     0.912975110332033     
      72       49057 -0.277101244239874     0.905777144382185     
      73       48979 -0.267437560002907     0.900410617133090     
      74       49321 -0.257084350229435     0.891699570880514     
      75       50021 -0.248108193186103     0.884640396580971     
      76       49475 -0.238888607094520     0.876603669013387     
      77       49499 -0.228753319408595     0.868373098621780     
      78       49101 -0.218350371923631     0.855147849716626     
      79       48766 -0.209471277605457     0.842267969627229     
      80       48594 -0.200050167512937     0.830781623161957     
      81       48897 -0.189268438529275     0.813621003795030     
      82       49557 -0.179587986465771     0.794534820271129     
      83       49711 -0.169779309909074     0.776595098597011     
      84       49442 -0.159926377187571     0.753951665357601     
      85       49620 -0.150315333048462     0.729421034864785     
      86       49501 -0.141298484542568     0.705407143673653     
      87       49540 -0.131482561945188     0.673065451256272     
      88       49398 -0.121278937092467     0.634646915732270     
      89       49708 -0.111278928839328     0.593917926601114     
      90       49524 -0.101346300268705     0.549204078828127     
      91       49677 -9.143785276356974E-002 0.496157839167233     
      92       49706 -8.145318397922161E-002 0.437046693930116     
      93       49901 -7.358357236306619E-002 0.385724954680927     
      94       49496 -6.340471839801186E-002 0.317900322522550     
      95       49480 -5.368924918865060E-002 0.252216167518675     
      96       49644 -4.523453797361911E-002 0.192646346272333     
      97       49224 -3.409312081139287E-002 0.120041999783433     
      98       49644 -2.372237555731480E-002 6.121521309758017E-002
      99       49484 -1.455152334909806E-002 2.386609558348634E-002
     100       49129 -3.973573808173597E-003 1.807460061486364E-003
     101       49195  5.229203285396479E-003 3.334817729120058E-003
     102       49306  1.524692835307058E-002 2.643385899178259E-002
     103       49197  2.467695069827797E-002 6.626986267226620E-002
     104       49319  3.463005435008763E-002 0.121862806412906     
     105       49349  4.374391105740388E-002 0.181567364324789     
     106       48977  5.349615848884451E-002 0.250934494670491     
     107       49295  6.283947601312918E-002 0.315172668111287     
     108       49500  7.350297986342906E-002 0.388362599391927     
     109       48925  8.287404074320401E-002 0.445764534033388     
     110       49249  9.207023780252790E-002 0.503099422371411     
     111       49081  0.101663527443914     0.548843114330311     
     112       49157  0.111535740272519     0.595713848552936     
     113       49508  0.121234994453627     0.636488595537002     
     114       49476  0.130877557836725     0.669940685252970     
     115       49327  0.140198669812840     0.699762610859723     
     116       49110  0.149866850079333     0.726634961467072     
     117       49353  0.160626485519420     0.755341914180843     
     118       49156  0.169897461948652     0.775056224530348     
     119       49526  0.179511684288042     0.795836463260377     
     120       49270  0.189389981545048     0.812340742702928     
     121       49318  0.199352768039417     0.827652504508317     
     122       49219  0.208423267009457     0.841836447319872     
     123       49735  0.218322169022324     0.853140849038159     
     124       49974  0.228096353929817     0.864965380957195     
     125       50028  0.238711054661865     0.875518648390789     
     126       49830  0.247713127352086     0.884131992860828     
     127       49676  0.257110242596444     0.892286156474971     
     128       49570  0.267493451736231     0.899857228221614     
     129       49519  0.277965836272118     0.907144247294377     
     130       49566  0.287074676909865     0.912771420038462     
     131       49344  0.296794042831967     0.916241250172628     
     132       49291  0.306574151740371     0.922148368360245     
     133       49749  0.316376698611878     0.927930920361144     
     134       49244  0.326480072238618     0.932638321157722     
     135       49625  0.336354700768971     0.936820461823203     
     136       49727  0.345582088599275     0.940109258073246     
     137       49654  0.355152856464252     0.943382898607617     
     138       49435  0.365288170419786     0.947091816810762     
     139       49771  0.375479800825792     0.949747023612572     
     140       49496  0.385480632394030     0.952854585261044     
     141       49367  0.395538011593829     0.955351865452483     
     142       49467  0.404641898120809     0.957004214708213     
     143       49703  0.415081807266787     0.959990658962920     
     144       49898  0.424475996642156     0.961747610194449     
     145       49387  0.434115418078965     0.963919301638811     
     146       50025  0.443549432730756     0.965743436879173     
     147       49744  0.453774276806340     0.967696086016523     
     148       50101  0.464001108999666     0.969441458861568     
     149       49858  0.473992425713657     0.970875826399108     
     150       49887  0.483871049339252     0.972766394325709     
     151       49650  0.494341196781550     0.974049734893820     
     152       50141  0.503921078666375     0.974983657671776     
     153       49893  0.513149357436030     0.976466843799040     
     154       49928  0.523256436494856     0.977601031238213     
     155       49834  0.533299835270022     0.978969153001648     
     156       49699  0.543300400443647     0.979880420539214     
     157       50050  0.553645353342559     0.980938141817379     
     158       49961  0.563315306004273     0.981757087191574     
     159       49938  0.573373305773389     0.982743246449591     
     160       49987  0.583176122200222     0.983389950132858     
     161       50383  0.593670813496443     0.984356982086211     
     162       50109  0.603666042519511     0.985257050282143     
     163       50741  0.614109037952558     0.985891383183763     
     164       49929  0.623760301513604     0.986710639567813     
     165       50403  0.633565380125383     0.987393754206565     
     166       49930  0.644282825305516     0.987911864963231     
     167       50180  0.653505627829634     0.988335979967082     
     168       50155  0.664251057546633     0.989069913740692     
     169       49922  0.673930543660029     0.989597862727285     
     170       50026  0.683986452822751     0.990220491433057     
     171       50446  0.694055776581570     0.990742394587557     
     172       50168  0.703867157593698     0.991273903063353     
     173       50415  0.714768733143047     0.991800054466545     
     174       50128  0.724804283284768     0.992258688656032     
     175       50123  0.734909407579090     0.992603268246581     
     176       50414  0.744852379130769     0.993156549120999     
     177       50766  0.755103681963514     0.993485029882962     
     178       50575  0.765542589987771     0.993895583827505     
     179       50383  0.775427932722123     0.994286685724488     
     180       50514  0.785829805375555     0.994737391640014     
     181       50943  0.796239055257456     0.995097105619130     
     182       50785  0.806657417479766     0.995432735633482     
     183       50883  0.816843575965358     0.995752348947804     
     184       50757  0.827228422579406     0.996071415943888     
     185       50762  0.837588214592910     0.996346053543155     
     186       50726  0.848080101170428     0.996696873059303     
     187       50557  0.858336438051928     0.996984834389885     
     188       50881  0.868562483454195     0.997240624858876     
     189       50992  0.879143602324464     0.997493192847225     
     190       50893  0.889470204748792     0.997756491158048     
     191       51062  0.899979846736851     0.997990770328290     
     192       50886  0.910399343977871     0.998224281714816     
     193       51037  0.920869299330696     0.998462591112349     
     194       50903  0.931374469545519     0.998697481549691     
     195       51137  0.941857325890758     0.998905523835869     
     196       51175  0.952354598498775     0.999117874518086     
     197       51126  0.962920392939541     0.999322154775245     
     198       51251  0.973496615187361     0.999521222972983     
     199       51294  0.984068923400065     0.999711957815090     
     200       51318  0.994690154919344     0.999899250440309     
