 1 591647 -0.9925736541562550 0.9992208299602974
 2 588567 -0.9778039789182968 0.9976354628627240
 3 585647 -0.9633599080657759 0.9960186118403829
 4 582557 -0.9490524422007011 0.9943732190470204
 5 577359 -0.9353436299372472 0.9926465994144118
 6 575513 -0.9211810939549507 0.9907520086462174
 7 570482 -0.9075994400262063 0.9888814361641770
 8 569182 -0.8945916495508858 0.9869922018589675
 9 564382 -0.8817244412520082 0.9850697351003286
 10 564253 -0.8682735409381036 0.9829533063926706
 11 558409 -0.8556045122485031 0.9808644949774515
 12 556310 -0.8428954252556592 0.9788049278248769
 13 555330 -0.8304717607131855 0.9766096207560703
 14 550821 -0.8182559999614711 0.9742028435293092
 15 548644 -0.8054242206610771 0.9716232734047914
 16 546960 -0.7936687920602308 0.9693829110054117
 17 546531 -0.7818798922264752 0.9667335809546616
 18 542523 -0.7703996352466221 0.9644292439433562
 19 539955 -0.7586243142587380 0.9618900432738250
 20 535928 -0.7468586348222829 0.9590114805556026
 21 533800 -0.7353355180966380 0.9563663988419173
 22 532112 -0.7241787401781374 0.9534673129074666
 23 529289 -0.7126811720436661 0.9505414019145655
 24 526513 -0.7016259246722285 0.9474038133795438
 25 526226 -0.6903289836758455 0.9445234293510795
 26 524401 -0.6796327892734585 0.9409983840758108
 27 522292 -0.6686766384019454 0.9377008147513216
 28 520500 -0.6585293162249231 0.9341734910054033
 29 517028 -0.6477070022676527 0.9305817101062965
 30 515456 -0.6367007281369778 0.9266277495350613
 31 513070 -0.6265831524117507 0.9233038585459474
 32 512784 -0.6160557090555605 0.9195599244621669
 33 512750 -0.6055990704113084 0.9154114133142001
 34 510341 -0.5948560724613285 0.9106697608454356
 35 508006 -0.5855591733948899 0.9067295360753159
 36 507874 -0.5751826447313014 0.9024369958331216
 37 505403 -0.5648104625490244 0.8980961857700219
 38 502602 -0.5545798200733252 0.8928724440433475
 39 501266 -0.5452658852711093 0.8872411866952961
 40 500131 -0.5350289601591079 0.8823909478180585
 41 500440 -0.5248460229724322 0.8766450146346650
 42 497776 -0.5157905503490307 0.8715179021351130
 43 497055 -0.5059444416663978 0.8656255145418942
 44 495148 -0.4959655447606970 0.8597055321310857
 45 495820 -0.4866804959557557 0.8539246045718045
 46 493111 -0.4771924421653044 0.8475794850169572
 47 490716 -0.4676187875356346 0.8410299241840791
 48 490238 -0.4574795108891700 0.8332271770477107
 49 488718 -0.4478252981289065 0.8256805938158395
 50 488638 -0.4386202752224084 0.8181240278063564
 51 486835 -0.4300379819111349 0.8112191538282791
 52 486715 -0.4210072173406583 0.8034785470708368
 53 485535 -0.4110639894374344 0.7950423918827974
 54 483229 -0.4022710749013835 0.7862170097702584
 55 479300 -0.3926508706580391 0.7757922909658167
 56 481340 -0.3841759773672078 0.7672636940326842
 57 481268 -0.3747120798106010 0.7572855175315253
 58 479782 -0.3652648973936951 0.7456155846324418
 59 478296 -0.3564090183867445 0.7358774692780601
 60 477730 -0.3473743893654878 0.7245988189819210
 61 475235 -0.3382151311967334 0.7120338859458568
 62 474471 -0.3297175492428465 0.7010414880251645
 63 475764 -0.3200258314641598 0.6862653929357073
 64 475072 -0.3119573345996443 0.6742908479687058
 65 472799 -0.3033302712187915 0.6614107601829154
 66 473410 -0.2948848079042994 0.6483255845938635
 67 473787 -0.2855405110634134 0.6308726481710422
 68 472353 -0.2763397297582346 0.6132635536881484
 69 470812 -0.2684097868581647 0.6003844166707211
 70 469710 -0.2596490066698909 0.5821993619623056
 71 468434 -0.2512783618771754 0.5667450370356050
 72 470604 -0.2416157873519945 0.5442423286519305
 73 469981 -0.2324727687907572 0.5257204118236573
 74 469005 -0.2247095639680388 0.5083764094542201
 75 468690 -0.2162159767310157 0.4878661685405712
 76 466278 -0.2075249428403738 0.4673133375245506
 77 468084 -0.1990419174135494 0.4439895047032854
 78 466590 -0.1904285871298569 0.4221397442507393
 79 465052 -0.1814326798141591 0.3993991538243929
 80 464691 -0.1730155442758297 0.3742011556433735
 81 465819 -0.1645014531396698 0.3515578199873631
 82 465229 -0.1562561280852658 0.3285197708220303
 83 466024 -0.1479494640602166 0.3036191916565452
 84 464251 -0.1395771768436092 0.2789070910792905
 85 461650 -0.1302947574129954 0.2514184193181295
 86 463589 -0.1215931172935993 0.2268910691213527
 87 464259 -0.1139954815865794 0.2051803716470381
 88 462565 -0.1051146260593286 0.1802231139107242
 89 463030 -9.646950785595594E-02 0.1567154258114065
 90 463068 -8.781941263106671E-02 0.1317930705338063
 91 464510 -7.961834985368586E-02 0.1113262683096336
 92 463162 -7.113314002142852E-02 9.085462175667869E-02
 93 462047 -6.306240687053168E-02 7.265914780614340E-02
 94 462072 -5.516228591174296E-02 5.677949248978906E-02
 95 462261 -4.629815961517367E-02 4.031548762211302E-02
 96 461499 -3.789275577464523E-02 2.743918374519504E-02
 97 460524 -2.960696939275299E-02 1.688721894002700E-02
 98 463686 -2.059678237299786E-02 8.408316689832676E-03
 99 461820 -1.254859315281218E-02 3.249820358892939E-03
 100 462523 -4.812710382811225E-03 5.236512593548363E-04
 101 461479 3.905985945571162E-03 2.654226332150763E-04
 102 461483 1.283391677213739E-02 3.151330129174362E-03
 103 460520 2.045558590450458E-02 7.931883259636665E-03
 104 461328 2.923525384795768E-02 1.634177070538711E-02
 105 460680 3.731150652823294E-02 2.617611493083724E-02
 106 461466 4.570149811660482E-02 3.879664533105868E-02
 107 461373 5.422416308285162E-02 5.368737327843374E-02
 108 462616 6.333809825469183E-02 7.213763334204556E-02
 109 463910 7.145205420800114E-02 9.052480777653318E-02
 110 463459 7.976288950668370E-02 0.1106226240281193
 111 463054 8.857285276175088E-02 0.1333431102863763
 112 461865 9.605081494595755E-02 0.1528800786522438
 113 461839 0.1049570900105090 0.1781380372526654
 114 465333 0.1135168861659526 0.2016703780966351
 115 464163 0.1228116706731403 0.2298133821289527
 116 463194 0.1303605610490270 0.2509752313945170
 117 464569 0.1388498956234342 0.2759112660331904
 118 464467 0.1473348914150882 0.3018728271774607
 119 463804 0.1553087064367897 0.3242849938551840
 120 464150 0.1642615603606173 0.3488044746570210
 121 465644 0.1724471811441568 0.3735629320963635
 122 466751 0.1810785996501254 0.3970178488428617
 123 466243 0.1898862069432520 0.4191908176330846
 124 467470 0.1990030577236615 0.4429965929262841
 125 468605 0.2068372535965659 0.4632412315275199
 126 467454 0.2164252855869217 0.4877295589356811
 127 468339 0.2247946536883513 0.5068794488423161
 128 469587 0.2331097181905835 0.5265374495866192
 129 469600 0.2420764103204668 0.5459037383175985
 130 470426 0.2510206751903757 0.5642360500711739
 131 470039 0.2593700716891361 0.5810440205861999
 132 471219 0.2679067233464198 0.5988749878216904
 133 472487 0.2764372495073068 0.6151950619030319
 134 473552 0.2853679203103099 0.6314628445423136
 135 473229 0.2944819874011585 0.6457356614302998
 136 474428 0.3031164353838073 0.6598603141904007
 137 476343 0.3121849944589131 0.6743001206815311
 138 476520 0.3213341172540153 0.6892211799536598
 139 477370 0.3296853534391830 0.6999613961501324
 140 475765 0.3391804148799728 0.7135349799497964
 141 479064 0.3477004168835647 0.7247093138118920
 142 479324 0.3569233675475813 0.7370968971654687
 143 479344 0.3660031780874174 0.7481182050699279
 144 481016 0.3747017124485082 0.7566569501830014
 145 483217 0.3844129084384353 0.7679372569297429
 146 483408 0.3934668003688526 0.7772695405396222
 147 482959 0.4031615256277499 0.7868299574458874
 148 484950 0.4114994321289785 0.7945078934928663
 149 486805 0.4208391698440163 0.8028142050662967
 150 486810 0.4303763594493430 0.8116910576240018
 151 487976 0.4390535193194736 0.8189251502634854
 152 489189 0.4489856977750460 0.8270925390051579
 153 491757 0.4573568503493710 0.8333415349015604
 154 492360 0.4665411337175663 0.8396942874389477
 155 491747 0.4766121634885698 0.8471291201768377
 156 492445 0.4870459668149453 0.8531423981317019
 157 493145 0.4967647664989046 0.8612062399437982
 158 495316 0.5065932805820471 0.8667255064645472
 159 497962 0.5161975179358488 0.8722345039191097
 160 498745 0.5259338734094889 0.8774721116143815
 161 501722 0.5349548007317333 0.8826565992298304
 162 503276 0.5454765629305057 0.8878902343222675
 163 504218 0.5556833733292319 0.8930805633308530
 164 505800 0.5651231504544251 0.8981052046049809
 165 506982 0.5756544017746014 0.9026367278643048
 166 506446 0.5853453161738101 0.9060599628470090
 167 508254 0.5956061596125838 0.9108074430308736
 168 509589 0.6060017542787358 0.9151847694253562
 169 513509 0.6161331989011238 0.9190428699537897
 170 515270 0.6267828044922844 0.9229657594232457
 171 517691 0.6375072339624096 0.9271595822985199
 172 519056 0.6480910836508087 0.9303817658052358
 173 520525 0.6590420079702531 0.9341933904962151
 174 521209 0.6691941494023139 0.9374394569056645
 175 522840 0.6798785231038547 0.9405937150192915
 176 526006 0.6911525268114632 0.9437549639995159
 177 528963 0.7026598315591384 0.9472139480747643
 178 528419 0.7137304976987490 0.9502357454964186
 179 530437 0.7245518107598788 0.9531233859651100
 180 534077 0.7360648107691148 0.9556596503032098
 181 536259 0.7473145563483130 0.9585335105720454
 182 537901 0.7587171546396869 0.9612819975576888
 183 541549 0.7703402107385229 0.9640703498912154
 184 544810 0.7823648094219787 0.9666667881869944
 185 546642 0.7943893689359555 0.9691612077163687
 186 547794 0.8062289581149671 0.9714134888865360
 187 549764 0.8182729642527271 0.9736861627224627
 188 555077 0.8310208172280423 0.9762970679671981
 189 557275 0.8432510531168149 0.9784629893449518
 190 558900 0.8558667793607838 0.9805581913311607
 191 562255 0.8685802506953663 0.9826937659635682
 192 566509 0.8814140763682151 0.9848279988221204
 193 567564 0.8946803785972774 0.9868213364163183
 194 569280 0.9079960155226159 0.9887745783610656
 195 572298 0.9215607909428000 0.9906539034064261
 196 576647 0.9352101342245817 0.9924910800762321
 197 582813 0.9491934175028562 0.9943167758222862
 198 584712 0.9633515476135859 0.9960052807409359
 199 588145 0.9778444304392309 0.9976633369328499
 200 591210 0.9925705690278230 0.9992282963376586
