        1      519744 -0.994529605781251     0.999850447072445     
        2      518995 -0.983608895775033     0.999564209163748     
        3      518495 -0.972715235440067     0.999267969501237     
        4      517774 -0.961859419447857     0.998964682816293     
        5      517887 -0.951021701907004     0.998650526033704     
        6      516514 -0.940217867160393     0.998323994093624     
        7      515524 -0.929437535888710     0.997998780007315     
        8      515654 -0.918718094267201     0.997646186885450     
        9      515432 -0.907970524446203     0.997292237864979     
       10      514675 -0.897315970513704     0.996929332173682     
       11      512514 -0.886601619447702     0.996547852549231     
       12      514190 -0.876068161463643     0.996146233144878     
       13      512841 -0.865360742055440     0.995745939302196     
       14      512634 -0.854782597392849     0.995349886585619     
       15      512098 -0.844242978941998     0.994875903502976     
       16      510156 -0.833699053349104     0.994430977480851     
       17      511284 -0.823307817688246     0.993967029387807     
       18      509792 -0.812660788912489     0.993482131545585     
       19      509562 -0.802263253722629     0.992987662863974     
       20      508952 -0.791928265765079     0.992498959833785     
       21      509163 -0.781429233395843     0.991904295382553     
       22      509245 -0.771027271050342     0.991352675378377     
       23      507441 -0.760658401799573     0.990767848142119     
       24      506674 -0.750342361946797     0.990166553889938     
       25      507787 -0.740072371072334     0.989521508251515     
       26      506546 -0.729777753441161     0.988899578171315     
       27      505212 -0.719472544020692     0.988179272905160     
       28      505174 -0.709101096383608     0.987501707259727     
       29      505920 -0.698888970618283     0.986753052677477     
       30      503940 -0.688770137028267     0.985927645788111     
       31      504133 -0.678503774324355     0.985167199807714     
       32      503806 -0.668349694067539     0.984289862959790     
       33      503242 -0.658187879802306     0.983408426774853     
       34      503975 -0.648224815888494     0.982563738668364     
       35      502247 -0.638092691102170     0.981644023290188     
       36      502589 -0.627643585244633     0.980516343729280     
       37      501621 -0.617859678734546     0.979604353002656     
       38      501126 -0.607634779878798     0.978456600185881     
       39      500983 -0.597618475682730     0.977319880181816     
       40      501253 -0.587496718929237     0.976052340461195     
       41      500084 -0.577691978898079     0.974907858950487     
       42      500558 -0.567665216040556     0.973516886139780     
       43      500226 -0.557658691539728     0.972174610197053     
       44      499971 -0.547632020032259     0.970782784435746     
       45      498752 -0.537626879985338     0.969170262787734     
       46      499113 -0.527683067405080     0.967582003830938     
       47      497827 -0.517871547965368     0.965930283452764     
       48      499069 -0.508027114328708     0.964140810075798     
       49      497901 -0.497996230551548     0.962275992099024     
       50      498031 -0.487907720107665     0.960215423361524     
       51      496440 -0.478228328413737     0.958377209998085     
       52      496465 -0.468308838360884     0.955899692549133     
       53      496727 -0.458724157342361     0.953700971455782     
       54      496378 -0.448761726702491     0.951205898613612     
       55      496359 -0.438792125774253     0.948589370506525     
       56      495729 -0.429246235623343     0.945871409183642     
       57      496687 -0.419216075288750     0.942878670655907     
       58      495611 -0.409443964873462     0.939769098281282     
       59      493541 -0.399653187654037     0.936159054090514     
       60      494572 -0.389910304226582     0.933031655864843     
       61      494758 -0.380228965431899     0.928689256714586     
       62      495974 -0.370469645589709     0.925025234457565     
       63      493855 -0.360536278419577     0.920302784230589     
       64      494317 -0.350899304307522     0.915632141354275     
       65      494222 -0.341477396857280     0.911041733016069     
       66      493976 -0.331414201599357     0.905191307986360     
       67      492764 -0.321704973953661     0.899359638859497     
       68      494247 -0.312505481149884     0.893248806600087     
       69      493193 -0.302400389687096     0.886441537659610     
       70      491735 -0.292795013143268     0.879183249191820     
       71      493324 -0.282852185055328     0.870544006860931     
       72      492837 -0.273627721788075     0.862652737088474     
       73      493200 -0.263857506271662     0.852917804419612     
       74      492722 -0.254248163655438     0.842863645699987     
       75      491333 -0.244291825927429     0.830854422012081     
       76      491797 -0.235044713718156     0.819742036046806     
       77      491886 -0.225036980418073     0.805499836966673     
       78      491352 -0.215630711224516     0.791415131748496     
       79      492926 -0.206026736484618     0.774701528262801     
       80      490698 -0.196156638007859     0.756794365221029     
       81      491730 -0.186982819949792     0.737942268349327     
       82      491701 -0.177134961686400     0.716158072423495     
       83      491294 -0.167778020583483     0.693091764281824     
       84      491008 -0.157760784333331     0.665809603182547     
       85      491338 -0.148509184877746     0.636606399910361     
       86      490276 -0.138943297471759     0.604926357545377     
       87      490612 -0.129344268265959     0.569837326380791     
       88      491028 -0.119411395178407     0.531020381552152     
       89      490385 -0.109996678822799     0.488290773894755     
       90      490368 -0.100561894764637     0.443347887481532     
       91      490220 -9.056406404537139E-002 0.391777986245271     
       92      490471 -8.142968831910369E-002 0.343161981144622     
       93      490618 -7.178805941054754E-002 0.288383738893332     
       94      490089 -6.217476671466101E-002 0.233096092828602     
       95      492102 -5.256897362704133E-002 0.178403327401603     
       96      489570 -4.294475397353762E-002 0.126550491339443     
       97      491298 -3.345015266587762E-002 8.071935302900660E-002
       98      489470 -2.381151009256973E-002 4.274410788691011E-002
       99      490945 -1.451817189181336E-002 1.637678639787024E-002
      100      490717 -5.030428930757522E-003 2.045139012054230E-003
      101      490556  4.684434252968547E-003 1.677438829098844E-003
      102      490553  1.429593714195778E-002 1.555376732218552E-002
      103      490175  2.394175593619869E-002 4.275860522039154E-002
      104      490459  3.336025220340163E-002 7.967184751467400E-002
      105      489013  4.323446302358367E-002 0.127662101145579     
      106      490917  5.278221722573575E-002 0.178645553389852     
      107      490575  6.184653449942120E-002 0.230424388396899     
      108      490995  7.164465320783765E-002 0.287832914969243     
      109      490560  8.147022477319940E-002 0.343093013450804     
      110      490529  9.101292811763489E-002 0.395030598939269     
      111      491463  0.100412746255612     0.443713629344903     
      112      490483  0.109798732059530     0.488681023421381     
      113      491839  0.119592979260887     0.530638253343460     
      114      489740  0.129236058047168     0.571135657184081     
      115      491057  0.138647772138612     0.605595958450337     
      116      491967  0.148329707121788     0.638128071636009     
      117      489891  0.158087544687749     0.667449287039692     
      118      491451  0.167611699186892     0.694108950913295     
      119      490925  0.177269244051028     0.717757435487622     
      120      490838  0.186733672267425     0.739109977590464     
      121      492185  0.196620981833271     0.759072473354865     
      122      491655  0.205917770693910     0.776421297077398     
      123      493225  0.215674767085067     0.793150841060339     
      124      492055  0.225261482797614     0.807596925363930     
      125      491556  0.234794678148876     0.820778232365507     
      126      491348  0.244483824226142     0.832434434213653     
      127      491921  0.254221668557432     0.843628762619747     
      128      492982  0.263919269044824     0.854838949519565     
      129      492733  0.273603087793469     0.864280946240093     
      130      493346  0.282954962137377     0.872140704131406     
      131      493293  0.293139278695101     0.880503858297154     
      132      491914  0.302455062385337     0.887435024366495     
      133      492981  0.312282870327466     0.894596793147373     
      134      495222  0.321844909479162     0.900742670885483     
      135      494330  0.331694056657865     0.906194518573921     
      136      493525  0.341301258269016     0.911437299689747     
      137      493994  0.351119936794359     0.916808206148004     
      138      493899  0.360759705378550     0.921538858926446     
      139      495539  0.370617008252796     0.925685061259344     
      140      495043  0.380302144766279     0.929989870478920     
      141      494693  0.389928491629513     0.933335318500645     
      142      495340  0.400027924007990     0.937145458360095     
      143      494821  0.409864653347307     0.940538208621514     
      144      495385  0.419519570261362     0.943611126507505     
      145      495277  0.428876785044000     0.946283116279338     
      146      497224  0.439106521541316     0.949097553184717     
      147      496456  0.448956063025142     0.951726605180458     
      148      496563  0.458693147320067     0.954232308896421     
      149      496567  0.468781140130470     0.956570493213975     
      150      498189  0.478282191446347     0.958695485165095     
      151      497629  0.488400314895568     0.960600858021806     
      152      497932  0.498322130641344     0.962679628148161     
      153      497384  0.508118290854443     0.964472608273325     
      154      497676  0.518129151426026     0.966194381243187     
      155      499115  0.527861786191491     0.967757112534058     
      156      499847  0.537733893782527     0.969332768678161     
      157      499455  0.547740646108428     0.970870795726209     
      158      500197  0.557879777425420     0.972336304088434     
      159      499908  0.567957732416619     0.973791865551442     
      160      499311  0.577847568379278     0.975019064061607     
      161      501578  0.587867439242098     0.976262761571151     
      162      501218  0.597905818368887     0.977399703036198     
      163      500694  0.607901800804101     0.978497401463461     
      164      502249  0.618024390643540     0.979552888047824     
      165      502570  0.628048316840571     0.980571872069660     
      166      502001  0.638157305482916     0.981602303963644     
      167      502548  0.648181765508397     0.982495054031631     
      168      504651  0.658415956148350     0.983436012865211     
      169      503059  0.668550390615479     0.984290344465708     
      170      504484  0.678904069810232     0.985137035497420     
      171      504094  0.688934469816879     0.985922954137525     
      172      505293  0.699195040132693     0.986712689756224     
      173      505045  0.709352282069877     0.987430749571799     
      174      505559  0.719727767092303     0.988141631163231     
      175      507095  0.729915673357759     0.988799608842342     
      176      507401  0.740188331908387     0.989423694455705     
      177      506046  0.750535974259514     0.990093260588313     
      178      508055  0.760966841058838     0.990704923411288     
      179      507539  0.771098011372252     0.991262320511482     
      180      508819  0.781592372356937     0.991876135916075     
      181      507570  0.792017285052480     0.992404120959900     
      182      510717  0.802385791849506     0.992907921608826     
      183      509919  0.812887725004629     0.993407168885447     
      184      510818  0.823331599747056     0.993895353247860     
      185      510285  0.833866324296163     0.994406175668681     
      186      511903  0.844369227765136     0.994833097894197     
      187      512152  0.854861294277810     0.995275404848610     
      188      512894  0.865515996274481     0.995711204139622     
      189      512314  0.876042768306344     0.996118254981645     
      190      513456  0.886733215210622     0.996514785292202     
      191      515300  0.897384521998145     0.996900636194652     
      192      513752  0.908007917888971     0.997274316127102     
      193      516021  0.918745340842377     0.997634139831554     
      194      516043  0.929475347637457     0.997972756927663     
      195      516047  0.940247041411329     0.998326862789517     
      196      517570  0.951049898441612     0.998642613424728     
      197      517293  0.961865494029408     0.998962789091309     
      198      518271  0.972721825141293     0.999266677860788     
      199      519327  0.983612132649068     0.999563222164026     
      200      519457  0.994532811299837     0.999849947546954     
