 1 682532 -0.9894442845355107 0.9981476715126815
 2 672433 -0.9690574128263818 0.9943623793784483
 3 662470 -0.9496564744958870 0.9903021433082143
 4 656685 -0.9310497523337511 0.9862962953235673
 5 647358 -0.9134838552459543 0.9822668577351360
 6 640528 -0.8961773858258001 0.9779147695608077
 7 631088 -0.8799167475783256 0.9737318398011424
 8 626600 -0.8636173373639755 0.9692027492639792
 9 617530 -0.8482718522954567 0.9649065191552653
 10 612023 -0.8329145720351954 0.9601181220259313
 11 604592 -0.8182462437073481 0.9553066947786002
 12 601066 -0.8038312405034538 0.9505616337529129
 13 594977 -0.7901222684603220 0.9459899394930986
 14 591459 -0.7759428710422666 0.9412174572089744
 15 583295 -0.7630905277051888 0.9364675217680984
 16 579810 -0.7495215369387437 0.9311944371354550
 17 574472 -0.7369050415259010 0.9260468424671068
 18 569790 -0.7242756917687830 0.9205704378584161
 19 565700 -0.7111005974283736 0.9150812185947330
 20 559090 -0.6996994761583996 0.9097759998847401
 21 555745 -0.6872239664430441 0.9036074169700220
 22 553137 -0.6756600390372377 0.8983280418180707
 23 549995 -0.6639035713301014 0.8925897581807655
 24 545176 -0.6526102211821251 0.8861211701195333
 25 540486 -0.6411763042309587 0.8802555254214820
 26 537348 -0.6295651055490347 0.8732491417757687
 27 531798 -0.6194130116224639 0.8674720309420221
 28 530159 -0.6084674136240118 0.8618547979571555
 29 526702 -0.5972827666201718 0.8541886726867087
 30 524017 -0.5869868853131044 0.8478653567871118
 31 521549 -0.5766693397142688 0.8412992226104185
 32 518883 -0.5663489748036895 0.8330298323280929
 33 515242 -0.5569161114163136 0.8269525206346243
 34 510873 -0.5463415867202970 0.8189513431298744
 35 508194 -0.5359937118691019 0.8106996365571947
 36 503748 -0.5271416137484422 0.8043383349416904
 37 502678 -0.5165713857894857 0.7955737635901705
 38 499076 -0.5081195274032744 0.7889943938614712
 39 497956 -0.4977372561652195 0.7799950950430470
 40 496104 -0.4880482282946934 0.7716676158133431
 41 492744 -0.4789796172837439 0.7629735855639006
 42 490018 -0.4698626496179594 0.7541094491018765
 43 490422 -0.4610695696628486 0.7453675783911289
 44 486348 -0.4510986878869059 0.7340244786329582
 45 486945 -0.4420528199312088 0.7252693270072065
 46 481479 -0.4331446436930956 0.7150878250213646
 47 480878 -0.4240918603608960 0.7044372088534492
 48 480137 -0.4155189938124016 0.6947615396409584
 49 478683 -0.4066599544070299 0.6840851602870476
 50 475268 -0.3982654875995908 0.6746643235180795
 51 473705 -0.3894996274033927 0.6630592118752502
 52 472387 -0.3808649071191421 0.6515126961306643
 53 470366 -0.3717035630182768 0.6393611134391639
 54 468465 -0.3629833855721177 0.6265102240006857
 55 464770 -0.3555782774806375 0.6143376188362132
 56 464078 -0.3470145586554327 0.6017846702635060
 57 464797 -0.3377757793511226 0.5886528544017515
 58 461905 -0.3302406299260421 0.5764634290538919
 59 461094 -0.3216360723641590 0.5621097150539952
 60 460210 -0.3132115804064940 0.5472594063742608
 61 457998 -0.3050114176392770 0.5338555051493831
 62 458962 -0.2964678704779821 0.5190949572848922
 63 456902 -0.2884452595267037 0.5042724741018361
 64 454025 -0.2801497799828210 0.4882558213238328
 65 453905 -0.2710255842590578 0.4711433723035324
 66 452620 -0.2643937599047385 0.4584765838438851
 67 451973 -0.2567567347579958 0.4421506606671042
 68 450731 -0.2482972703128244 0.4241934892705066
 69 449204 -0.2413039362398956 0.4105743814292531
 70 447587 -0.2335863552053376 0.3940292000503138
 71 448086 -0.2251411280052584 0.3777248948973608
 72 448216 -0.2174221868619608 0.3608847675074798
 73 446610 -0.2092305147888836 0.3408631273138172
 74 447488 -0.2010392013123163 0.3240670477107286
 75 446299 -0.1934117791297845 0.3063973253507912
 76 444292 -0.1853726795575803 0.2878118204069643
 77 443093 -0.1780280970128228 0.2711178239465331
 78 444402 -0.1708049019305082 0.2562985514933322
 79 442384 -0.1626666891329110 0.2360150423072636
 80 442573 -0.1552690771812309 0.2191727287376251
 81 440642 -0.1482344270172715 0.2043846938333596
 82 440786 -0.1403106118357098 0.1875399593444190
 83 440053 -0.1327905149860212 0.1705277356727667
 84 439045 -0.1255197278959868 0.1546141846120870
 85 438629 -0.1176674230102790 0.1396636469650558
 86 437575 -0.1097635147257312 0.1229726378635072
 87 437206 -0.1009129708008957 0.1056434632993810
 88 437868 -9.460218953563357E-02 9.457180613518447E-02
 89 439678 -8.666088272883816E-02 7.966376214628015E-02
 90 437263 -7.950846463352675E-02 6.802225294902964E-02
 91 438255 -7.200906220596207E-02 5.670083019203723E-02
 92 436423 -6.520253377134393E-02 4.724411353577974E-02
 93 435203 -5.650035548109680E-02 3.577005569727235E-02
 94 436226 -4.923761836091076E-02 2.753366086468170E-02
 95 436476 -4.250113288645088E-02 2.085433841874610E-02
 96 435612 -3.465578662392988E-02 1.403901050529460E-02
 97 436511 -2.665168682848248E-02 8.293288637883008E-03
 98 435042 -1.924628998466881E-02 4.476724535642720E-03
 99 435738 -1.238795908793675E-02 1.848963421250019E-03
 100 434694 -5.173223421046880E-03 3.577142335436525E-04
 101 435021 2.937476878101522E-03 6.694418331789121E-05
 102 435582 1.016517031883000E-02 1.083027234360586E-03
 103 436830 1.788185828032011E-02 3.502776153140709E-03
 104 436427 2.515199956496365E-02 7.100727249294354E-03
 105 435850 3.326389901709742E-02 1.249113496996504E-02
 106 437452 4.229696159315526E-02 2.016818304971480E-02
 107 436788 4.917181436169856E-02 2.693896029573834E-02
 108 436177 5.594011497132501E-02 3.477320676590984E-02
 109 437952 6.320619992275943E-02 4.393081445086702E-02
 110 437527 7.107922840656695E-02 5.507991594024661E-02
 111 435554 7.809116132725084E-02 6.545992864018979E-02
 112 436023 8.585038370076317E-02 7.817039416756080E-02
 113 438957 9.297290648569509E-02 9.068706402147828E-02
 114 439876 0.1004773787440901 0.1045298648227206
 115 438585 0.1085095691942856 0.1200071621423234
 116 439813 0.1161984495228796 0.1360386706072339
 117 438202 0.1233595949589085 0.1498891105457856
 118 440910 0.1320021495043693 0.1690247170580741
 119 438961 0.1395411328556332 0.1849591746968382
 120 440403 0.1468798343172345 0.2017185624342754
 121 442633 0.1544961663508150 0.2178176289917621
 122 442750 0.1622061567931073 0.2359824709657199
 123 441406 0.1701906906356335 0.2532458646581136
 124 443890 0.1772279518041800 0.2697673812768591
 125 443824 0.1849785913064613 0.2883561620179673
 126 445496 0.1928720850890199 0.3059057872565714
 127 444788 0.2010471840048138 0.3252685758134826
 128 448378 0.2084416083156796 0.3402339679084377
 129 448518 0.2168937413725348 0.3586831136763031
 130 448615 0.2248214204566767 0.3766496260487150
 131 448990 0.2323143947502381 0.3929668361145632
 132 449575 0.2404404485853771 0.4082523445339828
 133 451601 0.2477475087892598 0.4242577008878671
 134 452326 0.2556169880392934 0.4417522748584923
 135 452478 0.2644815709412205 0.4571263486796785
 136 455205 0.2724765361200591 0.4733374436977187
 137 455825 0.2808425339097235 0.4904447849407343
 138 457083 0.2882648155034906 0.5034740687445427
 139 458825 0.2967749067007849 0.5195222857447775
 140 460192 0.3052333782622943 0.5340433780739441
 141 461902 0.3125363424043454 0.5478182856906266
 142 461801 0.3210417363523756 0.5614127437916117
 143 464330 0.3290477834731917 0.5748117589901538
 144 465817 0.3375292172053393 0.5880484218186195
 145 467397 0.3455861092274669 0.5995158018535449
 146 467362 0.3553810569523354 0.6161407932369105
 147 470451 0.3631755535966369 0.6261335352502138
 148 471450 0.3717305559779041 0.6395061299525422
 149 472846 0.3804821370844624 0.6509414378343058
 150 473952 0.3893485277754795 0.6634641217456432
 151 475572 0.3975384014259929 0.6738270191561327
 152 477500 0.4066138504897172 0.6845785072030963
 153 480538 0.4149083617388318 0.6945562509728641
 154 481967 0.4236297623927772 0.7051837945782949
 155 481811 0.4332603255149993 0.7167162399661350
 156 485919 0.4425374296038221 0.7270751057588013
 157 488652 0.4507996058831134 0.7348042928492503
 158 490937 0.4601504674841692 0.7450592761204143
 159 492341 0.4696974880848364 0.7547941258242651
 160 494339 0.4790569375444723 0.7638854994456684
 161 496538 0.4880174305800883 0.7720094315910936
 162 500423 0.4972927339912205 0.7793758897291541
 163 501265 0.5071410075784949 0.7889855888413275
 164 503208 0.5178038025974776 0.7978324967841610
 165 505547 0.5275486174629007 0.8053802569261085
 166 509788 0.5364762062869199 0.8119514049758110
 167 514619 0.5472479892762115 0.8212108728315798
 168 514763 0.5565197335872079 0.8271366899038859
 169 517025 0.5671693243407119 0.8346935189106726
 170 521180 0.5782900116947554 0.8426513235704270
 171 524706 0.5872463713895116 0.8483938984669164
 172 525579 0.5976712899078949 0.8553409993026689
 173 530752 0.6086037924049942 0.8622475767642785
 174 532334 0.6192069672335309 0.8688538516547881
 175 535802 0.6310183836029268 0.8749235993861598
 176 539349 0.6418428466696869 0.8807740482214544
 177 543182 0.6530434979674061 0.8860831974370360
 178 545745 0.6648449875331037 0.8928253727650670
 179 552733 0.6761443094848295 0.8984783298952589
 180 556839 0.6881171197540142 0.9039764895904205
 181 560711 0.6997011948591902 0.9096468023062636
 182 565600 0.7123946798625360 0.9154574784934321
 183 571475 0.7245119878461833 0.9204096869668777
 184 574715 0.7370983643459991 0.9255743326841800
 185 579059 0.7496469592149048 0.9306742653160880
 186 583438 0.7630490123575767 0.9358207601081511
 187 588217 0.7764847224022196 0.9408229920933875
 188 592688 0.7903529312941041 0.9456411736128746
 189 599776 0.8039215676203885 0.9501306430347294
 190 607083 0.8188503304381479 0.9551237173348223
 191 613344 0.8335104238843110 0.9600360750106312
 192 619859 0.8480928234445509 0.9643061058609924
 193 625804 0.8636556212577942 0.9686305990476158
 194 632052 0.8798488763051964 0.9732736928597159
 195 639854 0.8963140713484448 0.9775888838152419
 196 647415 0.9132956619710111 0.9820001028503170
 197 654260 0.9312138354941841 0.9861796403068559
 198 662723 0.9497811969471274 0.9903160130941574
 199 672584 0.9690520032611434 0.9942816669350233
 200 682456 0.9894210779712986 0.9981321455021279
