HDFname,Product,Date,Site,ProcessDate,Band,1,2,3,4,5,6,7,8,9,10,11,12,13,14,15,16,17,18,19,20,21,22,23,24,25,26,27,28,29,30,31,32,33,34,35,36,37,38,39,40,41,42,43,44,45,46,47,48,49
MOD15A2.A2004001.fn_usmafort.005.2007232071140.FparExtra_QC,MOD15A2,A2004001,fn_usmafort,2007232071140,FparExtra_QC,00001000,00001000,00001000,00001000,00001000,00001000,00001000,00001100,00001000,00001000,00001000,00001000,00001000,01000000,00001000,00001000,00001000,00001000,00001000,01001000,01000000,00100000,01001000,01001000,00110000,01001000,01001000,01001000,01001000,01001000,01001000,01001000,01001000,01001000,01001000,01001000,00100000,01001000,01001100,01000000,01000000,01000000,01001000,00100000,01001000,00100000,00100000,01000000,00100000
MOD15A2.A2004001.fn_usmafort.005.2007232071140.FparLai_QC,MOD15A2,A2004001,fn_usmafort,2007232071140,FparLai_QC,00000000,00000000,00000000,01110001,00010000,00010000,00010000,00000000,00010000,00010000,01100001,00010000,00010000,00000000,00010000,00010000,00000000,00010000,00010000,00010000,00010000,01110001,00000000,00000000,01101001,00010000,00000000,00000000,00000000,00000000,01110001,01110001,00010000,00000000,00000000,00010000,01110001,01110001,00000000,01100001,00000000,01100001,01110001,01110001,00010000,01110001,00010000,00000000,00010000
MOD15A2.A2004001.fn_usmafort.005.2007232071140.FparStdDev_1km,MOD15A2,A2004001,fn_usmafort,2007232071140,FparStdDev_1km,8,8,8,248,8,6,7,16,8,5,248,10,6,9,9,8,7,6,6,8,9,248,9,5,248,8,8,7,8,5,248,248,7,6,7,7,248,248,9,248,10,248,248,248,9,248,9,7,7
MOD15A2.A2004001.fn_usmafort.005.2007232071140.Fpar_1km,MOD15A2,A2004001,fn_usmafort,2007232071140,Fpar_1km,66,51,52,33,74,47,49,59,51,44,19,42,47,16,72,50,77,47,46,51,18,16,70,46,14,52,50,50,72,45,11,13,49,47,34,49,10,12,43,14,39,9,16,11,73,11,43,35,35
MOD15A2.A2004001.fn_usmafort.005.2007232071140.LaiStdDev_1km,MOD15A2,A2004001,fn_usmafort,2007232071140,LaiStdDev_1km,3,2,2,248,5,1,2,5,2,1,248,2,1,1,5,2,5,1,1,2,1,248,5,1,248,2,2,2,5,1,248,248,2,1,1,2,248,248,2,248,2,248,248,248,5,248,2,1,1
MOD15A2.A2004001.fn_usmafort.005.2007232071140.Lai_1km,MOD15A2,A2004001,fn_usmafort,2007232071140,Lai_1km,12,9,9,8,20,7,8,13,8,7,4,6,7,2,19,8,23,7,7,9,2,4,18,8,3,9,8,8,19,7,2,3,8,7,5,8,2,2,6,3,6,2,3,2,20,2,6,5,5
MOD15A2.A2004009.fn_usmafort.005.2007234073006.FparExtra_QC,MOD15A2,A2004009,fn_usmafort,2007234073006,FparExtra_QC,00001000,00001000,00001000,01001000,01001000,01001000,00001000,00001000,01001000,00001000,00001000,01001000,01001000,01001000,00001000,00001000,01001000,01001000,00001000,00001000,00001000,00001000,00001000,01001000,00001000,00001000,00001000,00001000,00001000,00001000,00001000,00001000,00001000,00001000,00001000,01001000,01001000,00001000,00001000,01000000,00001000,00001000,00001000,00001000,00001000,00001000,00001000,00001000,00001000
MOD15A2.A2004009.fn_usmafort.005.2007234073006.FparLai_QC,MOD15A2,A2004009,fn_usmafort,2007234073006,FparLai_QC,00010000,00010000,00010000,00010000,00010000,00010000,00010000,00001000,00010000,00010000,00000000,00000000,00010000,00010000,00010000,00010000,00010000,00010000,00010000,00010000,01110001,01110001,00010000,00010000,00000000,00010000,00010000,00010000,00010000,00010000,01110001,01110001,00010000,00010000,00010000,00010000,01110001,01110001,00010000,00000000,00010000,00010000,00000000,01110001,00010000,01110001,00000000,00010000,00010000
MOD15A2.A2004009.fn_usmafort.005.2007234073006.FparStdDev_1km,MOD15A2,A2004009,fn_usmafort,2007234073006,FparStdDev_1km,4,7,9,3,3,7,8,2,9,2,0,9,8,0,1,8,1,8,9,7,248,248,1,7,7,8,7,6,4,7,248,248,9,6,6,7,248,248,8,7,8,0,7,248,2,248,0,0,8
MOD15A2.A2004009.fn_usmafort.005.2007234073006.Fpar_1km,MOD15A2,A2004009,fn_usmafort,2007234073006,Fpar_1km,69,63,57,83,82,50,52,83,54,84,45,41,52,42,83,55,85,51,57,53,30,37,84,57,35,51,53,47,80,50,17,24,58,47,47,48,22,25,53,49,51,42,35,24,84,24,42,53,59
MOD15A2.A2004009.fn_usmafort.005.2007234073006.LaiStdDev_1km,MOD15A2,A2004009,fn_usmafort,2007234073006,LaiStdDev_1km,1,3,3,5,5,2,2,3,2,4,0,2,2,0,2,2,3,2,3,2,248,248,1,2,1,2,2,1,4,2,248,248,3,1,1,2,248,248,2,2,2,0,1,248,4,248,0,0,2
MOD15A2.A2004009.fn_usmafort.005.2007234073006.Lai_1km,MOD15A2,A2004009,fn_usmafort,2007234073006,Lai_1km,12,12,10,29,29,8,9,28,9,31,6,6,9,6,29,9,32,8,10,9,7,9,30,10,5,8,9,7,25,8,4,5,10,7,7,8,5,5,9,8,8,6,5,5,31,5,6,8,11
MOD15A2.A2004017.fn_usmafort.005.2007237042059.FparExtra_QC,MOD15A2,A2004017,fn_usmafort,2007237042059,FparExtra_QC,01000000,01001000,00001000,00100000,00000000,00000000,01001000,01000000,01001000,01000000,01000000,01000000,01001000,00001000,01001000,00001000,01000000,01000000,01000000,01000000,00001000,01000000,00100000,01000000,01001000,01001000,01000000,00001000,01000000,00000000,01000000,01001000,01000000,00001000,01001000,01001000,00100000,01000000,01000100,01000000,00001000,00001000,00100000,00100000,00000000,00000000,00001000,01001000,00001000
MOD15A2.A2004017.fn_usmafort.005.2007237042059.FparLai_QC,MOD15A2,A2004017,fn_usmafort,2007237042059,FparLai_QC,00010000,00010000,00000000,00000000,00010000,00010000,00010000,00010000,00000000,00000000,01110001,00000000,00010000,00000000,00000000,00000000,00000000,00010000,00010000,00000000,00000000,01110001,00010000,00000000,00000000,00000000,00000000,00000000,00010000,00010000,01110001,01100001,00010000,00000000,00010000,00000000,01110001,01100001,00000000,00000000,00000000,00000000,00010000,01110001,00010000,01110001,00010000,00000000,00010000
MOD15A2.A2004017.fn_usmafort.005.2007237042059.FparStdDev_1km,MOD15A2,A2004017,fn_usmafort,2007237042059,FparStdDev_1km,10,8,8,8,8,7,9,8,8,5,248,7,6,7,9,7,7,7,9,6,7,248,8,8,7,8,9,7,4,6,248,248,8,7,9,6,248,248,6,0,7,7,7,248,8,248,7,9,9
MOD15A2.A2004017.fn_usmafort.005.2007237042059.Fpar_1km,MOD15A2,A2004017,fn_usmafort,2007237042059,Fpar_1km,50,52,52,71,71,36,57,70,51,76,27,35,47,36,74,54,69,34,44,47,36,21,73,52,36,38,44,36,80,47,10,15,47,35,44,60,11,12,47,42,35,34,34,11,71,13,36,43,58
MOD15A2.A2004017.fn_usmafort.005.2007237042059.LaiStdDev_1km,MOD15A2,A2004017,fn_usmafort,2007237042059,LaiStdDev_1km,2,2,2,4,4,1,3,4,2,3,248,1,1,1,5,2,4,1,2,1,1,248,5,2,1,1,2,1,4,1,248,248,2,1,2,2,248,248,1,0,1,1,1,248,4,248,1,2,2
MOD15A2.A2004017.fn_usmafort.005.2007237042059.Lai_1km,MOD15A2,A2004017,fn_usmafort,2007237042059,Lai_1km,7,9,9,19,18,5,10,18,8,21,6,5,7,5,20,9,17,5,7,7,5,5,20,9,5,6,7,5,26,7,2,3,7,5,7,11,2,3,7,6,5,5,5,2,18,3,5,7,10
MOD15A2.A2004025.fn_usmafort.005.2007238100743.FparExtra_QC,MOD15A2,A2004025,fn_usmafort,2007238100743,FparExtra_QC,00000000,01000000,01001000,01001000,01001000,00001000,00001000,00001000,01001000,01001000,01001000,00001000,00001000,01000000,01000000,01001000,01001000,01001000,01001000,01001000,00100000,01001000,01001000,01001000,00001000,01001000,01001000,01000000,00001000,01001000,00001000,00001000,01001000,00001000,00001000,01000000,00001000,00001000,01000100,00001000,01001000,00100000,00001000,00001000,00001000,00001000,00001000,00001000,01001000
MOD15A2.A2004025.fn_usmafort.005.2007238100743.FparLai_QC,MOD15A2,A2004025,fn_usmafort,2007238100743,FparLai_QC,01101001,00001000,00010000,00010000,00010000,00010000,00010000,00010000,00010000,00010000,01110001,01110001,00010000,00010000,00010000,00010000,00010000,00010000,00010000,00010000,00000000,01110001,00010000,00010000,00000000,00010000,00010000,00010000,00000000,00010000,00000000,00000000,00010000,00000000,00010000,00000000,00000000,00000000,00000000,00000000,00010000,00001000,00000000,00000000,00000000,00000000,00000000,00000000,00010000
MOD15A2.A2004025.fn_usmafort.005.2007238100743.FparStdDev_1km,MOD15A2,A2004025,fn_usmafort,2007238100743,FparStdDev_1km,248,8,8,2,0,5,8,8,8,1,248,248,8,7,2,8,3,8,8,7,9,248,2,8,0,6,8,9,4,5,0,0,8,0,6,5,0,0,7,7,0,0,7,0,6,7,7,0,8
MOD15A2.A2004025.fn_usmafort.005.2007238100743.Fpar_1km,MOD15A2,A2004025,fn_usmafort,2007238100743,Fpar_1km,39,53,52,82,82,49,52,66,51,84,36,31,52,35,82,53,84,52,53,53,21,29,84,58,27,47,52,18,63,47,27,27,53,27,47,45,27,27,35,33,42,27,33,27,72,34,34,26,52
MOD15A2.A2004025.fn_usmafort.005.2007238100743.LaiStdDev_1km,MOD15A2,A2004025,fn_usmafort,2007238100743,LaiStdDev_1km,248,2,2,3,0,1,2,4,2,2,248,248,2,1,2,2,5,2,2,2,1,248,3,2,0,1,2,1,2,1,0,0,2,0,1,1,0,0,1,1,0,0,1,0,4,1,1,0,2
MOD15A2.A2004025.fn_usmafort.005.2007238100743.Lai_1km,MOD15A2,A2004025,fn_usmafort,2007238100743,Lai_1km,9,9,9,28,26,8,9,16,8,30,8,7,9,5,27,9,31,9,9,9,3,7,30,11,4,7,9,2,14,7,3,4,9,4,7,7,4,4,5,5,6,3,4,3,19,5,5,4,8
MOD15A2.A2004033.fn_usmafort.005.2007243221520.FparExtra_QC,MOD15A2,A2004033,fn_usmafort,2007243221520,FparExtra_QC,00001000,01000000,00001000,01000000,01000000,01000000,00110000,00001100,01001000,01001000,00001000,00001000,01000000,01000000,01000100,00110000,01001000,00110000,01000000,01000000,00001000,00100000,01001000,01001000,01001000,00110000,00110000,01001000,01000000,00001000,00001000,01000000,01000000,01000000,00110000,01000000,01000000,01000000,00110000,01000000,00110000,01000000,01000000,00110000,01000000,01000000,01000000,00110000,00001000
MOD15A2.A2004033.fn_usmafort.005.2007243221520.FparLai_QC,MOD15A2,A2004033,fn_usmafort,2007243221520,FparLai_QC,01100001,00000000,00000000,01110001,01110001,01110001,00010000,01100001,00010000,01100001,01100001,01100001,00010000,01110001,01100001,00000000,01110001,00010000,00010000,00010000,01110001,01100001,00000000,00000000,01100001,00010000,00010000,01110001,00000000,00000000,01100001,01100001,00010000,00010000,00010000,00000000,01100001,01110001,00001000,01110001,00010000,01110001,01110001,01110001,01110001,01110001,01110001,00010000,00010000
MOD15A2.A2004033.fn_usmafort.005.2007243221520.FparStdDev_1km,MOD15A2,A2004033,fn_usmafort,2007243221520,FparStdDev_1km,248,6,8,248,248,248,0,248,0,248,248,248,0,248,248,7,248,0,6,6,248,248,9,8,248,7,7,248,2,7,248,248,7,9,0,6,248,248,7,248,7,248,248,248,248,248,248,7,0
MOD15A2.A2004033.fn_usmafort.005.2007243221520.Fpar_1km,MOD15A2,A2004033,fn_usmafort,2007243221520,Fpar_1km,32,47,52,34,33,16,27,36,53,30,24,15,42,18,39,35,46,27,47,47,22,17,74,53,10,34,34,28,81,50,6,10,50,18,27,47,5,8,34,20,32,13,16,5,34,10,18,33,42
MOD15A2.A2004033.fn_usmafort.005.2007243221520.LaiStdDev_1km,MOD15A2,A2004033,fn_usmafort,2007243221520,LaiStdDev_1km,248,1,2,248,248,248,0,248,0,248,248,248,0,248,248,1,248,0,1,1,248,248,6,2,248,1,1,248,2,2,248,248,2,1,0,1,248,248,1,248,1,248,248,248,248,248,248,1,0
MOD15A2.A2004033.fn_usmafort.005.2007243221520.Lai_1km,MOD15A2,A2004033,fn_usmafort,2007243221520,Lai_1km,7,7,9,8,8,3,3,9,8,7,5,3,6,4,9,5,12,3,7,7,5,4,21,9,2,5,5,6,26,8,1,2,8,2,3,7,1,2,5,4,4,3,3,1,8,2,4,4,6
MOD15A2.A2004041.fn_usmafort.005.2007245095920.FparExtra_QC,MOD15A2,A2004041,fn_usmafort,2007245095920,FparExtra_QC,00001100,00001000,00000000,00100000,00100000,01000000,01001000,00001100,00100000,00100000,00100000,00100000,01001000,00100000,00001000,00001000,01001000,01000100,01000100,01000000,00110000,00001000,01001000,00001000,01000000,00110000,00000000,00110000,01001000,01001000,01001000,01001000,01001000,01001000,00100000,01000000,00100000,00100000,00000100,00001000,00100000,00110000,00100000,00100000,00001100,01000000,01001100,01001100,01000000
MOD15A2.A2004041.fn_usmafort.005.2007245095920.FparLai_QC,MOD15A2,A2004041,fn_usmafort,2007245095920,FparLai_QC,01100001,00000000,00000000,00010000,00001000,00000000,00010000,00000000,00001000,00101000,00010000,00010000,00010000,00010000,00010000,00000000,00010000,00000000,00000000,00010000,00010000,01100001,00000000,00010000,01110001,00010000,00010000,00010000,00010000,00010000,01110001,01110001,00010000,00010000,00010000,00000000,00010000,00010000,00000000,00010000,00010000,00010000,00010000,00010000,00000000,01110001,00000000,00000000,00010000
MOD15A2.A2004041.fn_usmafort.005.2007245095920.FparStdDev_1km,MOD15A2,A2004041,fn_usmafort,2007245095920,FparStdDev_1km,248,10,0,15,2,9,7,14,10,2,7,8,7,0,2,9,1,7,7,5,0,248,8,6,248,0,7,9,2,9,248,248,9,0,7,8,0,7,6,7,0,0,7,8,8,248,0,7,7
MOD15A2.A2004041.fn_usmafort.005.2007245095920.Fpar_1km,MOD15A2,A2004041,fn_usmafort,2007245095920,Fpar_1km,32,40,42,23,88,18,52,47,73,88,34,22,34,27,84,41,85,34,34,48,27,14,70,47,9,27,37,21,84,66,13,28,70,53,51,45,27,23,38,34,27,27,24,22,72,15,42,34,37
MOD15A2.A2004041.fn_usmafort.005.2007245095920.LaiStdDev_1km,MOD15A2,A2004041,fn_usmafort,2007245095920,LaiStdDev_1km,248,2,0,3,9,1,2,4,5,12,1,1,1,0,4,2,3,1,1,1,0,248,5,1,248,0,1,1,5,3,248,248,4,0,2,2,0,1,1,1,0,0,1,1,5,248,0,1,1
MOD15A2.A2004041.fn_usmafort.005.2007245095920.Lai_1km,MOD15A2,A2004041,fn_usmafort,2007245095920,Lai_1km,7,6,6,3,44,2,8,8,17,48,4,3,5,3,31,6,32,5,5,7,4,3,18,7,2,3,5,3,32,14,3,6,16,8,8,7,3,3,5,5,4,3,3,3,19,3,6,5,5
MOD15A2.A2004049.fn_usmafort.005.2007247224917.FparExtra_QC,MOD15A2,A2004049,fn_usmafort,2007247224917,FparExtra_QC,01001100,01001000,01001000,01001000,00100000,01000000,01000000,01000100,01000000,00100000,00100000,01000000,01001000,01000000,01000000,01000000,01000000,00000000,00001100,00001000,00000100,01001000,00100000,00000000,01000000,01000000,00000000,00001000,01000000,00000000,01001000,01000000,00001100,00001000,00001000,00001000,00100000,00100000,00001100,00001000,00001000,00001000,01000000,00100000,01001100,01000000,00001000,00001000,00001000
MOD15A2.A2004049.fn_usmafort.005.2007247224917.FparLai_QC,MOD15A2,A2004049,fn_usmafort,2007247224917,FparLai_QC,01100001,00010000,00010000,00000000,00001000,00010000,00010000,00000000,00000000,01101001,00001000,00010000,00000000,00010000,00000000,00000000,01110001,00010000,00000000,00000000,01100001,01110001,00000000,00000000,00000000,00000000,00000000,01110001,00000000,00000000,01101001,01100001,00000000,01110001,00000000,00000000,01110001,01110001,00000000,00000000,00000000,01110001,00000000,01101001,00000000,01101001,00000000,00010000,00010000
MOD15A2.A2004049.fn_usmafort.005.2007247224917.FparStdDev_1km,MOD15A2,A2004049,fn_usmafort,2007247224917,FparStdDev_1km,248,10,7,10,7,0,7,5,7,248,10,0,7,0,15,7,248,0,10,7,248,248,13,8,0,0,7,248,13,10,248,248,9,248,7,9,248,248,6,7,10,248,0,248,11,248,7,7,7
MOD15A2.A2004049.fn_usmafort.005.2007247224917.Fpar_1km,MOD15A2,A2004049,fn_usmafort,2007247224917,Fpar_1km,30,41,37,69,69,27,34,72,37,83,44,26,36,9,51,36,84,42,42,50,7,23,65,45,27,27,37,13,64,39,10,7,47,12,34,43,3,5,47,34,42,11,27,10,72,13,36,35,36
MOD15A2.A2004049.fn_usmafort.005.2007247224917.LaiStdDev_1km,MOD15A2,A2004049,fn_usmafort,2007247224917,LaiStdDev_1km,248,2,1,4,4,0,1,3,1,248,2,0,1,0,4,1,248,0,2,2,248,248,5,2,0,0,1,248,5,2,248,248,2,248,1,2,248,248,1,1,2,248,0,248,6,248,1,1,1
MOD15A2.A2004049.fn_usmafort.005.2007247224917.Lai_1km,MOD15A2,A2004049,fn_usmafort,2007247224917,Lai_1km,6,6,5,17,17,4,5,19,5,45,6,4,5,1,10,5,46,6,6,8,1,5,15,7,3,3,5,3,15,6,2,1,7,2,5,7,1,1,7,5,6,2,3,2,19,3,5,5,5
MOD15A2.A2004057.fn_usmafort.005.2007250190247.FparExtra_QC,MOD15A2,A2004057,fn_usmafort,2007250190247,FparExtra_QC,00000100,01001000,01001000,01001000,00001000,00001000,00001000,00001100,01001000,00001000,00001000,01001000,00001000,00001000,01001000,00001000,00001000,00001000,00001000,00001000,01001000,00100000,00001000,00001000,00001000,00001000,00001000,01000000,00001000,01001000,01001000,01001000,01001000,00001000,01001000,00001000,01001000,01001000,00001100,00001100,00001000,01001000,00001000,00001000,00001000,00001000,00001000,00001000,00001000
MOD15A2.A2004057.fn_usmafort.005.2007250190247.FparLai_QC,MOD15A2,A2004057,fn_usmafort,2007250190247,FparLai_QC,00000000,00010000,00000000,00000000,00010000,00010000,00010000,00000000,00000000,00000000,01110001,00000000,00010000,00010000,00000000,00000000,00000000,00000000,00000000,00000000,00000000,00001000,00000000,00000000,01100001,00010000,00010000,00000000,00000000,00000000,01100001,01100001,00000000,00010000,00000000,00000000,01100001,01100001,00000000,00000000,00000000,00000000,00000000,01100001,00010000,00000000,00000000,00010000,00010000
MOD15A2.A2004057.fn_usmafort.005.2007250190247.FparStdDev_1km,MOD15A2,A2004057,fn_usmafort,2007250190247,FparStdDev_1km,10,6,5,10,1,5,6,8,8,7,248,6,6,8,10,7,2,6,6,0,0,9,0,7,248,8,7,6,3,6,248,248,5,6,6,6,248,248,5,7,8,6,6,248,7,6,8,8,0
MOD15A2.A2004057.fn_usmafort.005.2007250190247.Fpar_1km,MOD15A2,A2004057,fn_usmafort,2007250190247,Fpar_1km,48,47,37,70,83,30,46,69,34,71,32,28,46,33,68,35,85,47,48,42,33,12,84,53,22,34,35,29,82,47,12,16,36,29,27,46,13,14,38,30,33,29,29,14,72,27,33,33,42
MOD15A2.A2004057.fn_usmafort.005.2007250190247.LaiStdDev_1km,MOD15A2,A2004057,fn_usmafort,2007250190247,LaiStdDev_1km,3,1,1,6,2,1,1,5,2,5,248,1,1,2,6,2,3,1,1,0,0,2,0,2,248,2,2,1,5,1,248,248,1,1,1,1,248,248,1,2,2,1,1,248,5,1,2,2,0
MOD15A2.A2004057.fn_usmafort.005.2007250190247.Lai_1km,MOD15A2,A2004057,fn_usmafort,2007250190247,Lai_1km,9,7,7,23,29,5,7,22,7,24,7,5,7,6,22,7,32,7,7,6,6,2,31,9,5,6,7,5,29,7,2,3,7,5,5,7,3,3,7,5,6,5,5,3,24,5,6,6,6
MOD15A2.A2004065.fn_usmafort.005.2007254235747.FparExtra_QC,MOD15A2,A2004065,fn_usmafort,2007254235747,FparExtra_QC,01000000,00000000,00001000,00001000,00001000,00001000,00001000,00001000,00000000,00001000,00001000,01000000,00001000,01000000,00000000,00001000,00001000,00001000,01000000,00001000,00001000,00001000,00001000,00001000,01000000,01000000,01000000,00001000,00001000,00001000,01001000,00001000,00001000,00001000,00001000,00001000,00000000,01000000,00001000,00001000,00001000,00001000,00001000,01000000,01000000,00001000,00001000,00001000,00001000
MOD15A2.A2004065.fn_usmafort.005.2007254235747.FparLai_QC,MOD15A2,A2004065,fn_usmafort,2007254235747,FparLai_QC,00000000,00000000,00000000,00000000,00000000,00000000,00000000,00000000,00000000,00000000,01100001,00000000,00000000,00000000,00000000,00000000,00000000,00000000,00000000,00000000,01100001,00000000,00000000,00000000,00000000,00000000,00000000,01100001,00000000,00000000,00000000,01100001,00000000,01100001,01100001,00000000,00000000,00000000,00000000,00000000,00000000,01100001,00000000,00000000,00000000,00000000,00000000,00000000,01100001
MOD15A2.A2004065.fn_usmafort.005.2007254235747.FparStdDev_1km,MOD15A2,A2004065,fn_usmafort,2007254235747,FparStdDev_1km,9,7,8,1,1,7,4,1,8,2,248,7,7,9,4,8,2,6,8,4,248,13,7,7,7,9,10,248,2,6,7,248,6,248,248,8,7,7,6,4,4,248,8,7,5,4,6,7,248
MOD15A2.A2004065.fn_usmafort.005.2007254235747.Fpar_1km,MOD15A2,A2004065,fn_usmafort,2007254235747,Fpar_1km,63,55,56,85,85,48,47,84,54,85,35,43,52,33,84,56,85,51,53,47,27,26,78,62,42,40,37,29,85,50,42,23,51,29,23,54,43,41,51,46,47,18,47,42,35,49,51,44,28
MOD15A2.A2004065.fn_usmafort.005.2007254235747.LaiStdDev_1km,MOD15A2,A2004065,fn_usmafort,2007254235747,LaiStdDev_1km,4,3,3,3,3,2,1,3,3,4,248,2,2,2,6,3,5,2,3,1,248,3,8,3,2,2,3,248,5,2,2,248,2,248,248,3,2,2,2,1,1,248,3,2,1,1,2,2,248
MOD15A2.A2004065.fn_usmafort.005.2007254235747.Lai_1km,MOD15A2,A2004065,fn_usmafort,2007254235747,Lai_1km,15,13,13,41,41,10,10,37,12,41,8,9,12,6,39,13,42,11,12,10,6,5,31,16,9,8,7,6,40,11,8,5,11,7,5,12,9,8,11,9,10,4,10,9,7,10,11,9,6
MOD15A2.A2004073.fn_usmafort.005.2007257071836.FparExtra_QC,MOD15A2,A2004073,fn_usmafort,2007257071836,FparExtra_QC,00001000,00110000,00001000,00001000,01000000,00110000,00001000,00001000,00001000,00001000,00001000,00001000,00001000,01000000,00001000,00001000,00001000,00001000,00001000,00001000,00001000,01001000,00001000,00001000,00001000,00001000,00001000,00001000,01000000,01000000,01000000,00001000,00001000,00001000,00001000,00110000,01000000,01000000,00001000,01000000,01000000,00001000,01000000,00100000,01001000,01001000,01001000,01001000,01001000
MOD15A2.A2004073.fn_usmafort.005.2007257071836.FparLai_QC,MOD15A2,A2004073,fn_usmafort,2007257071836,FparLai_QC,00000000,00001000,00000000,00000000,00000000,00001000,00000000,00010000,00000000,00000000,01100001,00000000,00000000,01100001,00010000,00010000,00000000,00000000,00000000,00000000,00000000,01100001,00000000,00000000,00000000,00000000,00000000,00000000,00000000,00000000,01100001,00000000,00000000,00000000,00000000,00001000,01100001,00000000,00000000,00000000,00000000,00000000,00000000,01101001,00000000,01100001,00000000,00010000,00010000
MOD15A2.A2004073.fn_usmafort.005.2007257071836.FparStdDev_1km,MOD15A2,A2004073,fn_usmafort,2007257071836,FparStdDev_1km,9,5,4,9,1,5,6,10,4,9,248,6,6,248,7,3,9,5,5,4,6,248,9,4,6,6,5,6,12,8,248,6,5,6,6,0,248,6,6,5,5,6,8,248,7,248,5,8,8
MOD15A2.A2004073.fn_usmafort.005.2007257071836.Fpar_1km,MOD15A2,A2004073,fn_usmafort,2007257071836,Fpar_1km,38,38,33,67,87,38,27,66,34,68,28,28,28,21,61,32,65,27,28,34,28,29,64,29,27,28,29,29,62,34,11,28,28,28,27,33,11,27,28,36,36,27,25,15,72,18,29,35,35
MOD15A2.A2004073.fn_usmafort.005.2007257071836.LaiStdDev_1km,MOD15A2,A2004073,fn_usmafort,2007257071836,LaiStdDev_1km,2,1,1,5,2,1,1,6,1,6,248,1,1,248,4,1,5,1,1,1,1,248,5,1,1,1,1,1,6,2,248,1,1,1,1,0,248,1,1,1,1,1,2,248,5,248,1,2,2
MOD15A2.A2004073.fn_usmafort.005.2007257071836.Lai_1km,MOD15A2,A2004073,fn_usmafort,2007257071836,Lai_1km,7,7,7,21,47,7,5,21,7,22,6,5,5,4,18,6,20,5,5,7,5,7,20,6,5,5,5,5,19,6,2,5,5,5,5,6,2,5,5,7,7,5,4,3,25,4,5,7,7
MOD15A2.A2004081.fn_usmafort.005.2007261130640.FparExtra_QC,MOD15A2,A2004081,fn_usmafort,2007261130640,FparExtra_QC,00001000,00001000,00001000,00001000,00001000,00001000,00001000,00001000,00001000,00001000,00001000,00001000,00001000,00001000,00001000,00001000,00001000,00001000,00001000,00001000,00001000,00001000,00001000,00001000,00001000,00001000,00001000,00001000,00001000,00001000,00001000,00001000,00001000,00001000,00001000,00001000,00001000,00001000,00001000,00001000,00001000,00001000,00001000,00001000,00001000,00001000,00001000,00001000,00001000
MOD15A2.A2004081.fn_usmafort.005.2007261130640.FparLai_QC,MOD15A2,A2004081,fn_usmafort,2007261130640,FparLai_QC,00000000,00000000,00000000,00000000,00000000,00000000,00000000,00000000,00000000,00000000,00000000,00000000,00000000,00000000,00000000,00000000,00000000,00000000,00000000,00000000,00000000,00000000,00000000,00000000,00000000,00000000,00000000,00000000,00000000,00000000,00000000,00000000,00000000,00000000,00000000,00000000,00000000,00000000,00000000,00000000,00000000,00000000,00000000,00000000,00000000,00000000,00000000,00000000,00000000
MOD15A2.A2004081.fn_usmafort.005.2007261130640.FparStdDev_1km,MOD15A2,A2004081,fn_usmafort,2007261130640,FparStdDev_1km,8,7,6,10,11,5,5,2,7,1,9,7,0,5,3,7,2,6,6,0,5,15,1,6,7,5,5,8,3,6,7,5,0,8,6,6,7,7,0,0,5,6,5,8,10,5,5,5,8
MOD15A2.A2004081.fn_usmafort.005.2007261130640.Fpar_1km,MOD15A2,A2004081,fn_usmafort,2007261130640,Fpar_1km,53,55,50,66,64,36,36,85,52,87,47,33,43,36,85,53,86,45,49,43,36,35,84,49,34,37,37,33,84,43,34,37,43,33,28,44,33,34,43,43,36,28,36,33,67,37,37,36,32
MOD15A2.A2004081.fn_usmafort.005.2007261130640.LaiStdDev_1km,MOD15A2,A2004081,fn_usmafort,2007261130640,LaiStdDev_1km,3,3,2,6,6,1,1,4,2,2,3,2,0,1,6,3,4,2,2,0,1,4,2,2,2,1,1,2,6,2,2,1,0,2,1,2,2,2,0,0,1,1,1,2,6,1,1,1,2
MOD15A2.A2004081.fn_usmafort.005.2007261130640.Lai_1km,MOD15A2,A2004081,fn_usmafort,2007261130640,Lai_1km,12,12,11,21,20,7,7,40,11,44,10,7,8,7,40,12,42,9,10,8,7,8,39,10,7,7,7,6,40,8,7,7,8,6,5,9,6,7,8,8,7,5,7,6,21,7,7,7,6
MOD15A2.A2004089.fn_usmafort.005.2007264114941.FparExtra_QC,MOD15A2,A2004089,fn_usmafort,2007264114941,FparExtra_QC,00001000,00001000,00001000,00001000,00001000,00001000,00001000,00001000,00001000,00001000,00001000,00001000,00001000,00001000,00001000,00001000,00001000,00001000,00001000,00001000,00001000,00001000,00001000,00001000,00001000,00001000,00001000,00001000,00001000,00001000,00001000,00001000,00001000,00001000,00001000,00001000,00001000,00001000,00001000,00001000,00001000,00001000,00001000,00001000,00001000,00001000,00001000,00001000,00001000
MOD15A2.A2004089.fn_usmafort.005.2007264114941.FparLai_QC,MOD15A2,A2004089,fn_usmafort,2007264114941,FparLai_QC,00000000,00000000,00000000,00000000,00000000,00000000,00000000,00000000,00000000,00000000,00000000,00000000,00000000,00000000,00000000,00000000,00000000,00000000,00000000,00000000,00000000,00000000,00000000,00000000,00000000,00000000,00000000,00000000,00000000,00000000,00000000,00000000,00000000,00000000,00000000,00000000,00000000,00000000,00000000,00000000,00000000,00000000,00000000,00000000,00000000,00000000,00000000,00000000,00000000
MOD15A2.A2004089.fn_usmafort.005.2007264114941.FparStdDev_1km,MOD15A2,A2004089,fn_usmafort,2007264114941,FparStdDev_1km,10,8,8,4,4,7,7,5,8,3,7,7,7,7,5,8,4,7,7,7,7,5,5,7,7,7,7,7,6,7,7,7,7,7,5,7,5,7,7,7,7,5,7,7,2,7,7,7,7
MOD15A2.A2004089.fn_usmafort.005.2007264114941.Fpar_1km,MOD15A2,A2004089,fn_usmafort,2007264114941,Fpar_1km,57,49,47,82,82,43,42,79,47,82,51,42,43,42,79,47,82,43,43,43,42,78,79,49,43,43,42,42,79,42,41,43,43,41,38,42,38,41,42,43,42,38,42,42,83,44,43,42,40
MOD15A2.A2004089.fn_usmafort.005.2007264114941.LaiStdDev_1km,MOD15A2,A2004089,fn_usmafort,2007264114941,LaiStdDev_1km,4,2,3,5,5,2,2,6,3,5,2,2,2,2,6,3,6,2,2,2,2,5,6,2,2,2,2,2,7,2,2,2,2,2,1,2,1,2,2,2,2,1,2,2,4,2,2,2,2
MOD15A2.A2004089.fn_usmafort.005.2007264114941.Lai_1km,MOD15A2,A2004089,fn_usmafort,2007264114941,Lai_1km,12,11,10,35,35,9,9,32,10,35,10,9,9,9,32,10,35,9,9,9,9,30,31,11,9,9,9,9,31,9,8,9,9,8,7,9,7,8,9,9,9,7,9,8,36,9,9,9,8
MOD15A2.A2004097.fn_usmafort.005.2007266005930.FparExtra_QC,MOD15A2,A2004097,fn_usmafort,2007266005930,FparExtra_QC,00000000,00001000,00000000,01000000,00000000,00000000,01000000,01000000,01000000,01000000,01000000,01000000,00000000,01000000,01000000,01000000,01000000,01000000,00000000,01000000,00000000,01000000,01000000,01000000,00000000,00000000,00000000,00000000,01000000,01000000,00000000,00000000,00000000,00000000,00000000,01000000,00000000,00000000,00000000,00000000,00000000,00000000,00000000,00000000,00000000,00000000,00000000,00000000,00000000
MOD15A2.A2004097.fn_usmafort.005.2007266005930.FparLai_QC,MOD15A2,A2004097,fn_usmafort,2007266005930,FparLai_QC,00000000,00000000,00000000,00000000,00000000,00000000,00000000,00000000,00000000,00000000,00000000,00000000,00000000,00000000,00000000,00000000,00000000,00000000,00000000,00000000,00000000,00000000,00000000,00000000,00000000,00000000,00000000,00000000,00000000,00000000,00000000,00000000,00000000,00000000,00000000,00000000,00000000,00000000,00000000,00000000,00000000,00000000,00000000,00000000,00000000,00000000,00000000,00000000,00000000
MOD15A2.A2004097.fn_usmafort.005.2007266005930.FparStdDev_1km,MOD15A2,A2004097,fn_usmafort,2007266005930,FparStdDev_1km,10,8,8,3,7,9,7,7,8,3,7,8,8,7,7,8,4,6,8,8,8,9,6,7,8,7,7,8,6,8,9,7,7,7,7,8,9,9,7,7,8,8,9,8,4,7,8,8,8
MOD15A2.A2004097.fn_usmafort.005.2007266005930.Fpar_1km,MOD15A2,A2004097,fn_usmafort,2007266005930,Fpar_1km,67,54,57,84,80,47,52,81,54,84,68,47,54,52,79,54,84,50,54,56,49,71,81,62,48,53,53,49,81,53,47,52,52,49,43,54,46,46,54,50,54,45,47,46,84,53,54,54,49
MOD15A2.A2004097.fn_usmafort.005.2007266005930.LaiStdDev_1km,MOD15A2,A2004097,fn_usmafort,2007266005930,LaiStdDev_1km,6,3,3,4,7,3,3,7,3,4,4,3,3,2,7,3,6,2,3,3,2,6,8,3,3,3,3,2,8,3,3,2,2,2,2,3,3,3,3,2,3,2,3,3,5,3,3,3,2
MOD15A2.A2004097.fn_usmafort.005.2007266005930.Lai_1km,MOD15A2,A2004097,fn_usmafort,2007266005930,Lai_1km,17,12,14,38,33,10,12,34,12,38,17,10,12,12,32,12,39,11,12,13,11,24,35,16,10,12,12,11,35,12,10,12,12,11,9,12,10,10,12,11,12,9,10,10,38,12,12,12,11
MOD15A2.A2004105.fn_usmafort.005.2007267063958.FparExtra_QC,MOD15A2,A2004105,fn_usmafort,2007267063958,FparExtra_QC,00000000,00001000,00001000,00001000,00000000,00001000,00001000,00000000,00001000,00001000,00001000,00001000,00001000,00001000,00000000,00001000,00001000,00001000,00001000,00001000,00001000,00001000,00001000,00001000,00001000,00001000,00001000,00001000,00001000,00001000,00001000,00001000,00001000,00001000,00001000,00001000,00001000,00001000,00001000,00001000,00001000,00001000,00001000,00001000,00001000,00001000,00001000,00001000,00001000
MOD15A2.A2004105.fn_usmafort.005.2007267063958.FparLai_QC,MOD15A2,A2004105,fn_usmafort,2007267063958,FparLai_QC,00000000,00000000,00000000,00000000,00000000,00000000,00000000,00000000,00000000,00000000,00000000,00000000,00000000,00000000,00000000,00000000,00000000,00000000,00000000,00000000,00000000,00000000,00000000,00000000,00000000,00000000,00000000,00000000,00000000,00000000,00000000,00000000,00000000,00000000,00000000,00000000,00000000,00000000,00000000,00000000,00000000,00000000,00000000,00000000,00000000,00000000,00000000,00000000,00000000
MOD15A2.A2004105.fn_usmafort.005.2007267063958.FparStdDev_1km,MOD15A2,A2004105,fn_usmafort,2007267063958,FparStdDev_1km,9,7,7,12,10,7,7,11,7,1,5,7,8,7,10,7,1,7,8,8,6,9,5,8,7,8,8,7,4,7,9,8,8,7,8,8,8,9,8,7,8,7,7,8,1,6,8,8,7
MOD15A2.A2004105.fn_usmafort.005.2007267063958.Fpar_1km,MOD15A2,A2004105,fn_usmafort,2007267063958,Fpar_1km,56,56,57,73,64,48,47,62,56,86,62,48,51,48,64,57,86,48,51,52,45,74,82,58,48,51,50,48,83,48,45,51,51,48,43,52,42,45,52,48,51,48,47,41,86,50,51,50,48
MOD15A2.A2004105.fn_usmafort.005.2007267063958.LaiStdDev_1km,MOD15A2,A2004105,fn_usmafort,2007267063958,LaiStdDev_1km,4,3,3,11,6,3,3,6,3,4,3,3,3,3,6,3,4,3,3,3,2,8,8,4,3,3,3,3,7,3,3,3,3,3,3,3,3,3,3,3,3,3,3,3,4,2,3,3,3
MOD15A2.A2004105.fn_usmafort.005.2007267063958.Lai_1km,MOD15A2,A2004105,fn_usmafort,2007267063958,Lai_1km,15,16,16,31,23,12,12,22,16,50,17,12,14,12,23,16,49,12,14,14,11,31,42,17,12,13,13,12,44,13,11,14,13,12,10,14,10,11,14,12,13,12,12,10,48,13,14,13,12
MOD15A2.A2004113.fn_usmafort.005.2007268231339.FparExtra_QC,MOD15A2,A2004113,fn_usmafort,2007268231339,FparExtra_QC,00001000,00001000,01000000,01001000,01000000,00000000,00000000,01001000,00100000,00001000,01000000,01000000,01000000,00000000,01001000,01000000,01000000,01000000,01000000,01000000,00000000,01001000,01000000,01000000,01000000,01000000,01000000,00000000,01000000,01000000,01000000,01000000,01000000,00000000,00000000,01000000,01000000,01000000,01000000,01000000,00000000,01000000,01000000,01000000,01000000,01000000,01000000,01000000,01000000
MOD15A2.A2004113.fn_usmafort.005.2007268231339.FparLai_QC,MOD15A2,A2004113,fn_usmafort,2007268231339,FparLai_QC,00000000,00000000,00000000,00000000,00000000,00000000,00000000,00000000,00001000,00000000,00000000,00000000,00000000,00000000,00000000,00000000,00000000,00000000,00000000,00000000,00000000,00000000,00000000,00000000,00000000,00000000,00000000,00000000,00000000,00000000,00000000,00000000,00000000,00000000,00000000,00000000,00000000,00000000,00000000,00000000,00000000,00000000,00000000,00000000,00000000,00000000,00000000,00000000,00000000
MOD15A2.A2004113.fn_usmafort.005.2007268231339.FparStdDev_1km,MOD15A2,A2004113,fn_usmafort,2007268231339,FparStdDev_1km,7,7,8,8,1,7,8,10,7,10,10,8,8,7,10,8,5,9,8,7,8,11,1,8,8,8,8,7,11,8,7,7,8,7,9,8,8,8,7,7,9,7,8,7,1,8,8,8,7
MOD15A2.A2004113.fn_usmafort.005.2007268231339.Fpar_1km,MOD15A2,A2004113,fn_usmafort,2007268231339,Fpar_1km,66,57,58,66,86,48,50,71,56,72,66,50,52,49,68,53,83,55,52,57,51,66,86,66,50,52,51,48,64,52,50,57,52,48,45,51,47,51,57,48,54,48,49,48,86,59,52,52,48
MOD15A2.A2004113.fn_usmafort.005.2007268231339.LaiStdDev_1km,MOD15A2,A2004113,fn_usmafort,2007268231339,LaiStdDev_1km,4,3,4,6,4,3,3,8,3,8,7,3,3,3,8,3,8,4,3,3,3,7,3,5,3,3,3,3,7,3,3,3,3,3,3,3,3,3,3,3,4,3,3,3,4,4,3,3,3
MOD15A2.A2004113.fn_usmafort.005.2007268231339.Lai_1km,MOD15A2,A2004113,fn_usmafort,2007268231339,Lai_1km,19,16,16,24,49,12,13,29,15,30,20,13,14,12,27,14,44,15,14,16,13,25,49,21,13,14,14,13,23,14,13,16,14,13,11,13,12,14,16,12,15,12,13,12,48,17,14,14,13
MOD15A2.A2004121.fn_usmafort.005.2007271092933.FparExtra_QC,MOD15A2,A2004121,fn_usmafort,2007271092933,FparExtra_QC,00001000,00110000,00110000,00001000,00001000,00110000,00110000,00000000,00000000,00001000,00001000,00100000,00110000,00110000,00000000,00000000,00001000,00110000,00110000,00110000,00110000,00001000,00001000,00001000,00001000,00001000,00001000,01000000,00001000,00001000,00001000,00001000,00001000,00001000,00001000,00001000,01000000,01000000,00001000,00001000,00001000,00001000,00001000,00001000,00001000,00001000,00001000,00001000,00001000
MOD15A2.A2004121.fn_usmafort.005.2007271092933.FparLai_QC,MOD15A2,A2004121,fn_usmafort,2007271092933,FparLai_QC,00000000,00010000,00010000,00000000,00000000,00010000,00001000,00000000,00000000,00000000,00000000,00000000,00001000,00001000,00100000,00000000,00000000,00001000,00001000,00001000,00001000,00000000,00000000,00000000,00000000,00000000,00000000,00000000,00000000,00000000,00000000,00000000,00000000,00000000,00000000,00000000,00000000,00000000,00000000,00000000,00000000,00000000,00000000,00000000,00000000,00000000,00000000,00000000,00000000
MOD15A2.A2004121.fn_usmafort.005.2007271092933.FparStdDev_1km,MOD15A2,A2004121,fn_usmafort,2007271092933,FparStdDev_1km,11,8,8,8,9,7,6,3,8,8,10,8,8,8,3,8,9,8,8,8,8,5,3,7,8,7,7,7,3,8,7,6,7,7,7,8,7,8,8,7,8,6,8,7,3,8,8,7,7
MOD15A2.A2004121.fn_usmafort.005.2007271092933.Fpar_1km,MOD15A2,A2004121,fn_usmafort,2007271092933,Fpar_1km,55,45,46,67,65,37,38,84,55,67,51,40,40,39,85,55,67,40,40,41,40,81,83,57,51,48,48,48,83,51,52,54,48,48,47,50,48,52,51,48,52,45,50,49,84,59,52,48,48
MOD15A2.A2004121.fn_usmafort.005.2007271092933.LaiStdDev_1km,MOD15A2,A2004121,fn_usmafort,2007271092933,LaiStdDev_1km,5,3,3,6,6,2,2,7,3,6,4,2,3,2,8,4,6,3,3,3,3,8,7,3,3,3,3,3,6,3,3,3,3,3,3,3,3,3,3,3,3,2,3,3,6,4,3,3,3
MOD15A2.A2004121.fn_usmafort.005.2007271092933.Lai_1km,MOD15A2,A2004121,fn_usmafort,2007271092933,Lai_1km,15,11,12,25,24,9,9,46,15,25,13,9,9,9,48,15,25,9,10,10,9,41,43,16,13,12,12,12,44,14,14,15,12,12,12,13,13,14,14,12,14,11,13,12,45,17,14,13,12
MOD15A2.A2004129.fn_usmafort.005.2007274143210.FparExtra_QC,MOD15A2,A2004129,fn_usmafort,2007274143210,FparExtra_QC,00001000,00001000,00001000,00001000,00001000,00001000,00001000,00001000,00001000,00001000,00001000,00001000,00001000,00001000,00001000,00001000,00001000,00001000,00001000,00001000,00001000,00001000,00001000,00001000,00001000,00001000,00001000,00001000,00001000,00001000,00001000,00001000,00001000,00001000,00001000,00001000,00001000,00001000,00001000,00001000,00001000,00001000,00001000,00001000,00001000,00001000,00001000,00001000,00001000
MOD15A2.A2004129.fn_usmafort.005.2007274143210.FparLai_QC,MOD15A2,A2004129,fn_usmafort,2007274143210,FparLai_QC,00000000,00100000,00100000,00100000,00100000,00100000,00100000,00100000,00100000,00100000,00100000,00100000,00100000,00100000,00100000,00100000,00100000,00100000,00100000,00100000,00100000,00100000,00100000,00100000,00100000,00100000,00100000,00100000,00100000,00100000,00100000,00100000,00100000,00100000,00100000,00100000,00100000,00100000,00100000,00100000,00100000,00100000,00100000,00100000,00100000,00100000,00100000,00100000,00100000
MOD15A2.A2004129.fn_usmafort.005.2007274143210.FparStdDev_1km,MOD15A2,A2004129,fn_usmafort,2007274143210,FparStdDev_1km,9,5,6,1,1,6,6,1,1,1,1,7,7,7,1,5,1,6,8,7,6,3,2,6,6,7,7,9,2,5,7,4,6,8,7,6,6,5,7,8,7,8,5,8,1,4,7,7,8
MOD15A2.A2004129.fn_usmafort.005.2007274143210.Fpar_1km,MOD15A2,A2004129,fn_usmafort,2007274143210,Fpar_1km,74,89,88,89,89,88,88,89,93,89,95,87,87,86,89,89,89,88,85,87,89,86,88,88,88,87,87,85,88,88,86,90,87,85,87,88,89,89,87,86,88,86,89,86,88,91,87,87,85
MOD15A2.A2004129.fn_usmafort.005.2007274143210.LaiStdDev_1km,MOD15A2,A2004129,fn_usmafort,2007274143210,LaiStdDev_1km,11,12,13,6,6,12,13,6,5,4,7,13,13,14,4,11,5,12,14,14,12,10,8,13,13,13,13,15,8,12,14,11,13,14,14,13,13,12,13,14,13,14,12,14,7,11,14,13,14
MOD15A2.A2004129.fn_usmafort.005.2007274143210.Lai_1km,MOD15A2,A2004129,fn_usmafort,2007274143210,Lai_1km,27,51,50,60,60,50,49,61,62,62,61,47,47,47,62,51,61,49,45,47,52,51,56,48,49,48,48,45,56,50,46,53,48,45,47,50,53,50,48,46,49,46,51,45,59,56,48,47,45
MOD15A2.A2004137.fn_usmafort.005.2007278053857.FparExtra_QC,MOD15A2,A2004137,fn_usmafort,2007278053857,FparExtra_QC,00000000,00000000,00000000,00000000,00000000,00000000,00000000,00000000,00000000,00000000,01000000,00000000,00000000,00000000,00000000,00000000,00000000,00000000,00000000,00000000,00000000,00000000,00000000,00000000,00000000,00000000,00000000,00000000,00000000,00000000,01000000,00000000,00000000,00000000,00000000,00000000,00000000,00000000,00000000,00000000,00000000,00000000,00000000,01000000,00000000,00000000,00000000,00000000,00000000
MOD15A2.A2004137.fn_usmafort.005.2007278053857.FparLai_QC,MOD15A2,A2004137,fn_usmafort,2007278053857,FparLai_QC,00000000,00100000,00100000,01100001,00100000,00100000,00100000,00100000,00100000,00100000,00100000,00100000,00100000,00100000,00100000,00100000,00100000,00100000,00100000,00100000,00100000,00000000,00100000,00100000,00100000,00100000,00100000,00100000,00100000,00100000,00100000,00100000,00100000,00100000,00100000,00100000,00100000,00100000,00100000,00100000,00100000,00100000,00100000,00100000,00100000,00100000,00100000,00100000,00100000
MOD15A2.A2004137.fn_usmafort.005.2007278053857.FparStdDev_1km,MOD15A2,A2004137,fn_usmafort,2007278053857,FparStdDev_1km,8,4,1,248,1,4,4,1,5,1,8,6,5,5,1,5,1,4,6,5,4,3,1,4,4,4,5,6,2,5,10,3,3,5,3,2,6,4,5,6,4,6,3,10,1,4,6,4,5
MOD15A2.A2004137.fn_usmafort.005.2007278053857.Fpar_1km,MOD15A2,A2004137,fn_usmafort,2007278053857,Fpar_1km,81,90,93,87,89,89,89,88,88,89,85,88,88,88,88,88,89,89,87,88,89,85,89,89,90,89,88,87,88,88,83,91,91,88,90,91,88,89,88,87,89,88,91,83,89,90,88,89,88
MOD15A2.A2004137.fn_usmafort.005.2007278053857.LaiStdDev_1km,MOD15A2,A2004137,fn_usmafort,2007278053857,LaiStdDev_1km,12,11,5,248,5,11,11,7,12,4,15,12,12,12,7,12,4,11,13,12,11,7,6,11,10,11,12,13,8,12,15,9,9,12,10,8,12,11,12,13,11,12,9,16,4,11,12,11,12
MOD15A2.A2004137.fn_usmafort.005.2007278053857.Lai_1km,MOD15A2,A2004137,fn_usmafort,2007278053857,Lai_1km,34,53,64,56,61,51,51,59,50,62,41,48,49,49,59,49,62,51,47,50,51,46,61,50,52,51,50,48,57,49,43,55,55,49,53,56,49,51,49,47,50,48,55,43,62,52,48,50,49
MOD15A2.A2004145.fn_usmafort.005.2007280224610.FparExtra_QC,MOD15A2,A2004145,fn_usmafort,2007280224610,FparExtra_QC,00000000,00000000,00000000,00000000,00000000,00000000,00100000,00000000,00100000,00000000,00000000,00001000,00001000,00000000,00000000,00000000,00000000,00001000,00100000,01000000,00100000,00000000,00000000,00000000,00000000,00000000,01000000,00000000,00000000,00000000,00000000,00000000,00000000,00100000,00110000,00000000,00000000,00000000,00000000,00100000,00110000,01000000,00000000,00000000,00000000,00100000,00100000,00000000,01000000
MOD15A2.A2004145.fn_usmafort.005.2007280224610.FparLai_QC,MOD15A2,A2004145,fn_usmafort,2007280224610,FparLai_QC,01100001,00000000,01100001,00100000,00100000,01100001,00001000,00100000,00001000,00100000,01100001,01100001,01100001,01100001,00100000,01100001,01100001,01100001,00101000,00100000,00001000,00100000,00100000,01100001,01100001,01100001,00100000,00100000,00100000,01100001,00100000,01100001,01100001,00101000,00100000,01100001,01100001,01100001,01100001,00110000,00100000,00100000,01100001,01100001,01100001,00110000,00010000,00000000,00000000
MOD15A2.A2004145.fn_usmafort.005.2007280224610.FparStdDev_1km,MOD15A2,A2004145,fn_usmafort,2007280224610,FparStdDev_1km,248,3,248,0,0,248,7,0,7,0,248,248,248,248,0,248,248,248,5,5,5,1,0,248,248,248,4,0,0,248,5,248,248,8,5,248,248,248,248,8,6,5,248,248,248,4,8,7,4
MOD15A2.A2004145.fn_usmafort.005.2007280224610.Fpar_1km,MOD15A2,A2004145,fn_usmafort,2007280224610,Fpar_1km,93,80,89,90,90,93,45,90,46,90,95,94,93,92,90,92,94,94,88,87,59,89,90,92,92,93,88,94,90,93,88,92,92,84,87,94,92,93,92,84,86,87,93,92,94,88,60,77,61
MOD15A2.A2004145.fn_usmafort.005.2007280224610.LaiStdDev_1km,MOD15A2,A2004145,fn_usmafort,2007280224610,LaiStdDev_1km,248,4,248,2,2,248,3,2,3,2,248,248,248,248,2,248,248,248,11,11,3,4,2,248,248,248,11,1,2,248,11,248,248,14,11,248,248,248,248,14,12,11,248,248,248,11,4,7,3
MOD15A2.A2004145.fn_usmafort.005.2007280224610.Lai_1km,MOD15A2,A2004145,fn_usmafort,2007280224610,Lai_1km,53,37,48,66,66,55,13,66,12,66,56,57,56,54,66,53,63,57,52,50,19,62,66,54,53,55,52,68,66,56,52,54,54,46,50,57,54,55,54,46,49,50,56,54,63,52,21,35,22
MOD15A2.A2004153.fn_usmafort.005.2007283160700.FparExtra_QC,MOD15A2,A2004153,fn_usmafort,2007283160700,FparExtra_QC,00000000,00000000,00000000,00000000,00000000,00000000,00000000,00000000,00000000,00000000,00000000,00000000,00000000,00000000,00000000,00000000,00000000,00110000,00000000,00000000,00000000,00000000,00000000,00110000,00000000,00000000,00000000,00110000,00000000,00110000,00000000,00000000,00110000,00110000,00100000,00110000,00000000,00110000,00110000,00110000,00100000,01000000,00000000,00110000,00110000,00110000,00110000,00000000,00000000
MOD15A2.A2004153.fn_usmafort.005.2007283160700.FparLai_QC,MOD15A2,A2004153,fn_usmafort,2007283160700,FparLai_QC,01100001,01100001,01100001,00100000,00100000,01100001,01100001,00100000,01100001,00100000,01100001,01100001,01100001,01100001,00100000,01100001,00100000,00001000,01100001,01100001,01100001,00100000,00100000,00001000,01100001,01100001,01100001,00010000,00100000,00010000,01100001,01100001,00010000,00010000,00101000,00010000,01100001,00001000,00010000,00010000,00010000,00000000,01100001,00001000,00010000,00010000,00010000,01100001,01100001
MOD15A2.A2004153.fn_usmafort.005.2007283160700.FparStdDev_1km,MOD15A2,A2004153,fn_usmafort,2007283160700,FparStdDev_1km,248,248,248,0,0,248,248,0,248,0,248,248,248,248,0,248,0,5,248,248,248,1,0,8,248,248,248,8,1,8,248,248,6,8,8,8,248,4,8,8,7,5,248,5,2,7,8,248,248
MOD15A2.A2004153.fn_usmafort.005.2007283160700.Fpar_1km,MOD15A2,A2004153,fn_usmafort,2007283160700,Fpar_1km,90,89,88,90,90,88,90,90,89,90,91,89,90,90,90,89,90,52,89,89,89,89,90,50,89,90,90,53,89,53,87,90,60,51,85,48,89,55,56,52,73,74,90,61,85,54,49,89,89
MOD15A2.A2004153.fn_usmafort.005.2007283160700.LaiStdDev_1km,MOD15A2,A2004153,fn_usmafort,2007283160700,LaiStdDev_1km,248,248,248,2,2,248,248,2,248,1,248,248,248,248,2,248,0,2,248,248,248,6,2,3,248,248,248,4,4,4,248,248,3,4,14,3,248,2,4,4,6,4,248,3,5,3,3,248,248
MOD15A2.A2004153.fn_usmafort.005.2007283160700.Lai_1km,MOD15A2,A2004153,fn_usmafort,2007283160700,Lai_1km,45,46,46,66,65,46,50,66,47,65,47,47,49,49,66,48,66,15,48,48,48,60,66,14,46,49,49,16,63,16,43,49,19,15,47,14,47,16,17,15,26,26,50,19,51,16,14,47,48
MOD15A2.A2004161.fn_usmafort.005.2007286101123.FparExtra_QC,MOD15A2,A2004161,fn_usmafort,2007286101123,FparExtra_QC,00000000,01001000,01000000,01000000,00000000,00001000,00000000,00001000,00001000,01000000,01000000,00001000,00001000,00001000,00001000,00001000,00100000,00001000,00001000,00001000,00001000,00100000,00110000,00001000,00001000,00001000,00001000,00001000,00110000,01000000,00001000,00100000,00001000,00001000,00001000,01000000,00001000,01000000,00001000,00001000,00001000,00001000,00001000,00001000,01000000,00001000,00001000,00001000,00001000
MOD15A2.A2004161.fn_usmafort.005.2007286101123.FparLai_QC,MOD15A2,A2004161,fn_usmafort,2007286101123,FparLai_QC,01100001,00100000,00100000,00100000,00100000,00100000,01100001,00100000,00100000,00100000,01100001,00100000,00100000,00100000,00100000,00100000,00100000,00100000,00100000,00100000,00100000,00100000,00100000,00100000,00100000,00100000,00100000,00100000,00100000,00100000,00100000,00100000,00100000,00100000,00100000,00100000,00100000,00100000,00100000,00100000,00100000,00100000,00100000,00100000,00100000,00100000,00100000,00100000,00100000
MOD15A2.A2004161.fn_usmafort.005.2007286101123.FparStdDev_1km,MOD15A2,A2004161,fn_usmafort,2007286101123,FparStdDev_1km,248,0,4,1,0,2,248,0,1,0,248,2,2,2,0,2,0,1,3,2,3,1,0,2,3,2,2,1,0,6,0,4,1,2,0,5,2,6,3,3,2,2,2,2,2,2,2,0,3
MOD15A2.A2004161.fn_usmafort.005.2007286101123.Fpar_1km,MOD15A2,A2004161,fn_usmafort,2007286101123,Fpar_1km,93,94,89,90,90,92,93,90,93,90,93,91,92,92,90,91,90,92,90,91,91,89,90,91,91,91,91,92,90,88,94,89,92,91,94,87,92,86,90,90,91,91,91,92,88,91,91,94,90
MOD15A2.A2004161.fn_usmafort.005.2007286101123.LaiStdDev_1km,MOD15A2,A2004161,fn_usmafort,2007286101123,LaiStdDev_1km,248,2,11,4,2,7,248,2,5,1,248,8,7,7,2,9,0,6,10,8,9,4,1,9,9,8,9,6,1,12,2,10,6,8,1,12,7,13,9,10,8,9,9,7,7,8,8,2,9
MOD15A2.A2004161.fn_usmafort.005.2007286101123.Lai_1km,MOD15A2,A2004161,fn_usmafort,2007286101123,Lai_1km,53,67,51,65,66,57,56,66,63,66,52,55,57,57,66,55,66,59,52,55,55,62,65,55,55,55,55,59,65,48,67,53,59,56,68,50,59,48,54,53,56,55,55,58,61,56,57,67,54
MOD15A2.A2004169.fn_usmafort.005.2007288133605.FparExtra_QC,MOD15A2,A2004169,fn_usmafort,2007288133605,FparExtra_QC,01001000,00001000,00001000,00000000,01000000,00000000,00000000,01000000,00001000,00000000,00001000,00001000,00000000,00001000,00001000,00001000,00000000,00001000,00001000,00000000,00100000,00001000,00000000,00000000,00000000,00100000,00110000,00001000,00100000,00100000,00000000,00100000,00100000,00001000,00110000,00100000,00000000,00001000,00001000,00001000,00001000,00110000,01000000,00000000,01000000,00001000,00001000,00110000,00001000
MOD15A2.A2004169.fn_usmafort.005.2007288133605.FparLai_QC,MOD15A2,A2004169,fn_usmafort,2007288133605,FparLai_QC,00100000,00100000,00100000,00100000,00000000,01100001,01100001,00000000,00100000,01100001,01100001,00100000,01100001,00100000,01100001,00100000,01100001,00100000,00100000,01100001,00000000,01100001,01100001,01100001,00100000,00100000,00100000,00100000,00100000,00100000,00100000,00100000,00100000,00100000,00100000,00100000,00100000,00100000,00100000,00100000,00100000,00100000,00100000,00100000,00100000,00100000,00100000,00100000,00100000
MOD15A2.A2004169.fn_usmafort.005.2007288133605.FparStdDev_1km,MOD15A2,A2004169,fn_usmafort,2007288133605,FparStdDev_1km,7,1,1,1,5,248,248,7,1,248,248,1,248,1,248,0,248,0,1,248,7,248,248,248,0,9,8,2,1,8,6,8,9,1,9,8,5,0,1,3,1,8,9,4,2,1,2,8,1
MOD15A2.A2004169.fn_usmafort.005.2007288133605.Fpar_1km,MOD15A2,A2004169,fn_usmafort,2007288133605,Fpar_1km,86,92,92,89,82,92,94,57,93,93,94,92,94,93,93,93,94,93,92,93,76,92,93,92,93,83,84,91,89,84,86,85,83,92,83,84,87,94,93,91,93,85,83,88,87,93,92,85,93
MOD15A2.A2004169.fn_usmafort.005.2007288133605.LaiStdDev_1km,MOD15A2,A2004169,fn_usmafort,2007288133605,LaiStdDev_1km,13,5,7,6,9,248,248,4,5,248,248,7,248,4,248,3,248,3,6,248,7,248,248,248,0,14,14,8,3,13,12,13,14,6,14,14,11,0,5,9,4,14,14,10,8,4,7,14,4
MOD15A2.A2004169.fn_usmafort.005.2007288133605.Lai_1km,MOD15A2,A2004169,fn_usmafort,2007288133605,Lai_1km,45,61,59,60,45,54,57,21,61,62,54,59,57,63,61,65,63,65,59,56,32,61,62,54,68,45,46,56,65,47,49,47,45,60,45,46,51,68,61,54,63,47,45,53,57,64,57,47,62
MOD15A2.A2004177.fn_usmafort.005.2007291035545.FparExtra_QC,MOD15A2,A2004177,fn_usmafort,2007291035545,FparExtra_QC,01000000,00110000,00000000,00000000,00000000,00000000,01000000,00001000,00100000,00000000,00001000,00000000,01000000,01000000,00000000,00000000,00000000,00000000,00000000,00000000,00000000,00000000,00000000,00000000,00000000,00000000,00000000,00001000,00000000,00000000,00000000,00000000,00000000,00000000,00000000,00000000,01000000,00000000,00000000,00001000,00000000,00000000,01000000,01000000,01000000,00000000,00001000,00000000,00000000
MOD15A2.A2004177.fn_usmafort.005.2007291035545.FparLai_QC,MOD15A2,A2004177,fn_usmafort,2007291035545,FparLai_QC,00000000,00000000,01100001,01100001,01100001,01100001,00000000,00100000,00000000,01100001,01100001,01100001,00000000,00000000,01100001,01100001,01100001,01100001,01100001,01100001,01100001,01100001,01100001,01100001,01100001,01100001,01100001,00100000,01100001,01100001,00100000,01100001,01100001,01100001,01100001,01100001,00100000,01100001,01100001,00100000,01100001,01100001,00100000,00100000,00100000,01100001,00100000,01100001,01100001
MOD15A2.A2004177.fn_usmafort.005.2007291035545.FparStdDev_1km,MOD15A2,A2004177,fn_usmafort,2007291035545,FparStdDev_1km,10,7,248,248,248,248,0,0,3,248,248,248,7,7,248,248,248,248,248,248,248,248,248,248,248,248,248,1,248,248,4,248,248,248,248,248,2,248,248,1,248,248,2,0,0,248,1,248,248
MOD15A2.A2004177.fn_usmafort.005.2007291035545.Fpar_1km,MOD15A2,A2004177,fn_usmafort,2007291035545,Fpar_1km,69,55,92,92,92,92,68,90,52,93,94,93,53,28,93,93,94,93,94,93,93,92,94,93,92,94,94,93,94,94,88,93,94,94,93,94,92,92,94,92,93,93,91,93,90,91,93,93,94
MOD15A2.A2004177.fn_usmafort.005.2007291035545.LaiStdDev_1km,MOD15A2,A2004177,fn_usmafort,2007291035545,LaiStdDev_1km,11,4,248,248,248,248,0,0,1,248,248,248,3,2,248,248,248,248,248,248,248,248,248,248,248,248,248,5,248,248,11,248,248,248,248,248,7,248,248,5,248,248,8,3,2,248,4,248,248
MOD15A2.A2004177.fn_usmafort.005.2007291035545.Lai_1km,MOD15A2,A2004177,fn_usmafort,2007291035545,Lai_1km,25,17,54,60,61,54,21,66,15,62,54,55,15,6,62,55,63,56,57,56,55,60,63,55,54,57,57,61,63,58,51,55,57,57,56,58,57,54,57,60,55,56,56,65,66,52,63,56,57
MOD15A2.A2004193.fn_usmafort.005.2007295180443.FparExtra_QC,MOD15A2,A2004193,fn_usmafort,2007295180443,FparExtra_QC,01000000,01000000,01000000,01000000,00100000,00100000,01000000,00100000,01000000,01000000,01000000,00100000,01000000,01000000,01000000,01000000,00100000,01000000,01000000,01000000,01000000,01000000,01000000,01000000,01001000,01001000,01000000,01000000,01000000,01000000,00100000,01001000,01001000,01000000,01000000,01000000,01001000,01000000,01000000,01000000,00100000,01000000,01001000,01000000,01000000,00100000,00100000,00100000,01000000
MOD15A2.A2004193.fn_usmafort.005.2007295180443.FparLai_QC,MOD15A2,A2004193,fn_usmafort,2007295180443,FparLai_QC,01100001,01100001,00100000,00100000,01100001,01100001,00000000,00100000,01100001,00100000,01100001,01100001,00100000,01100001,00100000,01100001,00100000,00100000,00100000,01100001,00100000,01100001,01100001,01100001,01100001,01100001,00100000,01100001,00100000,00000000,01110001,00100000,00100000,01100001,01100001,00100000,01100001,00100000,00100000,00000000,01100001,00100000,01100001,00000000,01100001,01100001,01100001,01100001,01100001
MOD15A2.A2004193.fn_usmafort.005.2007295180443.FparStdDev_1km,MOD15A2,A2004193,fn_usmafort,2007295180443,FparStdDev_1km,248,248,3,0,248,248,8,0,248,0,248,248,4,248,0,248,1,4,6,248,7,248,248,248,248,248,5,248,0,9,248,5,7,248,248,2,248,7,9,8,248,1,248,7,248,248,248,248,248
MOD15A2.A2004193.fn_usmafort.005.2007295180443.Fpar_1km,MOD15A2,A2004193,fn_usmafort,2007295180443,Fpar_1km,96,91,90,90,56,52,60,90,87,90,69,38,89,48,90,65,89,89,87,93,86,89,96,96,94,96,88,93,90,64,76,88,86,94,95,91,74,86,84,40,47,92,95,48,37,39,31,39,87
MOD15A2.A2004193.fn_usmafort.005.2007295180443.LaiStdDev_1km,MOD15A2,A2004193,fn_usmafort,2007295180443,LaiStdDev_1km,248,248,9,1,248,248,4,3,248,1,248,248,10,248,1,248,6,11,13,248,14,248,248,248,248,248,12,248,2,5,248,12,13,248,248,8,248,14,15,3,248,7,248,3,248,248,248,248,248
MOD15A2.A2004193.fn_usmafort.005.2007295180443.Lai_1km,MOD15A2,A2004193,fn_usmafort,2007295180443,Lai_1km,60,52,54,65,17,14,18,65,43,65,22,9,52,13,65,21,60,51,48,55,46,58,65,62,58,62,49,56,66,20,28,49,47,57,60,55,27,46,44,9,12,59,60,12,9,9,7,9,44
MOD15A2.A2004201.fn_usmafort.005.2007298162947.FparExtra_QC,MOD15A2,A2004201,fn_usmafort,2007298162947,FparExtra_QC,01000000,01000000,01000000,01000000,00000000,00001000,00001000,00000000,00000000,00000000,00000000,01000000,00001000,00001000,00110000,00000000,01000000,01000000,00001000,00001000,01000000,01000000,00001000,01000000,00001000,01000000,00001000,00110000,01000000,01000000,01000000,00001000,00001000,00110000,00001000,01000000,01000000,00001000,01000000,01000000,00110000,00110000,01000000,01001000,00110000,00110000,00110000,00110000,01000000
MOD15A2.A2004201.fn_usmafort.005.2007298162947.FparLai_QC,MOD15A2,A2004201,fn_usmafort,2007298162947,FparLai_QC,01100001,01100001,01100001,00100000,01100001,01100001,01100001,00100000,01100001,01100001,01100001,00100000,01100001,00100000,00101000,01100001,00100000,01100001,00000000,01100001,00100000,00100000,00100000,01100001,01100001,00100000,01100001,00001000,00100000,00100000,00100000,01100001,01100001,00110000,01100001,00100000,00100000,00100000,00100000,00100000,00100000,00000000,01100001,01100001,00110000,00010000,00100000,00100000,00100000
MOD15A2.A2004201.fn_usmafort.005.2007298162947.FparStdDev_1km,MOD15A2,A2004201,fn_usmafort,2007298162947,FparStdDev_1km,248,248,248,0,248,248,248,0,248,248,248,1,248,10,0,248,0,248,4,248,0,1,0,248,248,0,248,8,0,8,8,248,248,7,248,4,9,9,0,2,7,6,248,248,1,6,8,6,7
MOD15A2.A2004201.fn_usmafort.005.2007298162947.Fpar_1km,MOD15A2,A2004201,fn_usmafort,2007298162947,Fpar_1km,94,94,94,90,95,92,97,90,94,96,93,93,94,84,90,94,90,95,81,94,94,89,90,95,93,93,93,77,90,85,85,92,92,87,93,88,85,84,93,91,87,70,93,93,89,69,87,88,87
MOD15A2.A2004201.fn_usmafort.005.2007298162947.LaiStdDev_1km,MOD15A2,A2004201,fn_usmafort,2007298162947,LaiStdDev_1km,248,248,248,1,248,248,248,2,248,248,248,3,248,15,2,248,0,248,5,248,0,4,1,248,248,2,248,7,3,14,14,248,248,14,248,9,15,15,3,8,13,4,248,248,4,4,14,13,13
MOD15A2.A2004201.fn_usmafort.005.2007298162947.Lai_1km,MOD15A2,A2004201,fn_usmafort,2007298162947,Lai_1km,56,58,59,65,64,53,64,66,59,65,52,65,57,44,66,58,66,59,36,57,68,62,65,59,55,66,56,30,65,45,45,55,54,48,55,49,45,44,65,55,48,23,55,55,62,23,47,50,48
MOD15A2.A2004209.fn_usmafort.005.2007300232407.FparExtra_QC,MOD15A2,A2004209,fn_usmafort,2007300232407,FparExtra_QC,01000000,00001000,00001000,01000000,01000000,01001000,01001000,00001000,01000000,00001000,00001000,01000000,01000000,00001000,00100000,01000000,01000000,01000000,00001000,00001000,00000000,01000000,00100000,00001000,01000000,00001000,01001000,00000000,00100000,01000000,00000000,00001000,01000000,01001000,00000000,00000000,01001000,01001000,00001000,01000000,01000000,00000000,01000000,01001000,01000000,00000000,00000000,00000000,00100000
MOD15A2.A2004209.fn_usmafort.005.2007300232407.FparLai_QC,MOD15A2,A2004209,fn_usmafort,2007300232407,FparLai_QC,01100001,01100001,01100001,00100000,00100000,01100001,01100001,01100001,00100000,01100001,01100001,01100001,01100001,01100001,00100000,01100001,01100001,01100001,01100001,01100001,01100001,01100001,01101001,01100001,00100000,01100001,01100001,01100001,00101000,01100001,00100000,01100001,01100001,01100001,01100001,01100001,01100001,01100001,01100001,01100001,01100001,01100001,01100001,01100001,01100001,00100000,01100001,01100001,00100000
MOD15A2.A2004209.fn_usmafort.005.2007300232407.FparStdDev_1km,MOD15A2,A2004209,fn_usmafort,2007300232407,FparStdDev_1km,248,248,248,0,0,248,248,248,4,248,248,248,248,248,0,248,248,248,248,248,248,248,248,248,0,248,248,248,0,248,5,248,248,248,248,248,248,248,248,248,248,248,248,248,248,5,248,248,10
MOD15A2.A2004209.fn_usmafort.005.2007300232407.Fpar_1km,MOD15A2,A2004209,fn_usmafort,2007300232407,Fpar_1km,95,93,93,90,90,94,95,93,89,93,93,94,94,93,90,96,96,94,94,94,92,94,95,93,94,94,94,94,90,96,89,94,94,94,94,94,93,95,93,92,93,94,95,94,95,88,92,93,84
MOD15A2.A2004209.fn_usmafort.005.2007300232407.LaiStdDev_1km,MOD15A2,A2004209,fn_usmafort,2007300232407,LaiStdDev_1km,248,248,248,2,0,248,248,248,11,248,248,248,248,248,2,248,248,248,248,248,248,248,248,248,0,248,248,248,2,248,11,248,248,248,248,248,248,248,248,248,248,248,248,248,248,12,248,248,15
MOD15A2.A2004209.fn_usmafort.005.2007300232407.Lai_1km,MOD15A2,A2004209,fn_usmafort,2007300232407,Lai_1km,57,57,55,66,66,58,59,62,52,62,52,59,57,56,66,61,65,58,58,57,54,62,64,56,68,58,57,57,66,61,50,59,57,57,57,58,56,59,56,54,55,57,59,59,64,50,53,57,44
MOD15A2.A2004217.fn_usmafort.005.2007304152510.FparExtra_QC,MOD15A2,A2004217,fn_usmafort,2007304152510,FparExtra_QC,00000000,00100000,00100000,00001000,00000000,01000000,00100000,00000000,01000000,00001000,00001000,01000000,00100000,01000000,01000000,00001000,01000000,00000000,00000000,00001000,00000000,01000000,01000000,00100000,00000000,01000000,00100000,00000000,01000000,00001000,00001000,00001000,00100000,00000000,00100000,00001000,00100000,00001000,00001000,00000000,00100000,00000000,00001000,00001000,00100000,00001000,00110000,00110000,00001000
MOD15A2.A2004217.fn_usmafort.005.2007304152510.FparLai_QC,MOD15A2,A2004217,fn_usmafort,2007304152510,FparLai_QC,01100001,00000000,00100000,00100000,00100000,00100000,00100000,00100000,00100000,01100001,01100001,00100000,00000000,00100000,00100000,01100001,00100000,00100000,00100000,00100000,01100001,00100000,00100000,00001000,01100001,00010000,00001000,00100000,00100000,01100001,00100000,01100001,00010000,00100000,00000000,01100001,00001000,01100001,00100000,00100000,00000000,00100000,01100001,00100000,00100000,00100000,00000000,00000000,01100001
MOD15A2.A2004217.fn_usmafort.005.2007304152510.FparStdDev_1km,MOD15A2,A2004217,fn_usmafort,2007304152510,FparStdDev_1km,248,7,10,0,0,6,8,0,3,248,248,6,5,6,0,248,1,5,0,5,248,0,1,4,248,7,5,1,0,248,3,248,7,2,6,248,6,248,3,2,6,0,248,6,0,1,8,7,248
MOD15A2.A2004217.fn_usmafort.005.2007304152510.Fpar_1km,MOD15A2,A2004217,fn_usmafort,2007304152510,Fpar_1km,92,48,84,90,90,88,86,90,90,93,94,87,48,87,90,92,90,89,94,88,91,90,89,57,92,64,51,92,90,95,90,93,39,92,49,95,52,92,91,91,37,94,94,87,90,93,52,37,94
MOD15A2.A2004217.fn_usmafort.005.2007304152510.LaiStdDev_1km,MOD15A2,A2004217,fn_usmafort,2007304152510,LaiStdDev_1km,248,3,15,2,2,12,14,2,9,248,248,13,2,13,2,248,3,11,2,12,248,2,4,2,248,4,2,6,2,248,9,248,2,7,2,248,3,248,8,8,2,2,248,13,2,3,3,2,248
MOD15A2.A2004217.fn_usmafort.005.2007304152510.Lai_1km,MOD15A2,A2004217,fn_usmafort,2007304152510,Lai_1km,50,12,43,66,66,49,45,66,54,62,55,48,14,47,66,53,64,50,67,50,51,66,62,15,54,20,13,60,66,59,54,56,10,58,12,59,15,54,56,57,9,66,58,47,66,64,14,8,57
MOD15A2.A2004225.fn_usmafort.005.2007305170628.FparExtra_QC,MOD15A2,A2004225,fn_usmafort,2007305170628,FparExtra_QC,00001000,01000000,01001000,00001000,00001000,00100000,00001000,00001000,01001000,01000000,00001000,00001000,00001000,01000000,01000000,01001000,01000000,01000000,00001000,01000000,01000000,01000000,00001000,00001000,00100000,00001000,00001000,01000000,01000000,00001000,00100000,00001000,00001000,01000000,00100000,01000000,00001000,00001000,01001000,00100000,00001000,00001000,01000000,00001000,00001000,01000000,01000000,00001000,01000000
MOD15A2.A2004225.fn_usmafort.005.2007305170628.FparLai_QC,MOD15A2,A2004225,fn_usmafort,2007305170628,FparLai_QC,01100001,01100001,00100000,01100001,01100001,00100000,01100001,01100001,00000000,00100000,01100001,01100001,01100001,00100000,00100000,00000000,00000000,00100000,01100001,00100000,00100000,00100000,01100001,01100001,00000000,01100001,01100001,00100000,00100000,01100001,00010000,01100001,01100001,00100000,00010000,00000000,01100001,01100001,00100000,00001000,01100001,01100001,00100000,01100001,01100001,00100000,00000000,01100001,00000000
MOD15A2.A2004225.fn_usmafort.005.2007305170628.FparStdDev_1km,MOD15A2,A2004225,fn_usmafort,2007305170628,FparStdDev_1km,248,248,4,248,248,2,248,248,0,0,248,248,248,1,0,7,6,6,248,1,0,0,248,248,8,248,248,2,0,248,4,248,248,0,8,8,248,248,1,8,248,248,1,248,248,0,4,248,8
MOD15A2.A2004225.fn_usmafort.005.2007305170628.Fpar_1km,MOD15A2,A2004225,fn_usmafort,2007305170628,Fpar_1km,95,96,90,94,95,91,96,96,63,90,96,95,96,93,90,55,81,88,96,92,94,90,97,95,64,97,95,91,90,96,42,93,94,93,42,41,94,93,93,65,94,95,93,95,96,94,58,94,41
MOD15A2.A2004225.fn_usmafort.005.2007305170628.LaiStdDev_1km,MOD15A2,A2004225,fn_usmafort,2007305170628,LaiStdDev_1km,248,248,10,248,248,8,248,248,0,0,248,248,248,5,1,3,9,13,248,6,1,1,248,248,5,248,248,8,1,248,1,248,248,2,3,3,248,248,5,5,248,248,4,248,248,1,2,248,3
MOD15A2.A2004225.fn_usmafort.005.2007305170628.Lai_1km,MOD15A2,A2004225,fn_usmafort,2007305170628,Lai_1km,57,61,54,63,64,57,62,65,18,66,61,60,61,61,65,16,40,50,62,59,68,65,66,61,20,63,59,56,65,61,10,56,57,66,10,10,58,56,61,21,59,59,62,60,66,68,16,58,10
MOD15A2.A2004233.fn_usmafort.005.2007308001053.FparExtra_QC,MOD15A2,A2004233,fn_usmafort,2007308001053,FparExtra_QC,00000000,00000000,00000000,00000000,00000000,00000000,00000000,00000000,00000000,00000000,00110000,00000000,00000000,00000000,00000000,00000000,00110000,00000000,00000000,00000000,00000000,00110000,00110000,00000000,00110000,00000000,00000000,00000000,00000000,00110000,00000000,00110000,00000000,00000000,00000000,00000000,00110000,00110000,00000000,00000000,00000000,00000000,00000000,00110000,00000000,00000000,00000000,00000000,00000000
MOD15A2.A2004233.fn_usmafort.005.2007308001053.FparLai_QC,MOD15A2,A2004233,fn_usmafort,2007308001053,FparLai_QC,01100001,00100000,00100000,00100000,00100000,00100000,00100000,00100000,00100000,00100000,00000000,00100000,00100000,00100000,00100000,00100000,00000000,00100000,00100000,00100000,00100000,00000000,00000000,00100000,00000000,00100000,00100000,00100000,00100000,00000000,00100000,00000000,00100000,00100000,00100000,00100000,00100000,00000000,00100000,00100000,00100000,00100000,00100000,00100000,00100000,00100000,00100000,00100000,00100000
MOD15A2.A2004233.fn_usmafort.005.2007308001053.FparStdDev_1km,MOD15A2,A2004233,fn_usmafort,2007308001053,FparStdDev_1km,248,1,2,0,0,1,1,0,2,0,11,1,1,1,0,1,6,0,1,0,1,4,4,1,9,0,0,3,1,10,5,10,3,4,1,2,11,11,1,4,1,2,0,10,1,3,2,1,2
MOD15A2.A2004233.fn_usmafort.005.2007308001053.Fpar_1km,MOD15A2,A2004233,fn_usmafort,2007308001053,Fpar_1km,94,93,92,90,90,93,94,90,92,91,66,92,93,92,91,93,81,94,93,93,94,82,83,93,64,94,94,90,90,73,88,75,92,91,93,92,81,81,92,90,93,92,93,83,90,92,92,93,92
MOD15A2.A2004233.fn_usmafort.005.2007308001053.LaiStdDev_1km,MOD15A2,A2004233,fn_usmafort,2007308001053,LaiStdDev_1km,248,5,7,2,2,4,6,2,7,1,10,6,5,6,0,5,9,2,8,2,5,7,7,3,5,2,1,10,5,8,12,9,11,12,3,10,15,13,6,13,7,10,3,16,6,11,9,4,7
MOD15A2.A2004233.fn_usmafort.005.2007308001053.Lai_1km,MOD15A2,A2004233,fn_usmafort,2007308001053,Lai_1km,56,61,57,66,66,63,59,66,57,67,21,60,62,59,69,62,41,66,56,66,62,42,43,64,21,67,68,52,61,28,49,29,51,49,64,52,40,38,59,48,57,52,66,43,58,51,54,63,58
MOD15A2.A2004241.fn_usmafort.005.2008257164041.FparExtra_QC,MOD15A2,A2004241,fn_usmafort,2008257164041,FparExtra_QC,00001000,00001000,00001000,00001000,00000000,00000000,00000000,01000000,00000000,00000000,01000000,00000000,00000000,00000000,00000000,00000000,01000000,00000000,00000000,00000000,00000000,00000000,01000000,00000000,00000000,00001000,01001000,00001000,00000000,00000000,00001000,01001000,00000000,00001000,00001000,00001000,00000000,00000000,00000000,00000000,00000000,00000000,00001000,00000000,01001000,00000000,00000000,00000000,01000000
MOD15A2.A2004241.fn_usmafort.005.2008257164041.FparLai_QC,MOD15A2,A2004241,fn_usmafort,2008257164041,FparLai_QC,01100001,00100000,00100000,00100000,00100000,00100000,00100000,00100000,00100000,00100000,00000000,00100000,00100000,00100000,00100000,00100000,00100000,00100000,00100000,00100000,00100000,00100000,00100000,00100000,00100000,00100000,00100000,00100000,00100000,00100000,00100000,00100000,00100000,00100000,00100000,00100000,00100000,00100000,00100000,00100000,00100000,00100000,00100000,00100000,00100000,00100000,00100000,00100000,00100000
MOD15A2.A2004241.fn_usmafort.005.2008257164041.FparStdDev_1km,MOD15A2,A2004241,fn_usmafort,2008257164041,FparStdDev_1km,248,2,2,1,1,2,2,0,3,0,8,1,3,3,0,3,0,2,3,2,2,1,1,3,2,2,8,5,0,1,4,3,3,2,2,0,1,1,3,4,3,3,1,1,2,2,3,3,1
MOD15A2.A2004241.fn_usmafort.005.2008257164041.Fpar_1km,MOD15A2,A2004241,fn_usmafort,2008257164041,Fpar_1km,96,92,92,90,90,92,92,90,92,91,60,94,92,92,91,92,90,92,91,92,92,90,90,92,92,92,86,90,91,94,89,91,91,92,92,93,94,93,91,90,91,91,92,93,88,92,91,92,93
MOD15A2.A2004241.fn_usmafort.005.2008257164041.LaiStdDev_1km,MOD15A2,A2004241,fn_usmafort,2008257164041,LaiStdDev_1km,248,7,6,6,6,10,9,4,11,0,4,6,10,11,0,11,4,9,12,9,10,6,6,10,9,7,14,13,1,5,11,9,11,10,10,2,5,8,11,13,11,11,6,6,8,9,11,11,5
MOD15A2.A2004241.fn_usmafort.005.2008257164041.Lai_1km,MOD15A2,A2004241,fn_usmafort,2008257164041,Lai_1km,61,58,59,60,60,53,54,63,51,69,16,61,52,51,69,52,64,54,50,54,53,60,60,52,54,58,46,47,67,61,51,56,51,53,52,66,61,57,50,48,51,51,59,59,56,54,50,51,61
MOD15A2.A2004249.fn_usmafort.005.2007313183636.FparExtra_QC,MOD15A2,A2004249,fn_usmafort,2007313183636,FparExtra_QC,01000000,01001000,01001000,01001000,01000000,01000000,00100000,01001000,01001000,01001000,00100000,00100000,00100000,00100000,01000000,01000000,01000000,00100000,00000000,00100000,00100000,00100000,00100000,01000000,00100000,00100000,00100000,00100000,01000000,01000000,00000000,01000000,00100000,00100000,00110000,00100000,00100000,00100000,00110000,00000000,00000000,00000000,00100000,00100000,00100000,00000000,00110000,00110000,00110000
MOD15A2.A2004249.fn_usmafort.005.2007313183636.FparLai_QC,MOD15A2,A2004249,fn_usmafort,2007313183636,FparLai_QC,01100001,00100000,00100000,00100000,00100000,00100000,00100000,00100000,00100000,00100000,00100000,00100000,00100000,00100000,00100000,00100000,00100000,00100000,00100000,00100000,00100000,00100000,00100000,00100000,00100000,00100000,00100000,00100000,00100000,00100000,00100000,00100000,00100000,00100000,00100000,00100000,00100000,00100000,00100000,00100000,00100000,00100000,00100000,00100000,00100000,00100000,00100000,00100000,00100000
MOD15A2.A2004249.fn_usmafort.005.2007313183636.FparStdDev_1km,MOD15A2,A2004249,fn_usmafort,2007313183636,FparStdDev_1km,248,4,5,1,1,4,4,2,5,1,3,5,5,5,1,5,1,4,5,4,3,2,1,5,4,4,4,7,2,3,5,2,4,6,5,4,3,3,5,8,7,6,4,2,1,6,7,5,7
MOD15A2.A2004249.fn_usmafort.005.2007313183636.Fpar_1km,MOD15A2,A2004249,fn_usmafort,2007313183636,Fpar_1km,93,90,89,89,89,91,91,89,90,89,93,90,90,90,89,90,89,91,90,91,92,88,89,90,91,91,91,88,89,92,89,93,91,89,90,91,92,92,90,87,88,89,90,93,89,89,88,90,88
MOD15A2.A2004249.fn_usmafort.005.2007313183636.LaiStdDev_1km,MOD15A2,A2004249,fn_usmafort,2007313183636,LaiStdDev_1km,248,12,13,8,7,12,12,8,13,7,11,13,13,13,8,13,7,12,13,12,11,9,7,13,12,12,12,15,8,11,13,9,12,14,13,12,10,10,13,15,14,14,12,9,8,14,15,13,14
MOD15A2.A2004249.fn_usmafort.005.2007313183636.Lai_1km,MOD15A2,A2004249,fn_usmafort,2007313183636,Lai_1km,52,49,47,56,57,51,49,55,48,57,49,49,48,48,56,48,57,49,47,50,54,50,57,48,51,49,50,45,55,52,47,57,50,46,48,50,54,55,48,44,45,46,49,60,56,46,45,48,45
MOD15A2.A2004257.fn_usmafort.005.2007316141806.FparExtra_QC,MOD15A2,A2004257,fn_usmafort,2007316141806,FparExtra_QC,01000000,00110000,01000000,00110000,01000000,00100000,00100000,00110000,00110000,01000000,00110000,00110000,00100000,01000000,00110000,00110000,01000000,01000000,00110000,00100000,00100000,00100000,01000000,00110000,00110000,00110000,00100000,00110000,01000000,01000000,01000000,00110000,00110000,01000000,01000000,00110000,00110000,00110000,00110000,01000000,01001000,00001000,01000000,01000000,00110000,01001000,01001000,01000000,01000000
MOD15A2.A2004257.fn_usmafort.005.2007316141806.FparLai_QC,MOD15A2,A2004257,fn_usmafort,2007316141806,FparLai_QC,00000000,00010000,00100000,00000000,00100000,00000000,00100000,00001000,00001000,00000000,00000000,00000000,00100000,00100000,00001000,00001000,00100000,00100000,00000000,00100000,00100000,00101000,00110000,00000000,00000000,00100000,00100000,00101000,00000000,00100000,00100000,00000000,00101000,00100000,00100000,00010000,00001000,00000000,00000000,00000000,00100000,00100000,00100000,00100000,00100000,00100000,00100000,00100000,00100000
MOD15A2.A2004257.fn_usmafort.005.2007316141806.FparStdDev_1km,MOD15A2,A2004257,fn_usmafort,2007316141806,FparStdDev_1km,9,8,6,4,0,9,7,4,8,1,7,8,8,6,3,8,1,6,9,8,7,1,0,8,9,9,7,7,2,4,1,9,4,7,3,8,8,9,9,7,3,0,0,2,1,3,4,4,4
MOD15A2.A2004257.fn_usmafort.005.2007316141806.Fpar_1km,MOD15A2,A2004257,fn_usmafort,2007316141806,Fpar_1km,77,68,89,83,90,85,88,83,65,87,80,81,87,89,84,66,90,88,83,87,88,89,90,72,78,87,88,88,85,91,93,84,91,88,91,71,71,77,80,86,92,94,94,92,90,92,90,91,90
MOD15A2.A2004257.fn_usmafort.005.2007316141806.LaiStdDev_1km,MOD15A2,A2004257,fn_usmafort,2007316141806,LaiStdDev_1km,13,4,14,7,4,13,15,5,4,3,11,9,15,14,4,4,5,14,11,15,15,7,4,5,8,15,15,15,5,12,7,12,12,15,12,5,5,7,9,10,10,4,4,9,6,11,12,12,12
MOD15A2.A2004257.fn_usmafort.005.2007316141806.Lai_1km,MOD15A2,A2004257,fn_usmafort,2007316141806,Lai_1km,26,19,47,38,63,39,44,37,17,45,27,31,44,47,39,18,61,45,35,44,44,53,62,22,28,43,44,45,42,49,57,37,51,45,50,21,21,26,30,38,52,62,63,54,60,52,49,49,48
MOD15A2.A2004265.fn_usmafort.005.2007319093629.FparExtra_QC,MOD15A2,A2004265,fn_usmafort,2007319093629,FparExtra_QC,00110000,00000000,00000000,00000000,00000000,00000000,00000000,00000000,00000000,00000000,01000000,00000000,00000000,00000000,00000000,00000000,00000000,00000000,00000000,00000000,00000000,00000000,00000000,00000000,00000000,00000000,00000000,00000000,00000000,00000000,00000000,00000000,00000000,00000000,00000000,00000000,00000000,00000000,00000000,00000000,00000000,00000000,00000000,00000000,00100000,00000000,00000000,00000000,00000000
MOD15A2.A2004265.fn_usmafort.005.2007319093629.FparLai_QC,MOD15A2,A2004265,fn_usmafort,2007319093629,FparLai_QC,00001000,00100000,00100000,00100000,00100000,00100000,00100000,00100000,00100000,00100000,00000000,00100000,00100000,00100000,00100000,00100000,00100000,00100000,00000000,00100000,00100000,00100000,00100000,00100000,00100000,00100000,00100000,00100000,00100000,00100000,00100000,00100000,00100000,00100000,00100000,00100000,00100000,00100000,00100000,00100000,00100000,00100000,00100000,00100000,00100000,00100000,00100000,00100000,00100000
MOD15A2.A2004265.fn_usmafort.005.2007319093629.FparStdDev_1km,MOD15A2,A2004265,fn_usmafort,2007319093629,FparStdDev_1km,11,5,5,1,1,5,3,1,4,1,7,5,3,5,1,4,1,4,3,3,5,1,1,4,5,3,3,4,1,2,3,4,3,4,5,2,5,5,4,5,5,4,5,4,1,5,5,5,4
MOD15A2.A2004265.fn_usmafort.005.2007319093629.Fpar_1km,MOD15A2,A2004265,fn_usmafort,2007319093629,Fpar_1km,66,90,90,89,89,89,92,89,90,90,76,89,92,90,90,90,90,90,91,91,90,89,90,90,90,91,92,91,89,92,92,90,91,91,90,92,90,90,90,89,89,91,90,91,90,90,89,89,91
MOD15A2.A2004265.fn_usmafort.005.2007319093629.LaiStdDev_1km,MOD15A2,A2004265,fn_usmafort,2007319093629,LaiStdDev_1km,9,13,13,8,8,13,10,8,12,6,5,13,10,13,6,12,6,12,8,11,13,7,6,12,13,11,11,12,8,9,11,12,11,12,13,10,13,13,12,13,13,11,13,12,6,13,13,13,12
MOD15A2.A2004265.fn_usmafort.005.2007319093629.Lai_1km,MOD15A2,A2004265,fn_usmafort,2007319093629,Lai_1km,18,48,47,56,57,47,52,56,48,59,22,47,53,47,59,49,60,48,48,50,48,53,58,49,47,51,52,49,56,53,52,49,51,49,48,53,48,47,49,47,46,50,48,49,60,48,47,46,49
MOD15A2.A2004273.fn_usmafort.005.2007321233251.FparExtra_QC,MOD15A2,A2004273,fn_usmafort,2007321233251,FparExtra_QC,00000000,00000000,00000000,00000000,00000000,00000000,00000000,00000000,00000000,00000000,00000000,00000000,00000000,00000000,00000000,00000000,00000000,00000000,00000000,00000000,00000000,00000000,00000000,00000000,00000000,00000000,00000000,00000000,00000000,00000000,00000000,00000000,00000000,00000000,00000000,00000000,00000000,00000000,00100000,01000000,00000000,01000000,00000000,00000000,01000000,01000000,00000000,00000000,00000000
MOD15A2.A2004273.fn_usmafort.005.2007321233251.FparLai_QC,MOD15A2,A2004273,fn_usmafort,2007321233251,FparLai_QC,00000000,00100000,00100000,00100000,00100000,00100000,00100000,00100000,00100000,00100000,00000000,00100000,00100000,00100000,00100000,00100000,00100000,00100000,00100000,00100000,00100000,00000000,00100000,00100000,00100000,00100000,00100000,00100000,00100000,00100000,00100000,00100000,00100000,00100000,00100000,00100000,00100000,00100000,00110000,00100000,00100000,00100000,00100000,00100000,00100000,00100000,00100000,00100000,00100000
MOD15A2.A2004273.fn_usmafort.005.2007321233251.FparStdDev_1km,MOD15A2,A2004273,fn_usmafort,2007321233251,FparStdDev_1km,6,6,6,2,2,5,6,2,6,1,6,6,6,6,2,6,1,6,6,6,5,3,1,6,5,5,6,8,2,5,5,4,6,8,6,5,4,4,5,8,6,6,5,3,0,4,6,6,6
MOD15A2.A2004273.fn_usmafort.005.2007321233251.Fpar_1km,MOD15A2,A2004273,fn_usmafort,2007321233251,Fpar_1km,83,89,89,89,89,90,89,89,89,89,86,88,89,89,89,89,89,89,89,89,90,86,89,89,90,90,89,87,88,90,90,91,89,87,89,90,92,91,91,87,89,89,90,92,91,91,89,89,89
MOD15A2.A2004273.fn_usmafort.005.2007321233251.LaiStdDev_1km,MOD15A2,A2004273,fn_usmafort,2007321233251,LaiStdDev_1km,11,14,14,9,9,13,14,9,14,8,13,14,14,14,8,14,7,14,14,14,13,7,8,14,13,13,14,15,10,13,13,12,14,15,14,13,11,12,13,15,14,14,13,11,1,11,14,14,14
MOD15A2.A2004273.fn_usmafort.005.2007321233251.Lai_1km,MOD15A2,A2004273,fn_usmafort,2007321233251,Lai_1km,30,46,45,54,55,48,46,54,46,57,35,45,46,46,55,46,57,46,45,46,48,45,56,46,48,47,46,43,53,48,48,49,46,43,47,48,52,51,50,44,47,45,48,52,67,51,47,46,47
MOD15A2.A2004281.fn_usmafort.005.2007325042736.FparExtra_QC,MOD15A2,A2004281,fn_usmafort,2007325042736,FparExtra_QC,00001000,00001000,00001000,00001000,00000000,00000000,00000000,00001000,00001000,00001000,00001000,00001000,00001000,00001000,00001000,00001000,00001000,00001000,00001000,00001000,00001000,00100000,00001000,00001000,00000000,00000000,00000000,00001000,00001000,00001000,00001000,00000000,00000000,00000000,00000000,00000000,00001000,00001000,00001000,00001000,00000000,00000000,00001000,00001000,00001000,00001000,00000000,00000000,00000000
MOD15A2.A2004281.fn_usmafort.005.2007325042736.FparLai_QC,MOD15A2,A2004281,fn_usmafort,2007325042736,FparLai_QC,00100000,00100000,00100000,00100000,00100000,00100000,00100000,00100000,00100000,00100000,00100000,00100000,00100000,00100000,00100000,00100000,00100000,00100000,00100000,00100000,00100000,00000000,00100000,00100000,00100000,00100000,00100000,00000000,00100000,00100000,00100000,00100000,00100000,00000000,00000000,00100000,00100000,00100000,00000000,00000000,00000000,00000000,00100000,00100000,00100000,00100000,00000000,00000000,00000000
MOD15A2.A2004281.fn_usmafort.005.2007325042736.FparStdDev_1km,MOD15A2,A2004281,fn_usmafort,2007325042736,FparStdDev_1km,0,9,9,2,2,8,8,2,8,2,0,9,9,8,2,9,1,8,9,9,8,3,2,8,8,9,9,10,2,8,8,8,9,10,8,8,8,8,9,10,9,8,8,8,1,8,9,10,10
MOD15A2.A2004281.fn_usmafort.005.2007325042736.Fpar_1km,MOD15A2,A2004281,fn_usmafort,2007325042736,Fpar_1km,96,88,88,88,88,89,88,88,88,89,96,88,88,88,89,88,89,88,88,88,88,84,89,88,88,88,88,81,89,89,89,88,88,80,81,88,89,88,86,77,84,84,89,89,89,88,85,79,79
MOD15A2.A2004281.fn_usmafort.005.2007325042736.LaiStdDev_1km,MOD15A2,A2004281,fn_usmafort,2007325042736,LaiStdDev_1km,8,17,17,12,12,17,17,12,17,11,7,17,17,17,12,17,11,17,17,17,17,5,12,17,17,17,17,8,12,17,17,17,17,8,9,17,17,17,14,6,11,11,17,17,11,17,12,7,7
MOD15A2.A2004281.fn_usmafort.005.2007325042736.Lai_1km,MOD15A2,A2004281,fn_usmafort,2007325042736,Lai_1km,56,40,40,49,49,41,41,49,40,50,58,40,40,41,50,40,51,41,40,40,40,31,50,40,41,40,40,24,50,41,41,41,40,24,30,41,41,41,34,20,29,36,41,41,51,41,31,21,22
MOD15A2.A2004289.fn_usmafort.005.2007326101349.FparExtra_QC,MOD15A2,A2004289,fn_usmafort,2007326101349,FparExtra_QC,00110000,01000000,01000000,01000000,00000000,00000000,01000000,00100000,01000000,01000000,01000000,01000000,01000000,00100000,01000000,00110000,01000000,01000000,01000000,01000000,01000000,00110000,01000000,01000000,01000000,00100000,01000000,00100000,01000000,00110000,01000000,01000000,00100000,00100000,01000000,00100000,00100000,00100000,01000000,01000000,01000000,01000000,01000000,01000000,01000000,01000000,00100000,01000000,01000000
MOD15A2.A2004289.fn_usmafort.005.2007326101349.FparLai_QC,MOD15A2,A2004289,fn_usmafort,2007326101349,FparLai_QC,01101001,00000000,00000000,00000000,00000000,00000000,00000000,00000000,00000000,00000000,00000000,00000000,00000000,00010000,00000000,00010000,01100001,00000000,00000000,00000000,00000000,00010000,00000000,00000000,00000000,00000000,00000000,00000000,01100001,01101001,00000000,00000000,00000000,00000000,00000000,01110001,00010000,00010000,00000000,00000000,00000000,00000000,00000000,00000000,00000000,00000000,00001000,00000000,00000000
MOD15A2.A2004289.fn_usmafort.005.2007326101349.FparStdDev_1km,MOD15A2,A2004289,fn_usmafort,2007326101349,FparStdDev_1km,248,7,7,0,3,6,6,6,8,2,9,6,6,9,5,8,248,7,7,6,7,12,10,7,8,7,9,5,248,248,7,8,7,7,5,248,8,6,4,4,7,8,0,5,3,7,9,8,0
MOD15A2.A2004289.fn_usmafort.005.2007326101349.Fpar_1km,MOD15A2,A2004289,fn_usmafort,2007326101349,Fpar_1km,27,60,62,80,78,59,60,72,67,81,75,60,59,57,76,41,76,55,50,56,63,24,55,50,64,50,57,45,18,10,55,59,59,52,46,28,52,60,54,41,51,53,39,46,81,64,19,38,25
MOD15A2.A2004289.fn_usmafort.005.2007326101349.LaiStdDev_1km,MOD15A2,A2004289,fn_usmafort,2007326101349,LaiStdDev_1km,248,2,2,0,2,2,2,4,3,2,9,2,2,3,4,2,248,2,2,2,3,2,4,2,3,2,2,1,248,248,2,2,2,2,1,248,2,2,1,1,2,2,0,1,4,3,1,2,0
MOD15A2.A2004289.fn_usmafort.005.2007326101349.Lai_1km,MOD15A2,A2004289,fn_usmafort,2007326101349,Lai_1km,6,11,12,26,23,11,11,19,14,26,17,11,11,10,21,6,33,10,8,10,12,4,11,9,12,8,10,7,4,2,9,10,11,9,7,6,9,11,10,7,9,9,6,7,26,13,2,6,3
MOD15A2.A2004297.fn_usmafort.005.2007328115730.FparExtra_QC,MOD15A2,A2004297,fn_usmafort,2007328115730,FparExtra_QC,00000000,00000000,00000000,00000000,00000000,00000000,00000000,00000000,00000000,00000000,00000000,00000000,00000000,00000000,00000000,00000000,00000000,00000000,00000000,00000000,00000000,00000000,00000000,00000000,00000000,00000000,00000000,00000000,00000000,00000000,00000000,00000000,00000000,00000000,00000000,00000000,00000000,00000000,00000000,00000000,00000000,00000000,00000000,00000000,00000000,00000000,00000000,00000000,00000000
MOD15A2.A2004297.fn_usmafort.005.2007328115730.FparLai_QC,MOD15A2,A2004297,fn_usmafort,2007328115730,FparLai_QC,00000000,00000000,00000000,00000000,00000000,00000000,00000000,00000000,00000000,00000000,00000000,00000000,00000000,00000000,00000000,00000000,00000000,00000000,00000000,00000000,00000000,00000000,00000000,00000000,00000000,00000000,00000000,00000000,00000000,00000000,00000000,00000000,00000000,00000000,00000000,00000000,00000000,00000000,00000000,00000000,00000000,00000000,00000000,00000000,00000000,00000000,00000000,00000000,00000000
MOD15A2.A2004297.fn_usmafort.005.2007328115730.FparStdDev_1km,MOD15A2,A2004297,fn_usmafort,2007328115730,FparStdDev_1km,10,7,7,4,4,7,6,4,7,3,11,6,6,8,3,7,3,8,6,6,7,1,4,7,6,8,8,7,4,8,6,7,7,6,6,7,6,8,7,6,6,7,6,8,4,7,6,7,7
MOD15A2.A2004297.fn_usmafort.005.2007328115730.Fpar_1km,MOD15A2,A2004297,fn_usmafort,2007328115730,Fpar_1km,72,63,61,81,81,63,61,83,65,83,78,61,59,63,84,63,84,67,60,61,63,85,82,65,61,59,57,64,83,63,61,64,64,61,61,63,61,63,64,60,61,63,61,64,80,62,61,65,62
MOD15A2.A2004297.fn_usmafort.005.2007328115730.LaiStdDev_1km,MOD15A2,A2004297,fn_usmafort,2007328115730,LaiStdDev_1km,7,2,2,5,5,3,2,5,3,5,15,2,2,3,5,3,5,3,2,2,3,3,5,2,2,2,2,3,6,3,2,3,3,2,2,3,2,3,3,2,2,3,2,3,5,2,2,3,2
MOD15A2.A2004297.fn_usmafort.005.2007328115730.Lai_1km,MOD15A2,A2004297,fn_usmafort,2007328115730,Lai_1km,15,12,11,28,26,12,11,30,13,30,22,11,10,12,32,12,31,13,11,11,12,33,28,12,11,11,10,12,30,12,11,13,13,11,11,12,11,12,13,11,11,12,11,12,25,12,11,13,12
MOD15A2.A2004305.fn_usmafort.005.2007330094859.FparExtra_QC,MOD15A2,A2004305,fn_usmafort,2007330094859,FparExtra_QC,01000000,00000000,01000000,00000000,01000000,01000000,01000000,00000000,00000000,00000000,00000000,00000000,01000000,00000000,00001000,00001000,00001000,00001000,00000000,00000000,01000000,00001000,00001000,00001000,01000000,00000000,01000000,01001000,00001000,00001000,00001000,01000000,00000000,00000000,01001000,00001000,00100000,00001000,00001000,01000000,01000000,00001000,01000000,00001000,01000000,00000000,00000000,00001000,00001000
MOD15A2.A2004305.fn_usmafort.005.2007330094859.FparLai_QC,MOD15A2,A2004305,fn_usmafort,2007330094859,FparLai_QC,00000000,00000000,00000000,00000000,00000000,00000000,00000000,00000000,00000000,00000000,00000000,00000000,00000000,00000000,00000000,00000000,00000000,00000000,00000000,00000000,00000000,00000000,00010000,00000000,00000000,00000000,00000000,00000000,00010000,00000000,00000000,00000000,00000000,00000000,00000000,00010000,00010000,00010000,00000000,00000000,00000000,00000000,00000000,00010000,00000000,00000000,00000000,00000000,00000000
MOD15A2.A2004305.fn_usmafort.005.2007330094859.FparStdDev_1km,MOD15A2,A2004305,fn_usmafort,2007330094859,FparStdDev_1km,10,6,6,6,7,6,7,6,6,5,9,7,8,7,4,6,5,7,7,7,9,6,2,6,7,7,8,7,7,7,7,6,7,7,5,8,8,7,6,8,7,5,6,8,3,7,6,7,7
MOD15A2.A2004305.fn_usmafort.005.2007330094859.Fpar_1km,MOD15A2,A2004305,fn_usmafort,2007330094859,Fpar_1km,75,60,60,76,75,48,52,75,60,78,75,52,56,53,78,60,78,53,53,56,57,71,78,59,54,54,52,51,74,53,53,61,52,49,46,51,53,58,57,52,53,47,60,53,80,64,61,53,51
MOD15A2.A2004305.fn_usmafort.005.2007330094859.LaiStdDev_1km,MOD15A2,A2004305,fn_usmafort,2007330094859,LaiStdDev_1km,9,2,2,4,5,2,2,4,2,5,9,2,2,2,4,2,5,2,2,2,3,4,2,2,2,2,2,2,5,2,2,2,2,2,1,2,2,2,2,2,2,1,2,2,3,3,2,2,2
MOD15A2.A2004305.fn_usmafort.005.2007330094859.Lai_1km,MOD15A2,A2004305,fn_usmafort,2007330094859,Lai_1km,18,11,11,22,21,8,9,21,11,24,17,9,10,9,24,11,23,9,9,10,10,18,24,11,9,9,9,9,20,9,9,11,9,8,7,9,9,11,11,9,9,8,11,9,26,13,11,9,9
MOD15A2.A2004313.fn_usmafort.005.2007332143146.FparExtra_QC,MOD15A2,A2004313,fn_usmafort,2007332143146,FparExtra_QC,00000000,00001000,00100000,00000000,00000000,00000000,00001000,00000000,00001000,00000000,00000000,00001000,00001000,00000000,00000000,00100000,00001000,00000000,00001000,00001000,00000000,00001000,00001000,01001000,00000000,01001000,01001000,01001000,00001000,01000000,00000000,00000000,01001000,00110000,00100000,01000000,00000000,00000000,01001000,01000000,01000000,00000000,00000000,00000000,00000000,00100000,01000000,01000000,00000000
MOD15A2.A2004313.fn_usmafort.005.2007332143146.FparLai_QC,MOD15A2,A2004313,fn_usmafort,2007332143146,FparLai_QC,00000000,00000000,00010000,00000000,00000000,00000000,00000000,00000000,00000000,00000000,00000000,00000000,00000000,00000000,00000000,00001000,00000000,00000000,00000000,00000000,00000000,00000000,00000000,00000000,00000000,00000000,00010000,00000000,00000000,00000000,00000000,00000000,00010000,00010000,00000000,00000000,00000000,00000000,00010000,00000000,00000000,00000000,00000000,00000000,00000000,00010000,00000000,00000000,00000000
MOD15A2.A2004313.fn_usmafort.005.2007332143146.FparStdDev_1km,MOD15A2,A2004313,fn_usmafort,2007332143146,FparStdDev_1km,11,0,6,4,5,6,7,4,0,3,11,6,7,6,3,6,1,7,5,8,5,6,4,8,6,8,5,8,2,8,5,8,5,8,5,8,5,5,8,7,9,5,5,6,4,8,6,7,5
MOD15A2.A2004313.fn_usmafort.005.2007332143146.Fpar_1km,MOD15A2,A2004313,fn_usmafort,2007332143146,Fpar_1km,70,53,60,78,77,47,50,77,53,79,69,47,50,47,78,61,84,50,49,52,47,76,80,53,47,51,49,52,82,50,47,51,48,51,45,52,47,47,51,51,55,46,47,47,79,64,59,50,46
MOD15A2.A2004313.fn_usmafort.005.2007332143146.LaiStdDev_1km,MOD15A2,A2004313,fn_usmafort,2007332143146,LaiStdDev_1km,10,0,2,3,4,1,2,4,0,3,10,1,2,1,3,2,1,2,1,2,1,5,4,2,1,2,1,2,3,2,1,2,1,2,1,2,1,1,2,2,2,1,1,1,4,3,2,2,1
MOD15A2.A2004313.fn_usmafort.005.2007332143146.Lai_1km,MOD15A2,A2004313,fn_usmafort,2007332143146,Lai_1km,15,8,11,23,23,7,8,22,8,24,15,7,8,7,23,11,30,8,8,9,7,22,26,9,7,8,8,9,27,8,7,9,7,8,7,9,7,7,9,9,10,7,7,7,25,13,11,8,7
MOD15A2.A2004321.fn_usmafort.005.2007335045336.FparExtra_QC,MOD15A2,A2004321,fn_usmafort,2007335045336,FparExtra_QC,00000000,00000000,00000000,00000000,00000000,00000000,00000000,00000000,00000000,00000000,00000000,00000000,00000000,00000000,00000000,00000000,00000000,00000000,00000000,00000000,00000000,00000000,00000000,00000000,00000000,00000000,00000000,00000000,00000000,00000000,00000000,00000000,00000000,00000000,00000000,00000000,00000000,00000000,00000000,00000000,00000000,00000000,00000000,00000000,00000000,00000000,00000000,00000000,00000000
MOD15A2.A2004321.fn_usmafort.005.2007335045336.FparLai_QC,MOD15A2,A2004321,fn_usmafort,2007335045336,FparLai_QC,00000000,00000000,00000000,01100001,01100001,00000000,00000000,01100001,00000000,01100001,00000000,00000000,00000000,00000000,01100001,00000000,01100001,00000000,00000000,00000000,00000000,01100001,01100001,00000000,00000000,00000000,00000000,00000000,01100001,00000000,00000000,00000000,00000000,00000000,00000000,00000000,00000000,00000000,00000000,00000000,00000000,00000000,00000000,00000000,01100001,00000000,00000000,00000000,00000000
MOD15A2.A2004321.fn_usmafort.005.2007335045336.FparStdDev_1km,MOD15A2,A2004321,fn_usmafort,2007335045336,FparStdDev_1km,8,7,7,248,248,5,5,248,7,248,9,5,5,5,248,6,248,5,5,7,7,248,248,7,5,7,5,5,248,5,5,7,5,5,5,5,5,5,7,5,7,0,5,5,248,6,7,5,5
MOD15A2.A2004321.fn_usmafort.005.2007335045336.Fpar_1km,MOD15A2,A2004321,fn_usmafort,2007335045336,Fpar_1km,70,50,51,79,77,46,45,78,50,79,66,44,45,46,82,52,81,45,45,50,49,82,85,48,45,50,46,45,83,43,46,53,45,43,37,45,45,46,49,45,49,39,46,46,79,59,50,45,42
MOD15A2.A2004321.fn_usmafort.005.2007335045336.LaiStdDev_1km,MOD15A2,A2004321,fn_usmafort,2007335045336,LaiStdDev_1km,3,2,2,248,248,1,1,248,2,248,3,1,1,1,248,2,248,1,1,2,2,248,248,2,1,2,1,1,248,1,1,2,1,1,1,1,1,1,2,1,2,0,1,1,248,2,2,1,1
MOD15A2.A2004321.fn_usmafort.005.2007335045336.Lai_1km,MOD15A2,A2004321,fn_usmafort,2007335045336,Lai_1km,14,9,9,36,33,7,7,35,9,37,12,7,7,8,42,9,40,7,7,8,8,44,49,8,7,9,7,7,46,7,7,9,7,7,6,7,7,7,8,7,8,6,7,7,36,11,9,7,7
MOD15A2.A2004329.fn_usmafort.005.2007337123313.FparExtra_QC,MOD15A2,A2004329,fn_usmafort,2007337123313,FparExtra_QC,00000000,00000000,00000000,00000000,00000000,00000000,01000000,00000000,00000000,00000000,00000000,00000000,00000000,01000000,00000000,00000000,00000000,00000000,00000000,00000000,01000000,01000000,00000000,00000000,01000000,00000000,00000000,00000000,00000000,00100000,01000000,00001000,00001000,00001000,00001000,01000000,01000000,01000000,01001000,00001000,00001000,00000000,00100000,01000000,00001000,00001000,00000000,00000000,00000000
MOD15A2.A2004329.fn_usmafort.005.2007337123313.FparLai_QC,MOD15A2,A2004329,fn_usmafort,2007337123313,FparLai_QC,00000000,00000000,00000000,00000000,00000000,00000000,00010000,00000000,00000000,00000000,00000000,00000000,00000000,00010000,00000000,00000000,00000000,00000000,00000000,00010000,00010000,01100001,00000000,00000000,00010000,00010000,00010000,00000000,00000000,00010000,00010000,00000000,00000000,00000000,00010000,00010000,00000000,00000000,00000000,00000000,00000000,00000000,00010000,00000000,00000000,00000000,00000000,00000000,00000000
MOD15A2.A2004329.fn_usmafort.005.2007337123313.FparStdDev_1km,MOD15A2,A2004329,fn_usmafort,2007337123313,FparStdDev_1km,10,7,8,6,6,7,4,6,7,5,12,5,7,8,3,7,3,7,7,8,9,248,2,7,9,6,7,5,3,8,8,8,7,7,6,9,6,8,7,5,7,5,8,8,6,6,7,5,5
MOD15A2.A2004329.fn_usmafort.005.2007337123313.Fpar_1km,MOD15A2,A2004329,fn_usmafort,2007337123313,Fpar_1km,68,53,56,76,76,51,57,75,53,79,70,47,50,72,77,58,79,51,51,66,56,85,78,54,57,61,60,47,77,52,52,64,51,50,47,57,48,52,53,46,52,45,63,52,77,61,53,47,46
MOD15A2.A2004329.fn_usmafort.005.2007337123313.LaiStdDev_1km,MOD15A2,A2004329,fn_usmafort,2007337123313,LaiStdDev_1km,4,2,2,5,5,2,1,5,2,5,10,1,2,4,3,2,3,2,2,3,2,248,2,2,3,2,2,1,2,2,2,3,2,2,1,3,1,2,2,1,2,1,3,2,5,2,2,1,1
MOD15A2.A2004329.fn_usmafort.005.2007337123313.Lai_1km,MOD15A2,A2004329,fn_usmafort,2007337123313,Lai_1km,13,9,10,22,22,9,10,21,9,24,16,7,9,16,22,11,24,9,9,13,10,50,23,9,10,11,11,8,22,9,9,12,9,8,7,10,8,9,9,7,9,7,12,9,23,11,9,8,7
MOD15A2.A2004337.fn_usmafort.005.2007339083631.FparExtra_QC,MOD15A2,A2004337,fn_usmafort,2007339083631,FparExtra_QC,00000000,00000000,00000000,00000000,00000000,00000000,00000000,00000000,00000000,00000000,00000000,00000000,00000000,00000000,00000000,00000000,00000000,00000000,00000000,00000000,00000000,00000000,00000000,00000000,00000000,00000000,00000000,00000000,00000000,00000000,00000000,00000000,00000000,00000000,00000000,00000000,00000000,00000000,00000000,00000000,00000000,00000000,00000000,00000000,00000000,00000000,00000000,00000000,00000000
MOD15A2.A2004337.fn_usmafort.005.2007339083631.FparLai_QC,MOD15A2,A2004337,fn_usmafort,2007339083631,FparLai_QC,00000000,00000000,00000000,00000000,00000000,00000000,00000000,00000000,00000000,00000000,00000000,00000000,00000000,00000000,00000000,00000000,00000000,00000000,00000000,00000000,00000000,01100001,01100001,00000000,00000000,00000000,00000000,00000000,01100001,00000000,00000000,00000000,00000000,00000000,00000000,00000000,00000000,00000000,00000000,00000000,00000000,00000000,00000000,00000000,00000000,00000000,00000000,00000000,00000000
MOD15A2.A2004337.fn_usmafort.005.2007339083631.FparStdDev_1km,MOD15A2,A2004337,fn_usmafort,2007339083631,FparStdDev_1km,10,5,6,5,5,7,5,5,6,3,8,5,7,7,3,6,4,5,7,6,7,248,248,6,7,7,7,5,248,5,5,7,7,5,5,7,6,7,6,5,7,5,7,5,4,6,6,5,5
MOD15A2.A2004337.fn_usmafort.005.2007339083631.Fpar_1km,MOD15A2,A2004337,fn_usmafort,2007339083631,Fpar_1km,77,57,58,73,73,48,46,72,54,78,73,46,51,52,76,59,76,46,52,54,53,79,82,56,51,53,51,46,80,46,46,58,50,46,43,50,46,50,57,45,52,45,51,47,76,61,54,46,45
MOD15A2.A2004337.fn_usmafort.005.2007339083631.LaiStdDev_1km,MOD15A2,A2004337,fn_usmafort,2007339083631,LaiStdDev_1km,11,2,2,4,4,2,1,3,2,3,5,1,2,2,3,2,4,1,2,2,2,248,248,2,2,2,2,1,248,1,1,2,2,1,1,2,1,2,2,1,2,1,2,1,3,2,2,1,1
MOD15A2.A2004337.fn_usmafort.005.2007339083631.Lai_1km,MOD15A2,A2004337,fn_usmafort,2007339083631,Lai_1km,19,10,11,20,20,8,7,19,9,23,15,7,9,9,22,11,22,7,9,10,9,37,42,10,9,9,9,7,38,7,7,11,9,7,7,9,7,8,10,7,9,7,9,7,22,11,9,8,7
MOD15A2.A2004345.fn_usmafort.005.2007342133611.FparExtra_QC,MOD15A2,A2004345,fn_usmafort,2007342133611,FparExtra_QC,00000000,00000000,00000000,00000000,00000000,00000000,00000000,00000000,00000000,00000000,00000000,00000000,00000000,00000000,00000000,00000000,00000000,00000000,00000000,00000000,00000000,00110000,00110000,00000000,00000000,00000000,00000000,00000000,00110000,00000000,00000000,00000000,00000000,00000000,00000000,00000000,00000000,00000000,00000000,00000000,00000000,00000000,00000000,00000000,00000000,00000000,00000000,00000000,00000000
MOD15A2.A2004345.fn_usmafort.005.2007342133611.FparLai_QC,MOD15A2,A2004345,fn_usmafort,2007342133611,FparLai_QC,00000000,00000000,00000000,00000000,00000000,00000000,00000000,00000000,00000000,00000000,00000000,00000000,00000000,00000000,00000000,00000000,00000000,00000000,00000000,00000000,00000000,00000000,00000000,00000000,00000000,00000000,00000000,00000000,00000000,00000000,00000000,00000000,00000000,00000000,00000000,00000000,00000000,00000000,00000000,00000000,00000000,00000000,00000000,00000000,00000000,00000000,00000000,00000000,00000000
MOD15A2.A2004345.fn_usmafort.005.2007342133611.FparStdDev_1km,MOD15A2,A2004345,fn_usmafort,2007342133611,FparStdDev_1km,11,7,7,4,6,6,5,5,7,5,10,5,5,7,2,6,3,5,7,7,8,9,7,7,6,7,7,5,9,5,5,7,7,5,5,7,6,6,7,5,7,5,7,6,4,9,7,5,5
MOD15A2.A2004345.fn_usmafort.005.2007342133611.Fpar_1km,MOD15A2,A2004345,fn_usmafort,2007342133611,Fpar_1km,73,53,52,75,74,47,46,73,52,77,68,46,46,51,77,55,77,47,51,52,52,67,71,53,47,51,50,47,71,46,47,53,50,46,44,49,46,47,52,46,51,43,50,47,77,57,54,47,45
MOD15A2.A2004345.fn_usmafort.005.2007342133611.LaiStdDev_1km,MOD15A2,A2004345,fn_usmafort,2007342133611,LaiStdDev_1km,11,2,2,3,4,1,1,3,2,4,4,1,1,2,1,2,3,1,2,2,2,4,4,2,1,2,2,1,5,1,1,2,2,1,1,2,1,1,2,1,2,1,2,1,4,2,2,1,1
MOD15A2.A2004345.fn_usmafort.005.2007342133611.Lai_1km,MOD15A2,A2004345,fn_usmafort,2007342133611,Lai_1km,17,9,9,21,20,7,7,19,9,22,13,7,7,9,23,10,22,7,9,9,9,16,18,9,7,9,8,8,19,7,7,9,9,7,7,8,7,7,9,7,9,7,8,7,22,10,9,8,7
MOD15A2.A2004353.fn_usmafort.005.2007344143709.FparExtra_QC,MOD15A2,A2004353,fn_usmafort,2007344143709,FparExtra_QC,00000000,00000000,00000000,00110000,00110000,00000000,00000000,00000000,00000000,00000000,00000000,00000000,00001000,00110000,00110000,00000000,00000000,00110000,01001000,01000000,00000000,00110000,00110000,00000000,00000000,00000000,01001000,00000000,00110000,00000000,00000000,00110000,01001000,00000000,00000000,01000000,00000000,00000000,00000000,00000000,00000000,00000000,00000000,00000000,00110000,00000000,00000000,00000000,01000000
MOD15A2.A2004353.fn_usmafort.005.2007344143709.FparLai_QC,MOD15A2,A2004353,fn_usmafort,2007344143709,FparLai_QC,00000000,00000000,00000000,00010000,00010000,00000000,00000000,00000000,00000000,00000000,00000000,00000000,00010000,00010000,00000000,00000000,00000000,00000000,00010000,00000000,00000000,00000000,00010000,00000000,00000000,00000000,00010000,00000000,00010000,00000000,00000000,00000000,00010000,00000000,00000000,00000000,00000000,00000000,00000000,00000000,00000000,00000000,00000000,00000000,00000000,00000000,00000000,00000000,00000000
MOD15A2.A2004353.fn_usmafort.005.2007344143709.FparStdDev_1km,MOD15A2,A2004353,fn_usmafort,2007344143709,FparStdDev_1km,10,7,7,11,10,5,5,8,7,0,8,5,6,5,9,7,3,6,7,7,7,10,8,6,5,6,7,5,10,5,5,8,8,5,5,5,8,5,7,5,7,0,5,6,8,7,6,5,7
MOD15A2.A2004353.fn_usmafort.005.2007344143709.Fpar_1km,MOD15A2,A2004353,fn_usmafort,2007344143709,Fpar_1km,71,51,51,69,72,46,44,70,50,80,63,45,47,47,71,52,76,46,50,54,49,66,71,51,45,47,63,46,68,44,45,52,66,45,37,47,41,46,51,45,48,39,46,46,74,54,52,46,49
MOD15A2.A2004353.fn_usmafort.005.2007344143709.LaiStdDev_1km,MOD15A2,A2004353,fn_usmafort,2007344143709,LaiStdDev_1km,5,2,2,5,5,1,1,5,2,0,3,1,1,1,5,2,3,1,2,2,2,5,5,2,1,2,3,1,5,1,1,2,3,1,1,1,2,1,2,1,2,0,1,1,5,2,2,1,2
MOD15A2.A2004353.fn_usmafort.005.2007344143709.Lai_1km,MOD15A2,A2004353,fn_usmafort,2007344143709,Lai_1km,15,9,9,18,19,7,7,18,9,26,11,7,7,7,19,9,22,7,8,9,8,16,18,9,7,8,12,7,17,7,7,9,13,7,6,7,6,7,9,7,8,6,7,7,20,9,9,7,8
MOD15A2.A2004361.fn_usmafort.005.2007351033258.FparExtra_QC,MOD15A2,A2004361,fn_usmafort,2007351033258,FparExtra_QC,00000000,00000000,01000000,00100000,00100000,00000000,00000000,00110000,00000000,00100000,00000000,00000000,01001000,00000000,00110000,00000000,01001000,00000000,00000000,00000000,00000000,00110000,00110000,00000000,00000000,00000000,00000000,00000000,00110000,00000000,00000000,00000000,01000000,00000000,01000000,00000000,00000000,00000000,00000000,00000000,00001000,00000000,00000000,00000000,00100000,00000000,00001000,00000000,00000000
MOD15A2.A2004361.fn_usmafort.005.2007351033258.FparLai_QC,MOD15A2,A2004361,fn_usmafort,2007351033258,FparLai_QC,00000000,00000000,00000000,01001001,00001000,00000000,00000000,00001000,00000000,01001001,00000000,00000000,00000000,00000000,00001000,00000000,00010000,00000000,00000000,00000000,00000000,00001000,00001000,00000000,00000000,00000000,00000000,00000000,00001000,00000000,00000000,00000000,00001000,00000000,00010000,00000000,00000000,00000000,00000000,00000000,00000000,00000000,00000000,00000000,01001001,00000000,00000000,00000000,00000000
MOD15A2.A2004361.fn_usmafort.005.2007351033258.FparStdDev_1km,MOD15A2,A2004361,fn_usmafort,2007351033258,FparStdDev_1km,7,5,7,248,15,6,5,2,5,248,8,7,10,4,2,5,17,5,0,5,5,3,3,0,6,5,5,6,3,0,7,5,10,6,7,5,7,5,5,0,5,7,5,6,248,5,5,4,6
MOD15A2.A2004361.fn_usmafort.005.2007351033258.Fpar_1km,MOD15A2,A2004361,fn_usmafort,2007351033258,Fpar_1km,62,43,53,1,21,35,37,76,43,1,55,33,39,41,77,44,30,37,39,43,43,74,74,39,36,43,42,36,74,39,35,45,41,35,34,43,35,44,46,40,45,33,43,36,1,46,45,41,34
MOD15A2.A2004361.fn_usmafort.005.2007351033258.LaiStdDev_1km,MOD15A2,A2004361,fn_usmafort,2007351033258,LaiStdDev_1km,2,1,2,248,3,1,1,1,1,248,2,1,2,1,2,1,3,1,0,1,1,2,2,0,1,1,1,1,2,0,1,1,2,1,1,1,1,1,1,0,1,1,1,1,248,1,1,1,1
MOD15A2.A2004361.fn_usmafort.005.2007351033258.Lai_1km,MOD15A2,A2004361,fn_usmafort,2007351033258,Lai_1km,11,7,9,0,3,5,6,20,7,0,9,5,6,6,22,7,5,6,6,7,7,19,20,6,5,7,7,5,19,6,5,7,6,5,5,7,5,7,7,6,7,5,7,5,0,7,7,6,5
