   1   533684    -0.99417694867150         0.99974216625611    
   2   532835    -0.98256346231029         0.99923531727051    
   3   530770    -0.97103421400714         0.99871458948366    
   4   532078    -0.95951094413088         0.99817074232315    
   5   528635    -0.94808772030483         0.99761443879884    
   6   528803    -0.93671918791483         0.99704070531360    
   7   526788    -0.92535660068957         0.99645238873888    
   8   526667    -0.91410380445202         0.99583440268011    
   9   526021    -0.90292337648340         0.99523381044764    
  10   524242    -0.89169234353832         0.99453316450399    
  11   523223    -0.88063790472035         0.99389078823398    
  12   522342    -0.86949413525616         0.99319022925108    
  13   522477    -0.85850009071584         0.99248580984241    
  14   520638    -0.84754704062621         0.99173658281390    
  15   518558    -0.83669688903745         0.99095147531122    
  16   519790    -0.82559020910295         0.99016473137999    
  17   518095    -0.81497094237783         0.98932508252921    
  18   516675    -0.80401769518886         0.98852024665376    
  19   516498    -0.79337240926063         0.98758411380224    
  20   515249    -0.78259087151219         0.98668292114839    
  21   514877    -0.77201029560246         0.98573202241504    
  22   512934    -0.76130177262207         0.98479550722770    
  23   513313    -0.75072072706565         0.98370103479914    
  24   511845    -0.74018489537065         0.98263772311779    
  25   511165    -0.72977057712797         0.98155904085663    
  26   509225    -0.71916295928217         0.98037425003285    
  27   510628    -0.70879714946573         0.97922713718623    
  28   508547    -0.69837317018768         0.97788617063476    
  29   509070    -0.68791482726352         0.97666778099303    
  30   507841    -0.67772511835401         0.97546949330564    
  31   507302    -0.66750154774865         0.97395269572127    
  32   506995    -0.65706602134573         0.97250422198259    
  33   505290    -0.64699085433479         0.97114520692878    
  34   504659    -0.63676825491244         0.96938385262249    
  35   504036    -0.62636162371826         0.96776733657306    
  36   505240    -0.61632944534219         0.96600746999039    
  37   501958    -0.60629409956818         0.96435152473168    
  38   501145    -0.59613079558985         0.96239735990684    
  39   502383    -0.58598132002373         0.96041576859332    
  40   500960    -0.57605298782507         0.95847668492905    
  41   500705    -0.56602693014941         0.95644667405053    
  42   500262    -0.55593854000638         0.95400878308521    
  43   499756    -0.54611943856080         0.95178754212928    
  44   497532    -0.53608450039970         0.94924247435284    
  45   499061    -0.52636212037458         0.94683451756254    
  46   497843    -0.51642968299323         0.94424740971438    
  47   498296    -0.50659150537878         0.94109656489470    
  48   496200    -0.49684011171258         0.93831595619500    
  49   496437    -0.48644822283554         0.93523880205842    
  50   495624    -0.47707298411648         0.93210880785815    
  51   494984    -0.46740801902100         0.92856819296449    
  52   494889    -0.45758895100504         0.92459730953142    
  53   494373    -0.44769723778399         0.92088298661883    
  54   492405    -0.43817331699555         0.91708025646045    
  55   493030    -0.42825359586641         0.91256501130046    
  56   493494    -0.41857702093601         0.90856894847646    
  57   492705    -0.40911526472044         0.90360597667364    
  58   492544    -0.39944422080508         0.89834875084141    
  59   491649    -0.38985351595569         0.89316308426066    
  60   490821    -0.38024920755491         0.88727322861578    
  61   490830    -0.37061705659236         0.88107989441388    
  62   491315    -0.36143655393212         0.87473719928352    
  63   489739    -0.35158584771764         0.86875761429464    
  64   490807    -0.34199692509562         0.86094894874489    
  65   488509    -0.33241724234726         0.85334832463982    
  66   491054    -0.32290966281169         0.84463519863813    
  67   489094    -0.31360985533224         0.83579665648983    
  68   488869    -0.30380553456723         0.82612754086566    
  69   488030    -0.29435460664488         0.81600449527093    
  70   488279    -0.28523633214719         0.80564163323966    
  71   488080    -0.27598033195216         0.79431754664012    
  72   487310    -0.26635270319301         0.78136430235161    
  73   487677    -0.25627170632485         0.76688103559802    
  74   486946    -0.24718927307389         0.75322539150788    
  75   487133    -0.23792674033759         0.73859017736142    
  76   487882    -0.22861511108405         0.72102920328853    
  77   486348    -0.21884455525740         0.70305521172940    
  78   485715    -0.20970249315980         0.68359010130883    
  79   486076    -0.20035735744581         0.66337850381609    
  80   485708    -0.19085996610437         0.64018105269131    
  81   484862    -0.18153046327922         0.61594055052360    
  82   486265    -0.17234135552599         0.59001349827187    
  83   484863    -0.16300510779283         0.56335147158681    
  84   485735    -0.15346458852976         0.53158189255681    
  85   484463    -0.14437041781349         0.50075282136098    
  86   485498    -0.13469019917796         0.46497003568166    
  87   485053    -0.12558275861074         0.43031750288383    
  88   484209    -0.11624622506518         0.39195627764367    
  89   484041    -0.10707896134897         0.35353197173248    
  90   484615    -0.97275341075785E-01     0.31105856132577    
  91   485837    -0.88576279163805E-01     0.27214983193249    
  92   484844    -0.78826403509137E-01     0.22809826149769    
  93   483449    -0.69763335827687E-01     0.18823188213557    
  94   484093    -0.60324245822426E-01     0.14767377704639    
  95   485408    -0.51185892938683E-01     0.11105214983583    
  96   483275    -0.42214125381494E-01     0.78366475023877E-01
  97   483762    -0.32400948835467E-01     0.47711581497996E-01
  98   483877    -0.22988188423553E-01     0.24677161063393E-01
  99   484885    -0.14014058101985E-01     0.93486830850011E-02
 100   482973    -0.48638597006478E-02     0.11836153103796E-02
 101   483989     0.46256558100653E-02     0.93680124817239E-03
 102   483818     0.13742295342271E-01     0.85327772229286E-02
 103   484520     0.23294962021069E-01     0.24610663817640E-01
 104   483755     0.32720330508369E-01     0.47458645970744E-01
 105   484164     0.42021898355547E-01     0.76558052941852E-01
 106   483978     0.50882031652260E-01     0.10878573544953    
 107   484102     0.60203048450087E-01     0.14568273545796    
 108   485170     0.69665449725571E-01     0.18680609440963    
 109   484241     0.78988556775417E-01     0.22843352280143    
 110   483750     0.87798140805216E-01     0.26756624799846    
 111   484892     0.97671755058986E-01     0.31198638209064    
 112   485194     0.10667703328263         0.35130646888070    
 113   485264     0.11599702219640         0.39153598695651    
 114   485496     0.12528477156770         0.42898682541974    
 115   484450     0.13499116749544         0.46672957012820    
 116   485196     0.14411294242172         0.50049044565351    
 117   484849     0.15345548141953         0.53301574396231    
 118   485248     0.16272291050166         0.56177912873701    
 119   485001     0.17249572260741         0.59203462591823    
 120   485821     0.18157743663760         0.61684174247875    
 121   486920     0.19118185051471         0.64136627897570    
 122   486507     0.20041889061555         0.66405679932453    
 123   486438     0.20989863078893         0.68539343531605    
 124   486903     0.21947000581844         0.70457607461302    
 125   487332     0.22834182842638         0.72128232780807    
 126   487511     0.23776208475593         0.73917958429018    
 127   486737     0.24709535648647         0.75477420825215    
 128   486623     0.25671277891623         0.76998621990474    
 129   488443     0.26628231654442         0.78299862325651    
 130   487794     0.27551649354677         0.79520998843105    
 131   488326     0.28513345444899         0.80685754372158    
 132   488048     0.29462910450006         0.81783069342700    
 133   489143     0.30415075457051         0.82798652547854    
 134   489150     0.31370572013978         0.83752285218666    
 135   489368     0.32278857565392         0.84576414301130    
 136   489172     0.33287908178745         0.85435245997312    
 137   490923     0.34218193837392         0.86276798897957    
 138   491455     0.35119849525839         0.86861006930269    
 139   490129     0.36146690851047         0.87620879048143    
 140   490828     0.37091236545882         0.88285038122607    
 141   490343     0.38063498665605         0.88871346061979    
 142   492214     0.39014819095934         0.89442557730117    
 143   493207     0.39985506610166         0.89952285420357    
 144   492180     0.40950527656874         0.90476949239499    
 145   493953     0.41907424677904         0.90899794356986    
 146   494544     0.42853660652599         0.91360477581686    
 147   492709     0.43850165781113         0.91790709284643    
 148   494803     0.44807992639762         0.92214511618945    
 149   494299     0.45803625006808         0.92581328765878    
 150   494934     0.46718496844961         0.92907791232901    
 151   495008     0.47735658657823         0.93268618123944    
 152   496505     0.48731746646371         0.93585625517925    
 153   496587     0.49684584755908         0.93871519493689    
 154   497187     0.50685385287558         0.94181284726634    
 155   498271     0.51667563078686         0.94463314833387    
 156   498588     0.52680123221257         0.94731761894341    
 157   499107     0.53639110888382         0.94964303719067    
 158   498119     0.54650623539239         0.95188326004527    
 159   500956     0.55635076206999         0.95431194820685    
 160   500452     0.56654500237199         0.95651727201710    
 161   501479     0.57675661191321         0.95860071493363    
 162   502301     0.58638138213509         0.96059104259049    
 163   503533     0.59672109122408         0.96250034337150    
 164   502397     0.60651204692191         0.96429486567337    
 165   502636     0.61687180024984         0.96607188619815    
 166   502903     0.62686013294244         0.96772278967958    
 167   505346     0.63707322821057         0.96925294885993    
 168   505821     0.64720064222124         0.97097247303441    
 169   506058     0.65751234644682         0.97231611969769    
 170   506607     0.66771881804014         0.97388070286602    
 171   506557     0.67794553960223         0.97520316853643    
 172   508436     0.68847865363714         0.97649727551881    
 173   509462     0.69864480177546         0.97777828628628    
 174   509961     0.70915742861777         0.97900920067829    
 175   509444     0.71980209437891         0.98018877606237    
 176   511360     0.73012350515175         0.98132073063612    
 177   510883     0.74050760398326         0.98243584656600    
 178   512769     0.75108673695676         0.98349517928279    
 179   512874     0.76160768816524         0.98446512009489    
 180   514016     0.77216071687588         0.98552461647948    
 181   515513     0.78285479759176         0.98649676248062    
 182   515688     0.79358959719936         0.98734036482696    
 183   517001     0.80436634655200         0.98835815853205    
 184   518034     0.81512618650599         0.98910194865578    
 185   518280     0.82597251657662         0.98997248466391    
 186   518918     0.83683197886684         0.99082547090076    
 187   520373     0.84776688751450         0.99158856701641    
 188   521513     0.85863844548318         0.99233822812855    
 189   521821     0.86968323351245         0.99309282874553    
 190   522581     0.88070553753345         0.99379778182296    
 191   524637     0.89185776388106         0.99447026087354    
 192   524823     0.90290062492052         0.99515073071659    
 193   525985     0.91421363648027         0.99579273079583    
 194   526373     0.92544335774449         0.99641446274723    
 195   528559     0.93675079014193         0.99701438512839    
 196   529237     0.94811803168971         0.99759637515912    
 197   530389     0.95952828783617         0.99815924117954    
 198   531180     0.97103543801252         0.99870656097250    
 199   532493     0.98257159307500         0.99923248861109    
 200   533645     0.99417752984743         0.99974136848983    
