   1   518589    -0.99455451351286         0.99985730728261    
   2   518274    -0.98368231296517         0.99958541068613    
   3   517799    -0.97282816834625         0.99930508533053    
   4   516951    -0.96199810539860         0.99901638893196    
   5   516569    -0.95122025907780         0.99871738521081    
   6   515944    -0.94046377556648         0.99841416058026    
   7   515361    -0.92971361367452         0.99809575004422    
   8   514341    -0.91899949660051         0.99776630959498    
   9   514056    -0.90834717590323         0.99743422611417    
  10   513680    -0.89771254723265         0.99708009609329    
  11   513861    -0.88702879986175         0.99672144124135    
  12   512674    -0.87642444898536         0.99635404775724    
  13   512312    -0.86588896674972         0.99596273360687    
  14   511509    -0.85527610087499         0.99556884661047    
  15   510901    -0.84477503799043         0.99514598158365    
  16   510452    -0.83430694246646         0.99471434250421    
  17   510521    -0.82375014426901         0.99427297819918    
  18   509408    -0.81337929705273         0.99383025267943    
  19   509870    -0.80287905866042         0.99333742871360    
  20   508696    -0.79246569419315         0.99282648515063    
  21   507993    -0.78210975066536         0.99232533873687    
  22   508374    -0.77179542163068         0.99180926822281    
  23   507603    -0.76133514983743         0.99123595317037    
  24   507225    -0.75103538291982         0.99064917349509    
  25   506531    -0.74078338726074         0.99004974093099    
  26   505896    -0.73038150760946         0.98943838118279    
  27   504890    -0.72016815176099         0.98879034872066    
  28   506112    -0.70989063924374         0.98810656172099    
  29   503991    -0.69979584175334         0.98737539936788    
  30   504987    -0.68948557798832         0.98665088945134    
  31   503873    -0.67928536201692         0.98591807827426    
  32   504215    -0.66924332468239         0.98513051268936    
  33   502743    -0.65898651400246         0.98426578145881    
  34   503490    -0.64890760427767         0.98337118405858    
  35   502196    -0.63864043858340         0.98249629610887    
  36   502832    -0.62877125658922         0.98157897844506    
  37   500585    -0.61847935479935         0.98054867010112    
  38   502544    -0.60856236925158         0.97953445694583    
  39   500776    -0.59853772331612         0.97846872860950    
  40   500335    -0.58834659311772         0.97727549571002    
  41   500675    -0.57843158492589         0.97610744690431    
  42   500405    -0.56827282184661         0.97484490652794    
  43   499999    -0.55846086515271         0.97355683876454    
  44   499736    -0.54845776938848         0.97206865776053    
  45   498469    -0.53857082248011         0.97081207733607    
  46   498402    -0.52842523531202         0.96918248302424    
  47   498409    -0.51874679637985         0.96759116166988    
  48   499134    -0.50884009489587         0.96590289886886    
  49   498375    -0.49868508886065         0.96420335508067    
  50   497200    -0.48880791612714         0.96217765410402    
  51   497780    -0.47907637599628         0.96026613860673    
  52   497001    -0.46913810964452         0.95826874535168    
  53   496650    -0.45924599958579         0.95593772164621    
  54   496196    -0.44963141102392         0.95349567142011    
  55   496989    -0.43957867713155         0.95114520799143    
  56   496506    -0.42988244389197         0.94856151090324    
  57   495637    -0.41999208545200         0.94553303126487    
  58   495556    -0.41021688382216         0.94261328847799    
  59   495161    -0.40030145476471         0.93936060155289    
  60   494696    -0.39054544515616         0.93584509358813    
  61   495473    -0.38087178415081         0.93228892592635    
  62   495148    -0.37124818672594         0.92861809638171    
  63   493790    -0.36139231153116         0.92428403762339    
  64   495211    -0.35158765917757         0.91950147079486    
  65   494297    -0.34202480705229         0.91499454222615    
  66   494404    -0.33239065970573         0.90978557588478    
  67   493144    -0.32219129855020         0.90416691250778    
  68   493582    -0.31279443405834         0.89807805383675    
  69   493170    -0.30302812761889         0.89162618775817    
  70   493368    -0.29326677864213         0.88472237317498    
  71   493549    -0.28374137790792         0.87680782415363    
  72   493473    -0.27399837362688         0.86854832757066    
  73   492792    -0.26431125579974         0.85932225759845    
  74   492001    -0.25457766820598         0.84924364695254    
  75   491905    -0.24494963624592         0.83885087037711    
  76   492278    -0.23538903865935         0.82699292472805    
  77   492529    -0.22573265261358         0.81401281378647    
  78   491855    -0.21611365520151         0.80015324106343    
  79   492374    -0.20629363281318         0.78389544292823    
  80   491917    -0.19690916650524         0.76682712659646    
  81   492160    -0.18717390855571         0.74786954775588    
  82   492414    -0.17759949982516         0.72636041488942    
  83   491978    -0.16776962006999         0.70322122512053    
  84   491805    -0.15831814584327         0.67800248102440    
  85   490832    -0.14859512384183         0.64782803775108    
  86   490813    -0.13924073348782         0.61812149218155    
  87   492183    -0.12917283322036         0.58105136936378    
  88   491207    -0.11997492525366         0.54530793691842    
  89   491685    -0.11033767700292         0.50259070966742    
  90   490687    -0.10076142835627         0.45607143795333    
  91   491190    -0.91218307528523E-01     0.40784710901645    
  92   489913    -0.81548840426013E-01     0.35379209544766    
  93   491080    -0.71822582896568E-01     0.29867628021230    
  94   490796    -0.62213695056727E-01     0.24150661023888    
  95   490946    -0.52653382671737E-01     0.18549752831401    
  96   491183    -0.43270133254296E-01     0.13392439816902    
  97   491223    -0.33592994139049E-01     0.84989925797726E-01
  98   490272    -0.23930053268477E-01     0.45003937984756E-01
  99   490953    -0.14273489405191E-01     0.16660175063776E-01
 100   490477    -0.49010381634801E-02     0.20115790593614E-02
 101   491237     0.46539053578047E-02     0.17212881539766E-02
 102   490391     0.14385044956439E-01     0.16567622445174E-01
 103   491186     0.24078948783663E-01     0.45108333363228E-01
 104   490595     0.33406207129382E-01     0.83771024405837E-01
 105   491367     0.43185483376191E-01     0.13259736702836    
 106   491338     0.52564668475081E-01     0.18508717998529    
 107   490440     0.62485075862679E-01     0.24303473546172    
 108   491631     0.71866598059781E-01     0.29883556892489    
 109   489908     0.81527459742420E-01     0.35382221866630    
 110   492601     0.90874038179939E-01     0.40598956340117    
 111   491287     0.10060109683528         0.45703230686783    
 112   490960     0.11030734211183         0.50277814577425    
 113   491109     0.11997555764052         0.54591968590632    
 114   490194     0.12923186158282         0.58243574294555    
 115   491859     0.13921494709750         0.61916046662368    
 116   491218     0.14885492849680         0.65109537850726    
 117   491680     0.15825179843189         0.67795714002913    
 118   492467     0.16793088266197         0.70457052494999    
 119   490928     0.17749606047168         0.72745732779335    
 120   492257     0.18700400124266         0.74973264915323    
 121   492214     0.19683952180330         0.76804607923319    
 122   491887     0.20653902872373         0.78559596040593    
 123   492812     0.21623606220818         0.80122934891955    
 124   493326     0.22582317677030         0.81552460194960    
 125   491607     0.23518938014857         0.82784285661606    
 126   493088     0.24499262885211         0.83998958413682    
 127   492679     0.25485895713377         0.85094219212241    
 128   493136     0.26451682616115         0.86100846557461    
 129   492995     0.27406403752957         0.86947040334682    
 130   492410     0.28354470244406         0.87816994836631    
 131   492870     0.29341595412259         0.88575987308714    
 132   493072     0.30301028371345         0.89254255450050    
 133   493926     0.31291602857139         0.89928382983327    
 134   494170     0.32261413569643         0.90506930124901    
 135   494565     0.33214466671104         0.91067678068670    
 136   493868     0.34193450105920         0.91584548770638    
 137   494030     0.35189557482523         0.92074083135618    
 138   494613     0.36154824423802         0.92509767775086    
 139   495221     0.37142147051423         0.92941465578758    
 140   495500     0.38087074402248         0.93289085300114    
 141   495193     0.39074841390897         0.93693311402938    
 142   494761     0.40051895175998         0.93989893215814    
 143   496090     0.41043774937370         0.94326347475105    
 144   495379     0.42012908444250         0.94632932042765    
 145   496042     0.43010412067791         0.94881543798257    
 146   496010     0.43968734141390         0.95156000886590    
 147   496923     0.44957540599169         0.95394940015847    
 148   497321     0.45949689099521         0.95644394880065    
 149   496872     0.46947269840108         0.95848624084817    
 150   497529     0.47905406024354         0.96068926911839    
 151   497921     0.48927201746739         0.96264576805788    
 152   498461     0.49884370656692         0.96437495596506    
 153   498118     0.50892412931944         0.96615629091646    
 154   498194     0.51873414013155         0.96792592309233    
 155   498801     0.52882929199708         0.96942399717131    
 156   499034     0.53877455001135         0.97099657847357    
 157   499063     0.54870347485734         0.97228897029767    
 158   499472     0.55855060042374         0.97373656637306    
 159   500301     0.56873663246922         0.97494718591317    
 160   500909     0.57854009283144         0.97624303012351    
 161   501748     0.58866007003344         0.97742136016781    
 162   501274     0.59868715114704         0.97849035134724    
 163   500654     0.60867251436681         0.97956840402615    
 164   501142     0.61885641260621         0.98059294476499    
 165   502812     0.62878151222084         0.98157751689882    
 166   501651     0.63904592171280         0.98251472364556    
 167   502029     0.64909130061710         0.98341527494367    
 168   503375     0.65918682639507         0.98429177626035    
 169   503865     0.66941912987874         0.98507779980070    
 170   504744     0.67953471616052         0.98587061728183    
 171   503306     0.68963269477872         0.98659241350560    
 172   504779     0.69981852479806         0.98738351358592    
 173   505479     0.71017416902069         0.98806713907603    
 174   505390     0.72033620569213         0.98873657095187    
 175   506222     0.73060778486533         0.98938304302894    
 176   507025     0.74097189798657         0.99000116451087    
 177   506895     0.75118254527723         0.99059463253303    
 178   506144     0.76158879766302         0.99119375060978    
 179   508737     0.77183127222974         0.99172960712541    
 180   507468     0.78222632982446         0.99224878141470    
 181   508418     0.79262983326572         0.99279454126815    
 182   508875     0.80301193707816         0.99329091797765    
 183   509900     0.81348419833905         0.99377163598978    
 184   509604     0.82389361310084         0.99422325588198    
 185   511398     0.83438127148895         0.99467093816616    
 186   510830     0.84484845938293         0.99510586261267    
 187   511032     0.85537315003763         0.99551978725839    
 188   511870     0.86593512173228         0.99592451059344    
 189   512371     0.87651456119994         0.99632349476083    
 190   513618     0.88709434578163         0.99670224848771    
 191   513105     0.89773730541039         0.99705533470115    
 192   514634     0.90837178138545         0.99741226399329    
 193   514559     0.91906685025912         0.99775990866554    
 194   515193     0.92974782225723         0.99808313328012    
 195   515371     0.94048492688338         0.99840491376207    
 196   516402     0.95123166724477         0.99871411845297    
 197   517009     0.96202760877792         0.99901351984316    
 198   517328     0.97283580374074         0.99930394065931    
 199   518180     0.98368336413989         0.99958505970170    
 200   518535     0.99455640658608         0.99985751116018    
