 set_def.out
           1
         128
   100.0000    
           1
   100.0000    
         106
   100.0000    
         211
   100.0000    
         316
   100.0000    
         421
   100.0000    
         526
   100.0000    
         631
   100.0000    
         736
   100.0000    
         841
   100.0000    
         946
   100.0000    
        1051
   100.0000    
        1156
   100.0000    
        1261
   100.0000    
        1366
   100.0000    
        1471
   100.0000    
        1576
   100.0000    
        1681
   100.0000    
        1786
   100.0000    
        1891
   100.0000    
        1996
   100.0000    
        2101
   100.0000    
        2206
   100.0000    
        2311
   100.0000    
        2416
   100.0000    
        2521
   100.0000    
        2626
   100.0000    
        2731
   100.0000    
        2836
   100.0000    
        2941
   100.0000    
        3046
   100.0000    
        3151
   100.0000    
        3256
   100.0000    
        3361
   100.0000    
        3466
   100.0000    
        3571
   100.0000    
        3676
   100.0000    
        3781
   100.0000    
        3886
   100.0000    
        3991
   100.0000    
        4096
   100.0000    
        4201
   100.0000    
        4306
   100.0000    
        4411
   100.0000    
        4516
   100.0000    
        4621
   100.0000    
        4726
   100.0000    
        4831
   100.0000    
        4936
   100.0000    
        5041
   100.0000    
        5146
   100.0000    
        5251
   100.0000    
        5356
   100.0000    
        5461
   100.0000    
        5566
   100.0000    
        5671
   100.0000    
        5776
   100.0000    
        5881
   100.0000    
        5986
   100.0000    
        6091
   100.0000    
        6196
   100.0000    
        6301
   100.0000    
        6406
   100.0000    
        6511
   100.0000    
        6616
   100.0000    
        6721
   100.0000    
        6826
   100.0000    
        6931
   100.0000    
        7036
   100.0000    
        7141
   100.0000    
        7246
   100.0000    
        7351
   100.0000    
        7456
   100.0000    
        7561
   100.0000    
        7666
   100.0000    
        7771
   100.0000    
        7876
   100.0000    
        7981
   100.0000    
        8086
   100.0000    
        8191
   100.0000    
        8296
   100.0000    
        8401
   100.0000    
        8506
   100.0000    
        8611
   100.0000    
        8716
   100.0000    
        8821
   100.0000    
        8926
   100.0000    
        9031
   100.0000    
        9136
   100.0000    
        9241
   100.0000    
        9346
   100.0000    
        9451
   100.0000    
        9556
   100.0000    
        9661
   100.0000    
        9766
   100.0000    
        9871
   100.0000    
        9976
   100.0000    
       10081
   100.0000    
       10186
   100.0000    
       10291
   100.0000    
       10396
   100.0000    
       10501
   100.0000    
       10606
   100.0000    
       10711
   100.0000    
       10816
   100.0000    
       10921
   100.0000    
       11026
   100.0000    
       11131
   100.0000    
       11236
   100.0000    
       11341
   100.0000    
       11446
   100.0000    
       11551
   100.0000    
       11656
   100.0000    
       11761
   100.0000    
       11866
   100.0000    
       11971
   100.0000    
       12076
   100.0000    
       12181
   100.0000    
       12286
   100.0000    
       12391
   100.0000    
       12496
   100.0000    
       12601
   100.0000    
       12706
   100.0000    
       12811
   100.0000    
       12916
   100.0000    
       13021
   100.0000    
       13126
   100.0000    
       13231
   100.0000    
       13336
