 obs_sequence
obs_kind_definitions
          14
           1 RADIOSONDE_U_WIND_COMPONENT     
           2 RADIOSONDE_V_WIND_COMPONENT     
           3 RADIOSONDE_SURFACE_PRESSURE     
           4 RADIOSONDE_TEMPERATURE          
           5 RADIOSONDE_SPECIFIC_HUMIDITY    
           6 AIRCRAFT_U_WIND_COMPONENT       
           7 AIRCRAFT_V_WIND_COMPONENT       
           8 AIRCRAFT_TEMPERATURE            
           9 ACARS_U_WIND_COMPONENT          
          10 ACARS_V_WIND_COMPONENT          
          11 ACARS_TEMPERATURE               
          20 SAT_U_WIND_COMPONENT            
          21 SAT_V_WIND_COMPONENT            
          30 GPSRO_REFRACTIVITY              
  num_copies:            1  num_qc:            1
  num_obs:           32  max_num_obs:         32
observation                                                                                                                      
Quality Control                                                                                                                  
  first:          1  last:         32
 OBS          1
  -3.20000000000000     
   2.00000000000000     
          -1           2          -1
obdef
loc3d
       2.12700000000000      -0.59000000000000  50000.00000000000000        2
kind
           1
     0     140978
   1.96000000000000     
 OBS          2
   7.00000000000000     
   2.00000000000000     
           1           3          -1
obdef
loc3d
       2.12700000000000      -0.59000000000000  60000.00000000000000        2
kind
           2
     0     140978
   1.96000000000000     
 OBS          3
   7.90000000000000     
   2.00000000000000     
           2           4          -1
obdef
loc3d
       2.12700000000000      -0.59000000000000   81490.00000000000000        2
kind
           1
     0     140978
   2.56000000000000     
 OBS          4
   2.10000000000000     
   2.00000000000000     
           3           5          -1
obdef
loc3d
       2.12700000000000      -0.59000000000000   81490.00000000000000        2
kind
           2
     0     140978
   2.56000000000000     
 OBS          5
   264.460000000000     
   2.00000000000000     
           4           6          -1
obdef
loc3d
       2.21700000000000       0.64800000000000   93500.00000000000000        2
kind
           4
     0     140978
   1.00000000000000     
 OBS          6
  1.200000000000000E-003
   2.00000000000000     
           5           7          -1
obdef
loc3d
       2.21700000000000       0.64800000000000   93500.00000000000000        2
kind
           5
     0     140978
  1.764000000000000E-007
 OBS          7
   263.660000000000     
   2.00000000000000     
           6           8          -1
obdef
loc3d
       2.21700000000000       0.64800000000000   92500.00000000000000        2
kind
           4
     0     140978
   1.00000000000000     
 OBS          8
  1.040000000000000E-003
   2.00000000000000     
           7           9          -1
obdef
loc3d
       2.21700000000000       0.64800000000000   92500.00000000000000        2
kind
           5
     0     140978
  1.600000000000000E-007
 OBS          9
   100200.000000000     
   1.00000000000000     
           8          10          -1
obdef
loc3d
       0.31300000000000       0.70900000000000      10.00000000000000       -1
kind
           3
     0     140978
   10000.0000000000     
 OBS         10
   15.8000000000000     
   1.00000000000000     
           9          11          -1
obdef
loc3d
       4.71600000000000       0.72300000000000   27830.00000000000000        2
kind
           6
     0     140978
   12.9600000000000     
 OBS         11
   4.80000000000000     
   1.00000000000000     
          10          12          -1
obdef
loc3d
       4.71600000000000       0.72300000000000   27830.00000000000000        2
kind
           7
     0     140978
   12.9600000000000     
 OBS         12
   223.160000000000     
   1.00000000000000     
          11          13          -1
obdef
loc3d
       2.83600000000000      -0.62100000000000   20650.00000000000000        2
kind
           8
     0     140978
   2.89000000000000     
 OBS         13
   15.0000000000000     
   1.00000000000000     
          12          14          -1
obdef
loc3d
       2.83600000000000      -0.62100000000000   20650.00000000000000        2
kind
           6
     0     140978
   12.9600000000000     
 OBS         14
   11.7000000000000     
   1.00000000000000     
          13          15          -1
obdef
loc3d
       2.83600000000000      -0.62100000000000   20650.00000000000000        2
kind
           7
     0     140978
   12.9600000000000     
 OBS         15
   227.160000000000     
   1.00000000000000     
          14          16          -1
obdef
loc3d
       2.84500000000000      -0.37400000000000   20650.00000000000000        2
kind
           8
     0     140978
   2.89000000000000     
 OBS         16
   11.2000000000000     
   1.00000000000000     
          15          17          -1
obdef
loc3d
       3.54300000000000       0.37600000000000   52750.00000000000000        2
kind
           9
     0     140978
   6.25000000000000     
 OBS         17
  -5.20000000000000     
   1.00000000000000     
          16          18          -1
obdef
loc3d
       3.54300000000000       0.37600000000000   52750.00000000000000        2
kind
          10
     0     140978
   6.25000000000000     
 OBS         18
   272.360000000000     
   1.00000000000000     
          17          19          -1
obdef
loc3d
       3.54200000000000       0.37600000000000   54920.00000000000728        2
kind
          11
     0     140978
   1.00000000000000     
 OBS         19
   7.80000000000000     
   1.00000000000000     
          18          20          -1
obdef
loc3d
       3.54200000000000       0.37600000000000   54920.00000000000728        2
kind
           9
     0     140978
   6.25000000000000     
 OBS         20
  -2.40000000000000     
   1.00000000000000     
          19          21          -1
obdef
loc3d
       3.54200000000000       0.37600000000000   54920.00000000000728        2
kind
          10
     0     140978
   6.25000000000000     
 OBS         21
   225.160000000000     
   1.00000000000000     
          20          22          -1
obdef
loc3d
       4.52800000000000       0.39200000000000   23840.00000000000000        2
kind
          11
     0     140978
   1.00000000000000     
 OBS         22
   7.00000000000000     
   2.00000000000000     
          21          23          -1
obdef
loc3d
       3.35400000000000       0.41100000000000   86800.00000000000000        2
kind
          20
     0     140978
   14.4400000000000     
 OBS         23
  -1.10000000000000     
   2.00000000000000     
          22          24          -1
obdef
loc3d
       3.35400000000000       0.41100000000000   86800.00000000000000        2
kind
          21
     0     140978
   14.4400000000000     
 OBS         24
  -2.90000000000000     
   2.00000000000000     
          23          25          -1
obdef
loc3d
       3.18200000000000       0.40800000000000   90600.00000000000000        2
kind
          20
     0     140978
   14.4400000000000     
 OBS         25
  -5.20000000000000     
   2.00000000000000     
          24          26          -1
obdef
loc3d
       3.18200000000000       0.40800000000000   90600.00000000000000        2
kind
          21
     0     140978
   14.4400000000000     
 OBS         26
   6.50000000000000     
   2.00000000000000     
          25          27          -1
obdef
loc3d
       3.31700000000000       0.40000000000000   86800.00000000000000        2
kind
          20
     0     140978
   14.4400000000000     
 OBS         27
   1.00000000000000     
   2.00000000000000     
          26          28          -1
obdef
loc3d
       3.31700000000000       0.40000000000000   86800.00000000000000        2
kind
          21
     0     140978
   14.4400000000000     
 OBS         28
   155.3600    
  0.0000000E+00
          27          29          -1
obdef
loc3d
       5.12599992752075       0.24499998986721    1230.00000000000000        3
kind
          30
gpsroref       1
   6345638.       5000.000       15000.00      0.4606750     -3.9821409E-02
 -0.8866752     GPSEXC
     0     140978
   3.343818    
 OBS         29
   147.2400    
  0.0000000E+00
          28          30          -1
obdef
loc3d
       5.12599992752075       0.24399998784065    1560.00000000000000        3
kind
          30
gpsroref       2
   6345638.       5000.000       15000.00      0.4604562     -3.9050832E-02
 -0.8868231     GPSEXC
     0     140978
   2.837308    
 OBS         30
   138.5900    
  0.0000000E+00
          29          31          -1
obdef
loc3d
       5.12500000000000       0.24199998378754    1930.00000000000000        3
kind
          30
gpsroref       3
   6345638.       5000.000       15000.00      0.4600854     -3.7566423E-02
 -0.8870796     GPSEXC
     0     140978
   2.353738    
 OBS         31
   129.8800    
  0.0000000E+00
          30          32          -1
obdef
loc3d
       5.12500000000000       0.24199998378754    2360.00000000000000        3
kind
          30
gpsroref       4
   6345638.       5000.000       15000.00      0.4600482     -3.7349693E-02
 -0.8871080     GPSEXC
     0     140978
   1.909799    
 OBS         32
   120.7300    
  0.0000000E+00
           31          -1          -1
obdef
loc3d
       5.12500000000000       0.23999997973442    2840.00000000000000        3
kind
          30
gpsroref       5
   6345638.       5000.000       15000.00      0.4597381     -3.6100548E-02
 -0.8873205     GPSEXC
     0     140978
   1.504648    
