  -9.99999977648258D-003   1.00000004749745     
   0.00000000000000D+000   1.00000004749745     
   9.99999977648258D-003   1.00000004749745     
   1.99999995529652D-002   1.00000004749745     
   2.99999993294477D-002  0.998857190300311     
   3.99999991059303D-002  0.998142904552098     
   4.99999988824129D-002  0.998142904552098     
   5.99999986588955D-002  0.997142904504601     
   6.99999984353781D-002  0.996000047307461     
   7.99999982118607D-002  0.994714332960679     
   8.99999979883432D-002  0.993142904314612     
   9.99999977648258D-002  0.991571475668544     
  0.109999997541308       0.991571475668544     
  0.119999997317791       0.989571475573549     
  0.129999997094274       0.987428618328912     
  0.139999996870756       0.985428618233917     
  0.149999996647239       0.983000046689994     
  0.159999996423721       0.983000046689994     
  0.169999996200204       0.980428617996430     
  0.179999995976686       0.978000046452507     
  0.189999995753169       0.974857189160373     
  0.199999995529652       0.971714331868238     
  0.209999995306134       0.968714331725746     
  0.219999995082617       0.965142902984683     
  0.229999994859099       0.965142902984683     
  0.239999994635582       0.961428617093978     
  0.249999994412065       0.957714331203274     
  0.259999994188547       0.953714331013284     
  0.269999993965030       0.949857187972936     
  0.279999993741512       0.945857187782946     
  0.289999993517995       0.941428616144029     
  0.299999993294477       0.936857187355469     
  0.309999993070960       0.932571472866194     
  0.319999992847443       0.928000044077635     
  0.329999992623925       0.923000043840148     
  0.339999992400408       0.918000043602661     
  0.349999992176890       0.913000043365173     
  0.359999991953373       0.908000043127686     
  0.369999991729856       0.903142900039841     
  0.379999991506338       0.897857185503069     
  0.389999991282821       0.892285756667012     
  0.399999991059303       0.881571470443824     
  0.409999990835786       0.864000041037798     
  0.419999990612268       0.858428612201741     
  0.429999990388751       0.816714324506133     
  0.439999990165234       0.840857182795714     
  0.449999989941716       0.823000039090402     
  0.459999989718199       0.810571467071505     
  0.469999989494681       0.786000037332997     
  0.479999989271164       0.767428607879473     
  0.489999989047647       0.755571464459146     
  0.499999988824129       0.724428605837082     
  0.509999988600612       0.718142891252813     
  0.519999988377094       0.700142890397858     
  0.529999988153577       0.617142886455570     
  0.539999987930059       0.663571460089380     
  0.549999987706542       0.578000027453527     
  0.559999987483025       0.557714312204293     
  0.569999987259507       0.600571457097041     
  0.579999987035990       0.547000025981106     
  0.589999986812472       0.526000024983659     
  0.599999986588955       0.501428595245151     
  0.609999986365438       0.437285735055671     
  0.619999986141920       0.405285733535753     
  0.629999985918403       0.468857165126662     
  0.639999985694885       0.367428588880492     
  0.649999985471368       0.351857159569460     
  0.659999985247850       0.358000017004087     
  0.669999985024333       0.308428586078142     
  0.679999984800816       0.264714298287539     
  0.689999984577298       0.287857156529623     
  0.699999984353781       0.260285726648622     
  0.709999984130263       0.244285725888663     
  0.719999983906746       0.185857151684883     
  0.729999983683229       0.237571439855466     
  0.739999983459711       0.206714295532687     
  0.749999983236194       0.203142866791625     
  0.759999983012676       0.190428580473443     
  0.769999982789159       0.213142867266600     
  0.779999982565641       0.158714293252810     
  0.789999982342124       0.148285721328908     
  0.799999982118607       0.148285721328908     
  0.809999981895089       0.133285720616446     
  0.819999981671572       0.114142862564352     
  0.829999981448054       0.107714290830440     
  0.839999981224537       0.139571435200716     
  0.849999981001020       0.132571434868234     
  0.859999980777502       0.110571433823290     
  0.869999980553985       0.109571433775792     
  0.879999980330467       0.112428576768642     
  0.889999980106950        8.25995298715438D-002
  0.899999979883432        8.25100060406102D-002
  0.909999979659915        8.66652443808314D-002
  0.919999979436398        8.66652443808314D-002
  0.929999979212880        8.25100060406102D-002
  0.939999978989363        8.22909584926890D-002
  0.949999978765845        6.81923862114745D-002
  0.959999978542328        6.30419097701479D-002
  0.969999978318810        5.67519094140088D-002
  0.979999978095293        6.35376240810997D-002
  0.989999977871776        5.57419093439081D-002
  0.999999977648258        4.40038134402499D-002
   1.00999997742474        4.38004801018036D-002
   1.01999997720122        2.71590505499278D-002
   1.02999997697771        3.65971462935716D-002
   1.03999997675419        3.28238127951068D-002
   1.04999997653067        3.29271461118799D-002
   1.05999997630715        3.41966699788716D-002
   1.06999997608364        3.07166698211162D-002
   1.07999997586012        2.52504789967295D-002
   1.08999997563660        2.51985742143609D-002
   1.09999997541308        3.29271461118799D-002
   1.10999997518957        2.59761933198510D-002
   1.11999997496605        3.00409555056382D-002
   1.12999997474253        2.30171455497615D-002
   1.13999997451901        2.52504789967295D-002
   1.14999997429550        2.04595263420361D-002
   1.15999997407198        1.99452406084321D-002
   1.16999997384846        2.19304787982939D-002
   1.17999997362494        1.92933358556796D-002
   1.18999997340143        1.93809548991156D-002
   1.19999997317791        2.33847646257832D-002
   1.20999997295439        1.82419071939500D-002
   1.21999997273088        1.44223831223400D-002
   1.22999997250736        1.10214305281440D-002
   1.23999997228384        1.64771452256532D-002
   1.24999997206032        1.67504785658597D-002
   1.25999997183681        1.17085733770207D-002
   1.26999997161329        1.03352399836091D-002
   1.27999997138977        4.01523961394322D-003
   1.28999997116625        1.37219068759326D-002
   1.29999997094274        1.10214305281440D-002
   1.30999997071922        5.35238254941297D-003
   1.31999997049570        8.83333503705500D-003
   1.32999997027218        1.11047638955039D-002
   1.33999997004867        7.84000169790223D-003
   1.34999996982515        5.44904921851038D-003
   1.35999996960163        5.67619203027521D-003
   1.36999996937811        4.71047774582221D-003
   1.37999996915460        0.00000000000000D+000
   1.38999996893108        2.38000138817893D-003
   1.39999996870756        2.15000136323678D-003
   1.40999996848404        2.58000144429777D-003
   1.41999996826053        0.00000000000000D+000
   1.42999996803701        1.89476321687706D-003
   1.43999996781349        4.71047774582221D-003
   1.44999996758997        3.58619202242417D-003
   1.45999996736646        0.00000000000000D+000
   1.46999996714294        2.15000136323678D-003
   1.47999996691942        0.00000000000000D+000
   1.48999996669590        0.00000000000000D+000
   1.49999996647239        0.00000000000000D+000
   1.50999996624887        3.92047775150195D-003
   1.51999996602535        3.97666820994674D-003
   1.52999996580184        1.89476321687706D-003
   1.53999996557832        2.29952520206532D-003
   1.54999996535480        0.00000000000000D+000
   1.55999996513128        3.45381110503168D-003
   1.56999996490777        0.00000000000000D+000
   1.57999996468425        0.00000000000000D+000
   1.58999996446073        0.00000000000000D+000
   1.59999996423721        0.00000000000000D+000
   1.60999996401370        1.25714408936251D-003
   1.61999996379018        0.00000000000000D+000
   1.62999996356666        0.00000000000000D+000
   1.63999996334314        0.00000000000000D+000
   1.64999996311963        0.00000000000000D+000
   1.65999996289611        0.00000000000000D+000
   1.66999996267259        0.00000000000000D+000
   1.67999996244907        0.00000000000000D+000
   1.68999996222556        0.00000000000000D+000
   1.69999996200204        0.00000000000000D+000
   1.70999996177852        0.00000000000000D+000
   1.71999996155500        0.00000000000000D+000
   1.72999996133149        0.00000000000000D+000
   1.73999996110797        0.00000000000000D+000
   1.74999996088445        0.00000000000000D+000
   1.75999996066093        0.00000000000000D+000
   1.76999996043742        0.00000000000000D+000
   1.77999996021390        0.00000000000000D+000
   1.78999995999038        0.00000000000000D+000
   1.79999995976686        0.00000000000000D+000
   1.80999995954335        0.00000000000000D+000
   1.81999995931983        0.00000000000000D+000
   1.82999995909631        0.00000000000000D+000
   1.83999995887280        0.00000000000000D+000
   1.84999995864928        0.00000000000000D+000
   1.85999995842576        0.00000000000000D+000
   1.86999995820224        0.00000000000000D+000
   1.87999995797873        0.00000000000000D+000
   1.88999995775521        0.00000000000000D+000
   1.89999995753169        0.00000000000000D+000
   1.90999995730817        0.00000000000000D+000
   1.91999995708466        0.00000000000000D+000
   1.92999995686114        0.00000000000000D+000
   1.93999995663762        0.00000000000000D+000
   1.94999995641410        0.00000000000000D+000
   1.95999995619059        0.00000000000000D+000
   1.96999995596707        0.00000000000000D+000
   1.97999995574355        0.00000000000000D+000
   1.98999995552003        0.00000000000000D+000
   1.99999995529652        0.00000000000000D+000
   2.00999995507300        0.00000000000000D+000
   2.01999995484948        0.00000000000000D+000
   2.02999995462596        0.00000000000000D+000
   2.03999995440245        0.00000000000000D+000
   2.04999995417893        0.00000000000000D+000
   2.05999995395541        0.00000000000000D+000
   2.06999995373189        0.00000000000000D+000
   2.07999995350838        0.00000000000000D+000
   2.08999995328486        0.00000000000000D+000
   2.09999995306134        0.00000000000000D+000
   2.10999995283782        0.00000000000000D+000
   2.11999995261431        0.00000000000000D+000
   2.12999995239079        0.00000000000000D+000
   2.13999995216727        0.00000000000000D+000
   2.14999995194376        0.00000000000000D+000
   2.15999995172024        0.00000000000000D+000
   2.16999995149672        0.00000000000000D+000
   2.17999995127320        0.00000000000000D+000
   2.18999995104969        0.00000000000000D+000
   2.19999995082617        0.00000000000000D+000
   2.20999995060265        0.00000000000000D+000
   2.21999995037913        0.00000000000000D+000
   2.22999995015562        0.00000000000000D+000
   2.23999994993210        0.00000000000000D+000
   2.24999994970858        0.00000000000000D+000
   2.25999994948506        0.00000000000000D+000
   2.26999994926155        0.00000000000000D+000
   2.27999994903803        0.00000000000000D+000
   2.28999994881451        0.00000000000000D+000
   2.29999994859099        0.00000000000000D+000
   2.30999994836748        0.00000000000000D+000
   2.31999994814396        0.00000000000000D+000
   2.32999994792044        0.00000000000000D+000
   2.33999994769692        0.00000000000000D+000
   2.34999994747341        0.00000000000000D+000
   2.35999994724989        0.00000000000000D+000
   2.36999994702637        0.00000000000000D+000
   2.37999994680285        0.00000000000000D+000
   2.38999994657934        0.00000000000000D+000
   2.39999994635582        0.00000000000000D+000
   2.40999994613230        0.00000000000000D+000
   2.41999994590878        0.00000000000000D+000
   2.42999994568527        0.00000000000000D+000
   2.43999994546175        0.00000000000000D+000
   2.44999994523823        0.00000000000000D+000
   2.45999994501472        0.00000000000000D+000
   2.46999994479120        0.00000000000000D+000
   2.47999994456768        0.00000000000000D+000
   2.48999994434416        0.00000000000000D+000
   2.49999994412065        0.00000000000000D+000
   2.50999994389713        0.00000000000000D+000
   2.51999994367361        0.00000000000000D+000
   2.52999994345009        0.00000000000000D+000
   2.53999994322658        0.00000000000000D+000
   2.54999994300306        0.00000000000000D+000
   2.55999994277954        0.00000000000000D+000
   2.56999994255602        0.00000000000000D+000
   2.57999994233251        0.00000000000000D+000
   2.58999994210899        0.00000000000000D+000
   2.59999994188547        0.00000000000000D+000
   2.60999994166195        0.00000000000000D+000
   2.61999994143844        0.00000000000000D+000
   2.62999994121492        0.00000000000000D+000
   2.63999994099140        0.00000000000000D+000
   2.64999994076788        0.00000000000000D+000
   2.65999994054437        0.00000000000000D+000
   2.66999994032085        0.00000000000000D+000
   2.67999994009733        0.00000000000000D+000
   2.68999993987381        0.00000000000000D+000
   2.69999993965030        0.00000000000000D+000
   2.70999993942678        0.00000000000000D+000
   2.71999993920326        0.00000000000000D+000
   2.72999993897974        0.00000000000000D+000
   2.73999993875623        0.00000000000000D+000
   2.74999993853271        0.00000000000000D+000
   2.75999993830919        0.00000000000000D+000
   2.76999993808568        0.00000000000000D+000
   2.77999993786216        0.00000000000000D+000
   2.78999993763864        0.00000000000000D+000
   2.79999993741512        0.00000000000000D+000
   2.80999993719161        0.00000000000000D+000
   2.81999993696809        0.00000000000000D+000
   2.82999993674457        0.00000000000000D+000
   2.83999993652105        0.00000000000000D+000
   2.84999993629754        0.00000000000000D+000
   2.85999993607402        0.00000000000000D+000
   2.86999993585050        0.00000000000000D+000
   2.87999993562698        0.00000000000000D+000
   2.88999993540347        0.00000000000000D+000
   2.89999993517995        0.00000000000000D+000
   2.90999993495643        0.00000000000000D+000
   2.91999993473291        0.00000000000000D+000
   2.92999993450940        0.00000000000000D+000
   2.93999993428588        0.00000000000000D+000
   2.94999993406236        0.00000000000000D+000
   2.95999993383884        0.00000000000000D+000
   2.96999993361533        0.00000000000000D+000
   2.97999993339181        0.00000000000000D+000
   2.98999993316829        0.00000000000000D+000
