  -9.99999977648258D-003   1.00000004749745     
   0.00000000000000D+000   1.00000004749745     
   9.99999977648258D-003   1.00000004749745     
   1.99999995529652D-002  0.999163312763830     
   2.99999993294477D-002  0.998591884165260     
   3.99999991059303D-002  0.997836782088578     
   4.99999988824129D-002  0.996857190205316     
   5.99999986588955D-002  0.995653108515472     
   6.99999984353781D-002  0.994326577840221     
   7.99999982118607D-002  0.992795965522623     
   8.99999979883432D-002  0.991122496055382     
   9.99999977648258D-002  0.989265353110030     
  0.109999997541308       0.987591883642789     
  0.119999997317791       0.985775557025906     
  0.129999997094274       0.983836781423615     
  0.139999996870756       0.981734740507447     
  0.149999996647239       0.979489842441636     
  0.159999996423721       0.977102087226183     
  0.169999996200204       0.974551066696853     
  0.179999995976686       0.971469433897422     
  0.189999995753169       0.968224535784114     
  0.199999995529652       0.964755147864225     
  0.209999995306134       0.961183719123163     
  0.219999995082617       0.957489841396692     
  0.229999994859099       0.953591882027876     
  0.239999994635582       0.949551065509417     
  0.249999994412065       0.945428616334019     
  0.259999994188547       0.941183718173213     
  0.269999993965030       0.936795962862765     
  0.279999993741512       0.932244942238440     
  0.289999993517995       0.927551064464473     
  0.299999993294477       0.922775554033567     
  0.309999993070960       0.917959227274191     
  0.319999992847443       0.913000043365173     
  0.329999992623925       0.907898002306513     
  0.339999992400408       0.902775553083618     
  0.349999992176890       0.897571471203784     
  0.359999991953373       0.892265348502777     
  0.369999991729856       0.886836776816362     
  0.379999991506338       0.881244939816070     
  0.389999991282821       0.875612286487309     
  0.399999991059303       0.869959224994313     
  0.409999990835786       0.864183714515910     
  0.419999990612268       0.857571469303886     
  0.429999990388751       0.850857183270689     
  0.439999990165234       0.844142897237492     
  0.449999989941716       0.837387794875825     
  0.459999989718199       0.829653100630896     
  0.469999989494681       0.821836773729028     
  0.479999989271164       0.813979630498691     
  0.489999989047647       0.806938813837739     
  0.499999988824129       0.798163303216843     
  0.509999988600612       0.790224527329568     
  0.519999988377094       0.777040853233989     
  0.529999988153577       0.768265342613093     
  0.539999987930059       0.759510240156432     
  0.549999987706542       0.749897994801916     
  0.559999987483025       0.739346973892606     
  0.569999987259507       0.729734728538089     
  0.579999987035990       0.717489829997304     
  0.589999986812472       0.709673503095436     
  0.599999986588955       0.697469420883120     
  0.609999986365438       0.682734726305709     
  0.619999986141920       0.667408194965493     
  0.629999985918403       0.650653092128852     
  0.639999985694885       0.634795948518535     
  0.649999985471368       0.619979621284185     
  0.659999985247850       0.603265334776013     
  0.669999985024333       0.585979619669272     
  0.679999984800816       0.570612272000586     
  0.689999984577298       0.554081658970527     
  0.699999984353781       0.536714311206846     
  0.709999984130263       0.516897983735009     
  0.719999983906746       0.493346962208232     
  0.729999983683229       0.472285736718082     
  0.739999983459711       0.451959205140379     
  0.749999983236194       0.429877571438496     
  0.759999983012676       0.411306141984972     
  0.769999982789159       0.390775528764922     
  0.779999982565641       0.370489813515688     
  0.789999982342124       0.355102057682768     
  0.799999982118607       0.335020424075881     
  0.809999981895089       0.313265321001752     
  0.819999981671572       0.296857156957100     
  0.829999981448054       0.279102054072962     
  0.839999981224537       0.263122461477237     
  0.849999981001020       0.252346950761346     
  0.859999980777502       0.238836746038014     
  0.869999980553985       0.230346949716403     
  0.879999980330467       0.220061234942143     
  0.889999980106950       0.206081642441414     
  0.899999979883432       0.192469396896907     
  0.909999979659915       0.182816335213922     
  0.919999979436398       0.171224497928645     
  0.929999979212880       0.160632660690866     
  0.939999978989363       0.151122456157523     
  0.949999978765845       0.144714292587845     
  0.959999978542328       0.140489802591275     
  0.969999978318810       0.134755108441340     
  0.979999978095293       0.128673475499417     
  0.989999977871776       0.123285720141472     
  0.999999977648258       0.116135856166181     
   1.00999997742474       0.108700277891605     
   1.01999997720122       0.102643067025086     
   1.02999997697771        9.68353119594679D-002
   1.03999997675419        9.18483052256682D-002
   1.04999997653067        8.55577609971401D-002
   1.05999997630715        7.94087133808448D-002
   1.06999997608364        7.51353798141558D-002
   1.07999997586012        7.10091891146960D-002
   1.08999997563660        6.66677603054626D-002
   1.09999997541308        6.14743586537590D-002
   1.10999997518957        5.67884400189615D-002
   1.11999997496605        5.35410928908758D-002
   1.12999997474253        4.89213647348455D-002
   1.13999997451901        4.58293917594144D-002
   1.14999997429550        4.11660581464260D-002
   1.15999997407198        3.85038811138545D-002
   1.16999997384846        3.53341530481121D-002
   1.17999997362494        3.31496631251902D-002
   1.18999997340143        3.03645609185474D-002
   1.19999997317791        2.85946968709887D-002
   1.20999997295439        2.60902749654082D-002
   1.21999997273088        2.59900028613418D-002
   1.22999997250736        2.37922476438240D-002
   1.23999997228384        2.22913631994274D-002
   1.24999997206032        1.99325195069044D-002
   1.25999997183681        1.84343561573978D-002
   1.26999997161329        1.59234036138633D-002
   1.27999997138977        1.45336756275483D-002
   1.28999997116625        1.21640156100474D-002
   1.29999997094274        1.07672127890609D-002
   1.30999997071922        8.64177048028523D-003
   1.31999997049570        7.60285886581500D-003
   1.32999997027218        6.72959350215335D-003
   1.33999997004867        6.40551185678944D-003
   1.34999996982515        6.00394720806905D-003
   1.35999996960163        5.50741656965380D-003
   1.36999996937811        4.42122601779754D-003
   1.37999996915460        4.09796068621235D-003
   1.38999996893108        3.39394685323457D-003
   1.39999996870756        2.94578354837727D-003
   1.40999996848404        2.01333433368102D-003
   1.41999996826053        1.29360621915538D-003
   1.42999996803701        6.68844094324603D-004
   1.43999996781349        5.53265687698059D-004
   1.44999996758997        2.24762087403013D-004
   1.45999996736646        2.24762087403013D-004
   1.46999996714294        0.00000000000000D+000
   1.47999996691942        0.00000000000000D+000
   1.48999996669590        0.00000000000000D+000
   1.49999996647239        0.00000000000000D+000
   1.50999996624887        0.00000000000000D+000
   1.51999996602535        0.00000000000000D+000
   1.52999996580184        0.00000000000000D+000
   1.53999996557832        0.00000000000000D+000
   1.54999996535480        0.00000000000000D+000
   1.55999996513128        0.00000000000000D+000
   1.56999996490777        0.00000000000000D+000
   1.57999996468425        0.00000000000000D+000
   1.58999996446073        0.00000000000000D+000
   1.59999996423721        0.00000000000000D+000
   1.60999996401370        0.00000000000000D+000
   1.61999996379018        0.00000000000000D+000
   1.62999996356666        0.00000000000000D+000
   1.63999996334314        0.00000000000000D+000
   1.64999996311963        0.00000000000000D+000
   1.65999996289611        0.00000000000000D+000
   1.66999996267259        0.00000000000000D+000
   1.67999996244907        0.00000000000000D+000
   1.68999996222556        0.00000000000000D+000
   1.69999996200204        0.00000000000000D+000
   1.70999996177852        0.00000000000000D+000
   1.71999996155500        0.00000000000000D+000
   1.72999996133149        0.00000000000000D+000
   1.73999996110797        0.00000000000000D+000
   1.74999996088445        0.00000000000000D+000
   1.75999996066093        0.00000000000000D+000
   1.76999996043742        0.00000000000000D+000
   1.77999996021390        0.00000000000000D+000
   1.78999995999038        0.00000000000000D+000
   1.79999995976686        0.00000000000000D+000
   1.80999995954335        0.00000000000000D+000
   1.81999995931983        0.00000000000000D+000
   1.82999995909631        0.00000000000000D+000
   1.83999995887280        0.00000000000000D+000
   1.84999995864928        0.00000000000000D+000
   1.85999995842576        0.00000000000000D+000
   1.86999995820224        0.00000000000000D+000
   1.87999995797873        0.00000000000000D+000
   1.88999995775521        0.00000000000000D+000
   1.89999995753169        0.00000000000000D+000
   1.90999995730817        0.00000000000000D+000
   1.91999995708466        0.00000000000000D+000
   1.92999995686114        0.00000000000000D+000
   1.93999995663762        0.00000000000000D+000
   1.94999995641410        0.00000000000000D+000
   1.95999995619059        0.00000000000000D+000
   1.96999995596707        0.00000000000000D+000
   1.97999995574355        0.00000000000000D+000
   1.98999995552003        0.00000000000000D+000
   1.99999995529652        0.00000000000000D+000
   2.00999995507300        0.00000000000000D+000
   2.01999995484948        0.00000000000000D+000
   2.02999995462596        0.00000000000000D+000
   2.03999995440245        0.00000000000000D+000
   2.04999995417893        0.00000000000000D+000
   2.05999995395541        0.00000000000000D+000
   2.06999995373189        0.00000000000000D+000
   2.07999995350838        0.00000000000000D+000
   2.08999995328486        0.00000000000000D+000
   2.09999995306134        0.00000000000000D+000
   2.10999995283782        0.00000000000000D+000
   2.11999995261431        0.00000000000000D+000
   2.12999995239079        0.00000000000000D+000
   2.13999995216727        0.00000000000000D+000
   2.14999995194376        0.00000000000000D+000
   2.15999995172024        0.00000000000000D+000
   2.16999995149672        0.00000000000000D+000
   2.17999995127320        0.00000000000000D+000
   2.18999995104969        0.00000000000000D+000
   2.19999995082617        0.00000000000000D+000
   2.20999995060265        0.00000000000000D+000
   2.21999995037913        0.00000000000000D+000
   2.22999995015562        0.00000000000000D+000
   2.23999994993210        0.00000000000000D+000
   2.24999994970858        0.00000000000000D+000
   2.25999994948506        0.00000000000000D+000
   2.26999994926155        0.00000000000000D+000
   2.27999994903803        0.00000000000000D+000
   2.28999994881451        0.00000000000000D+000
   2.29999994859099        0.00000000000000D+000
   2.30999994836748        0.00000000000000D+000
   2.31999994814396        0.00000000000000D+000
   2.32999994792044        0.00000000000000D+000
   2.33999994769692        0.00000000000000D+000
   2.34999994747341        0.00000000000000D+000
   2.35999994724989        0.00000000000000D+000
   2.36999994702637        0.00000000000000D+000
   2.37999994680285        0.00000000000000D+000
   2.38999994657934        0.00000000000000D+000
   2.39999994635582        0.00000000000000D+000
   2.40999994613230        0.00000000000000D+000
   2.41999994590878        0.00000000000000D+000
   2.42999994568527        0.00000000000000D+000
   2.43999994546175        0.00000000000000D+000
   2.44999994523823        0.00000000000000D+000
   2.45999994501472        0.00000000000000D+000
   2.46999994479120        0.00000000000000D+000
   2.47999994456768        0.00000000000000D+000
   2.48999994434416        0.00000000000000D+000
   2.49999994412065        0.00000000000000D+000
   2.50999994389713        0.00000000000000D+000
   2.51999994367361        0.00000000000000D+000
   2.52999994345009        0.00000000000000D+000
   2.53999994322658        0.00000000000000D+000
   2.54999994300306        0.00000000000000D+000
   2.55999994277954        0.00000000000000D+000
   2.56999994255602        0.00000000000000D+000
   2.57999994233251        0.00000000000000D+000
   2.58999994210899        0.00000000000000D+000
   2.59999994188547        0.00000000000000D+000
   2.60999994166195        0.00000000000000D+000
   2.61999994143844        0.00000000000000D+000
   2.62999994121492        0.00000000000000D+000
   2.63999994099140        0.00000000000000D+000
   2.64999994076788        0.00000000000000D+000
   2.65999994054437        0.00000000000000D+000
   2.66999994032085        0.00000000000000D+000
   2.67999994009733        0.00000000000000D+000
   2.68999993987381        0.00000000000000D+000
   2.69999993965030        0.00000000000000D+000
   2.70999993942678        0.00000000000000D+000
   2.71999993920326        0.00000000000000D+000
   2.72999993897974        0.00000000000000D+000
   2.73999993875623        0.00000000000000D+000
   2.74999993853271        0.00000000000000D+000
   2.75999993830919        0.00000000000000D+000
   2.76999993808568        0.00000000000000D+000
   2.77999993786216        0.00000000000000D+000
   2.78999993763864        0.00000000000000D+000
   2.79999993741512        0.00000000000000D+000
   2.80999993719161        0.00000000000000D+000
   2.81999993696809        0.00000000000000D+000
   2.82999993674457        0.00000000000000D+000
   2.83999993652105        0.00000000000000D+000
   2.84999993629754        0.00000000000000D+000
   2.85999993607402        0.00000000000000D+000
   2.86999993585050        0.00000000000000D+000
   2.87999993562698        0.00000000000000D+000
   2.88999993540347        0.00000000000000D+000
   2.89999993517995        0.00000000000000D+000
   2.90999993495643        0.00000000000000D+000
   2.91999993473291        0.00000000000000D+000
   2.92999993450940        0.00000000000000D+000
   2.93999993428588        0.00000000000000D+000
   2.94999993406236        0.00000000000000D+000
   2.95999993383884        0.00000000000000D+000
   2.96999993361533        0.00000000000000D+000
   2.97999993339181        0.00000000000000D+000
