   0.00000000000000D+000   1.00000004749745     
   9.99999977648258D-003   1.00000004749745     
   1.99999995529652D-002   1.00000004749745     
   2.99999993294477D-002  0.999000047449954     
   3.99999991059303D-002  0.998000047402456     
   4.99999988824129D-002  0.998000047402456     
   5.99999986588955D-002  0.997000047354959     
   6.99999984353781D-002  0.995000047259964     
   7.99999982118607D-002  0.993000047164969     
   8.99999979883432D-002  0.992000047117472     
   9.99999977648258D-002  0.990000047022477     
  0.109999997541308       0.987000046879984     
  0.119999997317791       0.987000046879984     
  0.129999997094274       0.983000046689995     
  0.139999996870756       0.980000046547502     
  0.149999996647239       0.979000046500005     
  0.159999996423721       0.975000046310015     
  0.169999996200204       0.972000046167523     
  0.179999995976686       0.970000046072528     
  0.189999995753169       0.965000045835041     
  0.199999995529652       0.961000045645051     
  0.209999995306134       0.959000045550056     
  0.219999995082617       0.954000045312569     
  0.229999994859099       0.949000045075081     
  0.239999994635582       0.946000044932589     
  0.249999994412065       0.942000044742599     
  0.259999994188547       0.938000044552609     
  0.269999993965030       0.933000044315122     
  0.279999993741512       0.928000044077635     
  0.289999993517995       0.922000043792650     
  0.299999993294477       0.919000043650158     
  0.309999993070960       0.914000043412671     
  0.319999992847443       0.907000043080188     
  0.329999992623925       0.903000042890199     
  0.339999992400408       0.898000042652711     
  0.349999992176890       0.893000042415224     
  0.359999991953373       0.888000042177737     
  0.369999991729856       0.882000041892752     
  0.379999991506338       0.875000041560270     
  0.389999991282821       0.871000041370280     
  0.399999991059303       0.864000041037798     
  0.409999990835786       0.858000040752813     
  0.419999990612268       0.852000040467829     
  0.429999990388751       0.846000040182844     
  0.439999990165234       0.843000040040351     
  0.449999989941716       0.835000039660372     
  0.459999989718199       0.829000039375387     
  0.469999989494681       0.823000039090402     
  0.479999989271164       0.819000038900413     
  0.489999989047647       0.807000038330443     
  0.499999988824129       0.805000038235448     
  0.509999988600612       0.799000037950464     
  0.519999988377094       0.792000037617981     
  0.529999988153577       0.785000037285499     
  0.539999987930059       0.779000037000515     
  0.549999987706542       0.775000036810525     
  0.559999987483025       0.767000036430545     
  0.569999987259507       0.762000036193058     
  0.579999987035990       0.755000035860576     
  0.589999986812472       0.749000035575591     
  0.599999986588955       0.745000035385601     
  0.609999986365438       0.736000034958124     
  0.619999986141920       0.729000034625642     
  0.629999985918403       0.724000034388155     
  0.639999985694885       0.719000034150668     
  0.649999985471368       0.712000033818185     
  0.659999985247850       0.706000033533201     
  0.669999985024333       0.701000033295713     
  0.679999984800816       0.694000032963231     
  0.689999984577298       0.687000032630749     
  0.699999984353781       0.682000032393262     
  0.709999984130263       0.676000032108277     
  0.719999983906746       0.669000031775795     
  0.729999983683229       0.663000031490810     
  0.739999983459711       0.659000031300820     
  0.749999983236194       0.652000030968338     
  0.759999983012676       0.644000030588359     
  0.769999982789159       0.639000030350871     
  0.779999982565641       0.632000030018389     
  0.789999982342124       0.628000029828399     
  0.799999982118607       0.623000029590912     
  0.809999981895089       0.617000029305927     
  0.819999981671572       0.612000029068440     
  0.829999981448054       0.606000028783456     
  0.839999981224537       0.602000028593466     
  0.849999981001020       0.594000028213486     
  0.859999980777502       0.589000027975999     
  0.869999980553985       0.584000027738512     
  0.879999980330467       0.577000027406029     
  0.889999980106950       0.572000027168542     
  0.899999979883432       0.568000026978552     
  0.909999979659915       0.562000026693568     
  0.919999979436398       0.558000026503578     
  0.929999979212880       0.552000026218593     
  0.939999978989363       0.547000025981106     
  0.949999978765845       0.545000025886111     
  0.959999978542328       0.537000025506131     
  0.969999978318810       0.528000025078654     
  0.979999978095293       0.526000024983659     
  0.989999977871776       0.520000024698675     
  0.999999977648258       0.515000024461187     
   1.00999997742474       0.511000024271198     
   1.01999997720122       0.504000023938715     
   1.02999997697771       0.500000023748726     
   1.03999997675419       0.499000023701228     
   1.04999997653067       0.491000023321249     
   1.05999997630715       0.490000023273751     
   1.06999997608364       0.480000022798777     
   1.07999997586012       0.479000022751279     
   1.08999997563660       0.475000022561289     
   1.09999997541308       0.466000022133812     
   1.10999997518957       0.464000022038817     
   1.11999997496605       0.459000021801330     
   1.12999997474253       0.459000021801330     
   1.13999997451901       0.451000021421351     
   1.14999997429550       0.446000021183863     
   1.15999997407198       0.438000020803884     
   1.16999997384846       0.436000020708889     
   1.17999997362494       0.436000020708889     
   1.18999997340143       0.430000020423904     
   1.19999997317791       0.424000020138919     
   1.20999997295439       0.422000020043924     
   1.21999997273088       0.417000019806437     
   1.22999997250736       0.415000019711442     
   1.23999997228384       0.410000019473955     
   1.24999997206032       0.405000019236468     
   1.25999997183681       0.399000018951483     
   1.26999997161329       0.398000018903986     
   1.27999997138977       0.393000018666498     
   1.28999997116625       0.390000018524006     
   1.29999997094274       0.389000018476509     
   1.30999997071922       0.385000018286519     
   1.31999997049570       0.379000018001534     
   1.32999997027218       0.374000017764047     
   1.33999997004867       0.371000017621554     
   1.34999996982515       0.368000017479062     
   1.35999996960163       0.361000017146580     
   1.36999996937811       0.362000017194077     
   1.37999996915460       0.357000016956590     
   1.38999996893108       0.357000016956590     
   1.39999996870756       0.353000016766600     
   1.40999996848404       0.348000016529113     
   1.41999996826053       0.344000016339123     
   1.42999996803701       0.342000016244128     
   1.43999996781349       0.339000016101636     
   1.44999996758997       0.333000015816651     
   1.45999996736646       0.332000015769154     
   1.46999996714294       0.329000015626661     
   1.47999996691942       0.329000015626661     
   1.48999996669590       0.325000015436672     
   1.49999996647239       0.320000015199184     
   1.50999996624887       0.320000015199184     
   1.51999996602535       0.318000015104190     
   1.52999996580184       0.315000014961697     
   1.53999996557832       0.306000014534220     
   1.54999996535480       0.309000014676712     
   1.55999996513128       0.307000014581718     
   1.56999996490777       0.302000014344230     
   1.57999996468425       0.302000014344230     
   1.58999996446073       0.297000014106743     
   1.59999996423721       0.294000013964251     
   1.60999996401370       0.289000013726763     
   1.61999996379018       0.289000013726763     
   1.62999996356666       0.284000013489276     
   1.63999996334314       0.283000013441779     
   1.64999996311963       0.279000013251789     
   1.65999996289611       0.277000013156794     
   1.66999996267259       0.275000013061799     
   1.67999996244907       0.273000012966804     
   1.68999996222556       0.269000012776814     
   1.69999996200204       0.267000012681819     
   1.70999996177852       0.264000012539327     
   1.71999996155500       0.262000012444332     
   1.72999996133149       0.260000012349337     
   1.73999996110797       0.258000012254342     
   1.74999996088445       0.254000012064353     
   1.75999996066093       0.257000012206845     
   1.76999996043742       0.254000012064353     
   1.77999996021390       0.251000011921860     
   1.78999995999038       0.248000011779368     
   1.79999995976686       0.249000011826865     
   1.80999995954335       0.245000011636876     
   1.81999995931983       0.243000011541881     
   1.82999995909631       0.240000011399388     
   1.83999995887280       0.234000011114404     
   1.84999995864928       0.234000011114404     
   1.85999995842576       0.236000011209398     
   1.86999995820224       0.231000010971911     
   1.87999995797873       0.227000010781921     
   1.88999995775521       0.229000010876916     
   1.89999995753169       0.223000010591932     
   1.90999995730817       0.219000010401942     
   1.91999995708466       0.222000010544434     
   1.92999995686114       0.222000010544434     
   1.93999995663762       0.216000010259449     
   1.94999995641410       0.216000010259449     
   1.95999995619059       0.217000010306947     
   1.96999995596707       0.212000010069460     
   1.97999995574355       0.210000009974465     
   1.98999995552003       0.211000010021962     
   1.99999995529652       0.210000009974465     
   2.00999995507300       0.205000009736978     
   2.01999995484948       0.211000010021962     
   2.02999995462596       0.199000009451993     
   2.03999995440245       0.204000009689480     
   2.04999995417893       0.207000009831972     
   2.05999995395541       0.201000009546988     
   2.06999995373189       0.195000009262003     
   2.07999995350838       0.198000009404495     
   2.08999995328486       0.196000009309500     
   2.09999995306134       0.195000009262003     
   2.10999995283782       0.192000009119511     
   2.11999995261431       0.187000008882023     
   2.12999995239079       0.187000008882023     
   2.13999995216727       0.189000008977018     
   2.14999995194376       0.187000008882023     
   2.15999995172024       0.186000008834526     
   2.16999995149672       0.184000008739531     
   2.17999995127320       0.181000008597039     
   2.18999995104969       0.179000008502044     
   2.19999995082617       0.175000008312054     
   2.20999995060265       0.176000008359551     
   2.21999995037913       0.175000008312054     
   2.22999995015562       0.172000008169562     
   2.23999994993210       0.174000008264557     
   2.24999994970858       0.172000008169562     
   2.25999994948506       0.170000008074567     
   2.26999994926155       0.168000007979572     
   2.27999994903803       0.168000007979572     
   2.28999994881451       0.165000007837079     
   2.29999994859099       0.160000007599592     
   2.30999994836748       0.158000007504597     
   2.31999994814396       0.158000007504597     
   2.32999994792044       0.160000007599592     
   2.33999994769692       0.159000007552095     
   2.34999994747341       0.157000007457100     
   2.35999994724989       0.159000007552095     
   2.36999994702637       0.160000007599592     
   2.37999994680285       0.156000007409602     
   2.38999994657934       0.153000007267110     
   2.39999994635582       0.154000007314608     
   2.40999994613230       0.155000007362105     
   2.41999994590878       0.152000007219613     
   2.42999994568527       0.148000007029623     
   2.43999994546175       0.145000006887130     
   2.44999994523823       0.149000007077120     
   2.45999994501472       0.148000007029623     
   2.46999994479120       0.141000006697141     
   2.47999994456768       0.142000006744638     
   2.48999994434416       0.141000006697141     
   2.49999994412065       0.143000006792136     
   2.50999994389713       0.142000006744638     
   2.51999994367361       0.137000006507151     
   2.52999994345009       0.139000006602146     
   2.53999994322658       0.137000006507151     
   2.54999994300306       0.141000006697141     
   2.55999994277954       0.138000006554648     
   2.56999994255602       0.137000006507151     
   2.57999994233251       0.137000006507151     
   2.58999994210899       0.131000006222166     
   2.59999994188547       0.136000006459653     
   2.60999994166195       0.132000006269664     
   2.61999994143844       0.129000006127171     
   2.62999994121492       0.131000006222166     
   2.63999994099140       0.132000006269664     
   2.64999994076788       0.126000005984679     
   2.65999994054437       0.125000005937181     
   2.66999994032085       0.129000006127171     
   2.67999994009733       0.126000005984679     
   2.68999993987381       0.128000006079674     
   2.69999993965030       0.124000005889684     
   2.70999993942678       0.122000005794689     
   2.71999993920326       0.124000005889684     
   2.72999993897974       0.122000005794689     
   2.73999993875623       0.120000005699694     
   2.74999993853271       0.117000005557202     
   2.75999993830919       0.116000005509704     
   2.76999993808568       0.117000005557202     
   2.77999993786216       0.117000005557202     
   2.78999993763864       0.117000005557202     
   2.79999993741512       0.117000005557202     
   2.80999993719161       0.112000005319715     
   2.81999993696809       0.112000005319715     
   2.82999993674457       0.112000005319715     
   2.83999993652105       0.112000005319715     
   2.84999993629754       0.112000005319715     
   2.85999993607402       0.113000005367212     
   2.86999993585050       0.113000005367212     
   2.87999993562698       0.117000005557202     
   2.88999993540347       0.108000005129725     
   2.89999993517995       0.107000005082227     
   2.90999993495643       0.108000005129725     
   2.91999993473291       0.108000005129725     
   2.92999993450940       0.106000005034730     
   2.93999993428588       0.107000005082227     
   2.94999993406236       0.108000005129725     
   2.95999993383884       0.109000005177222     
   2.96999993361533       0.108000005129725     
   2.97999993339181       0.107000005082227     
   2.98999993316829       0.106000005034730     
   2.99999993294477       0.102000004844740     
   3.00999993272126       0.105000004987232     
   3.01999993249774       0.109000005177222     
   3.02999993227422       0.100000004749745     
   3.03999993205070       0.102000004844740     
   3.04999993182719       0.102000004844740     
   3.05999993160367        9.90000047022477D-002
   3.06999993138015        9.90000047022477D-002
   3.07999993115664        9.90000047022477D-002
   3.08999993093312        9.70000046072528D-002
   3.09999993070960        9.70000046072528D-002
   3.10999993048608        9.60000045597553D-002
   3.11999993026257        9.40000044647604D-002
   3.12999993003905        9.20000043697655D-002
   3.13999992981553        9.50000045122579D-002
   3.14999992959201        9.20000043697655D-002
   3.15999992936850        9.40000044647604D-002
   3.16999992914498        9.40000044647604D-002
   3.17999992892146        9.10000043222681D-002
   3.18999992869794        8.70000041322783D-002
   3.19999992847443        9.00000042747706D-002
   3.20999992825091        9.00000042747706D-002
   3.21999992802739        9.00000042747706D-002
   3.22999992780387        8.40000039897859D-002
   3.23999992758036        8.90000042272732D-002
   3.24999992735684        9.40000044647604D-002
   3.25999992713332        9.00000042747706D-002
   3.26999992690980        9.00000042747706D-002
   3.27999992668629        8.80000041797757D-002
   3.28999992646277        9.10000043222681D-002
   3.29999992623925        9.10000043222681D-002
   3.30999992601573        8.50000040372834D-002
   3.31999992579222        8.50000040372834D-002
   3.32999992556870        8.90000042272732D-002
   3.33999992534518        8.60000040847808D-002
   3.34999992512166        8.50000040372834D-002
   3.35999992489815        8.30000039422885D-002
   3.36999992467463        8.50000040372834D-002
   3.37999992445111        8.20000038947910D-002
   3.38999992422760        8.10000038472936D-002
   3.39999992400408        7.90000037522987D-002
   3.40999992378056        8.10000038472936D-002
   3.41999992355704        8.10000038472936D-002
   3.42999992333353        7.70000036573038D-002
   3.43999992311001        7.70000036573038D-002
   3.44999992288649        7.90000037522987D-002
   3.45999992266297        8.00000037997961D-002
   3.46999992243946        7.80000037048012D-002
   3.47999992221594        7.60000036098063D-002
   3.48999992199242        7.90000037522987D-002
   3.49999992176890        7.70000036573038D-002
   3.50999992154539        7.70000036573038D-002
   3.51999992132187        7.40000035148114D-002
   3.52999992109835        7.70000036573038D-002
   3.53999992087483        7.60000036098063D-002
   3.54999992065132        7.80000037048012D-002
   3.55999992042780        7.70000036573038D-002
   3.56999992020428        7.70000036573038D-002
   3.57999991998076        7.10000033723190D-002
   3.58999991975725        7.20000034198165D-002
   3.59999991953373        7.60000036098063D-002
   3.60999991931021        7.10000033723190D-002
   3.61999991908669        7.10000033723190D-002
   3.62999991886318        7.30000034673139D-002
   3.63999991863966        7.30000034673139D-002
   3.64999991841614        7.40000035148114D-002
   3.65999991819262        7.40000035148114D-002
   3.66999991796911        6.90000032773241D-002
   3.67999991774559        6.40000030398369D-002
   3.68999991752207        6.90000032773241D-002
   3.69999991729856        7.20000034198165D-002
   3.70999991707504        7.10000033723190D-002
   3.71999991685152        6.30000029923394D-002
   3.72999991662800        6.80000032298267D-002
   3.73999991640449        6.80000032298267D-002
   3.74999991618097        6.90000032773241D-002
   3.75999991595745        7.20000034198165D-002
   3.76999991573393        6.50000030873343D-002
   3.77999991551042        6.70000031823292D-002
   3.78999991528690        6.90000032773241D-002
   3.79999991506338        6.60000031348318D-002
   3.80999991483986        6.60000031348318D-002
   3.81999991461635        6.30000029923394D-002
   3.82999991439283        6.80000032298267D-002
   3.83999991416931        6.50000030873343D-002
   3.84999991394579        6.30000029923394D-002
   3.85999991372228        6.20000029448420D-002
   3.86999991349876        6.10000028973445D-002
   3.87999991327524        6.70000031823292D-002
   3.88999991305172        6.30000029923394D-002
   3.89999991282821        6.30000029923394D-002
   3.90999991260469        6.20000029448420D-002
   3.91999991238117        6.20000029448420D-002
   3.92999991215765        6.20000029448420D-002
   3.93999991193414        6.10000028973445D-002
   3.94999991171062        6.00000028498471D-002
   3.95999991148710        5.80000027548522D-002
   3.96999991126359        6.20000029448420D-002
   3.97999991104007        5.80000027548522D-002
   3.98999991081655        5.90000028023496D-002
   3.99999991059303        6.00000028498471D-002
   4.00999991036952        5.90000028023496D-002
   4.01999991014600        6.00000028498471D-002
   4.02999990992248        5.50000026123598D-002
   4.03999990969896        5.80000027548522D-002
   4.04999990947545        5.80000027548522D-002
   4.05999990925193        5.40000025648624D-002
   4.06999990902841        5.70000027073547D-002
   4.07999990880489        5.20000024698675D-002
   4.08999990858138        5.90000028023496D-002
   4.09999990835786        5.60000026598573D-002
   4.10999990813434        5.30000025173649D-002
   4.11999990791082        5.50000026123598D-002
   4.12999990768731        5.70000027073547D-002
   4.13999990746379        5.60000026598573D-002
   4.14999990724027        5.30000025173649D-002
   4.15999990701675        5.40000025648624D-002
   4.16999990679324        5.10000024223700D-002
   4.17999990656972        5.70000027073547D-002
   4.18999990634620        5.50000026123598D-002
   4.19999990612268        5.40000025648624D-002
   4.20999990589917        5.60000026598573D-002
   4.21999990567565        5.40000025648624D-002
   4.22999990545213        5.60000026598573D-002
   4.23999990522862        4.80000022798777D-002
   4.24999990500510        5.20000024698675D-002
   4.25999990478158        5.60000026598573D-002
   4.26999990455806        5.20000024698675D-002
   4.27999990433455        5.50000026123598D-002
   4.28999990411103        5.70000027073547D-002
   4.29999990388751        5.30000025173649D-002
   4.30999990366399        5.10000024223700D-002
   4.31999990344048        5.30000025173649D-002
   4.32999990321696        5.00000023748726D-002
   4.33999990299344        5.30000025173649D-002
   4.34999990276992        5.10000024223700D-002
   4.35999990254641        5.00000023748726D-002
   4.36999990232289        5.20000024698675D-002
   4.37999990209937        5.20000024698675D-002
   4.38999990187585        4.80000022798777D-002
   4.39999990165234        5.00000023748726D-002
   4.40999990142882        4.90000023273751D-002
   4.41999990120530        4.80000022798777D-002
   4.42999990098178        4.70000022323802D-002
   4.43999990075827        4.90000023273751D-002
   4.44999990053475        4.30000020423904D-002
   4.45999990031123        5.10000024223700D-002
   4.46999990008771        5.30000025173649D-002
   4.47999989986420        4.90000023273751D-002
   4.48999989964068        4.70000022323802D-002
   4.49999989941716        4.90000023273751D-002
   4.50999989919364        4.80000022798777D-002
   4.51999989897013        4.90000023273751D-002
   4.52999989874661        4.70000022323802D-002
   4.53999989852309        4.70000022323802D-002
   4.54999989829958        4.70000022323802D-002
   4.55999989807606        4.70000022323802D-002
   4.56999989785254        4.60000021848828D-002
   4.57999989762902        4.20000019948930D-002
   4.58999989740551        4.70000022323802D-002
   4.59999989718199        4.60000021848828D-002
   4.60999989695847        4.00000018998981D-002
   4.61999989673495        4.80000022798777D-002
   4.62999989651144        4.80000022798777D-002
   4.63999989628792        4.30000020423904D-002
   4.64999989606440        4.50000021373853D-002
   4.65999989584088        4.60000021848828D-002
   4.66999989561737        4.60000021848828D-002
   4.67999989539385        4.30000020423904D-002
   4.68999989517033        4.40000020898879D-002
   4.69999989494681        4.80000022798777D-002
   4.70999989472330        4.30000020423904D-002
   4.71999989449978        5.00000023748726D-002
   4.72999989427626        4.00000018998981D-002
   4.73999989405274        4.40000020898879D-002
   4.74999989382923        4.90000023273751D-002
   4.75999989360571        4.50000021373853D-002
   4.76999989338219        4.20000019948930D-002
   4.77999989315867        4.40000020898879D-002
   4.78999989293516        4.50000021373853D-002
   4.79999989271164        4.30000020423904D-002
   4.80999989248812        4.50000021373853D-002
   4.81999989226460        4.10000019473955D-002
   4.82999989204109        4.10000019473955D-002
   4.83999989181757        4.50000021373853D-002
   4.84999989159405        4.50000021373853D-002
   4.85999989137054        4.80000022798777D-002
   4.86999989114702        4.20000019948930D-002
   4.87999989092350        4.40000020898879D-002
   4.88999989069998        4.10000019473955D-002
   4.89999989047647        4.10000019473955D-002
   4.90999989025295        4.00000018998981D-002
   4.91999989002943        4.20000019948930D-002
   4.92999988980591        3.90000018524006D-002
   4.93999988958240        4.20000019948930D-002
   4.94999988935888        4.00000018998981D-002
   4.95999988913536        3.90000018524006D-002
   4.96999988891184        3.90000018524006D-002
   4.97999988868833        4.00000018998981D-002
   4.98999988846481        3.80000018049031D-002
   4.99999988824129        3.30000015674159D-002
   5.00999988801777        3.50000016624108D-002
   5.01999988779426        3.40000016149133D-002
   5.02999988757074        3.70000017574057D-002
   5.03999988734722        3.40000016149133D-002
   5.04999988712370        3.90000018524006D-002
   5.05999988690019        3.90000018524006D-002
   5.06999988667667        4.00000018998981D-002
   5.07999988645315        3.60000017099082D-002
   5.08999988622963        3.50000016624108D-002
   5.09999988600612        3.70000017574057D-002
   5.10999988578260        4.10000019473955D-002
   5.11999988555908        4.20000019948930D-002
   5.12999988533556        3.50000016624108D-002
   5.13999988511205        3.50000016624108D-002
   5.14999988488853        3.80000018049031D-002
   5.15999988466501        4.00000018998981D-002
   5.16999988444150        3.30000015674159D-002
   5.17999988421798        3.20000015199184D-002
   5.18999988399446        3.10000014724210D-002
   5.19999988377094        3.40000016149133D-002
   5.20999988354743        3.60000017099082D-002
   5.21999988332391        3.00000014249235D-002
   5.22999988310039        3.60000017099082D-002
   5.23999988287687        3.40000016149133D-002
   5.24999988265336        3.60000017099082D-002
   5.25999988242984        3.40000016149133D-002
   5.26999988220632        3.50000016624108D-002
   5.27999988198280        3.50000016624108D-002
   5.28999988175929        3.10000014724210D-002
   5.29999988153577        3.70000017574057D-002
   5.30999988131225        3.30000015674159D-002
   5.31999988108873        3.30000015674159D-002
   5.32999988086522        3.10000014724210D-002
   5.33999988064170        3.90000018524006D-002
   5.34999988041818        2.90000013774261D-002
   5.35999988019466        2.90000013774261D-002
   5.36999987997115        3.40000016149133D-002
   5.37999987974763        3.50000016624108D-002
   5.38999987952411        3.60000017099082D-002
   5.39999987930059        3.30000015674159D-002
   5.40999987907708        3.20000015199184D-002
   5.41999987885356        3.30000015674159D-002
   5.42999987863004        3.10000014724210D-002
   5.43999987840652        3.20000015199184D-002
   5.44999987818301        2.90000013774261D-002
   5.45999987795949        3.10000014724210D-002
   5.46999987773597        2.90000013774261D-002
   5.47999987751246        3.60000017099082D-002
   5.48999987728894        3.30000015674159D-002
   5.49999987706542        3.20000015199184D-002
   5.50999987684190        3.10000014724210D-002
   5.51999987661839        3.60000017099082D-002
   5.52999987639487        3.20000015199184D-002
   5.53999987617135        2.90000013774261D-002
   5.54999987594783        3.50000016624108D-002
   5.55999987572432        3.00000014249235D-002
   5.56999987550080        3.20000015199184D-002
   5.57999987527728        3.60000017099082D-002
   5.58999987505376        3.10000014724210D-002
   5.59999987483025        3.10000014724210D-002
   5.60999987460673        3.30000015674159D-002
   5.61999987438321        3.10000014724210D-002
   5.62999987415969        3.20000015199184D-002
   5.63999987393618        3.20000015199184D-002
   5.64999987371266        3.20000015199184D-002
   5.65999987348914        3.50000016624108D-002
   5.66999987326562        3.40000016149133D-002
   5.67999987304211        3.10000014724210D-002
   5.68999987281859        3.50000016624108D-002
   5.69999987259507        2.90000013774261D-002
   5.70999987237155        3.40000016149133D-002
   5.71999987214804        3.60000017099082D-002
   5.72999987192452        2.70000012824312D-002
   5.73999987170100        3.40000016149133D-002
   5.74999987147749        3.10000014724210D-002
   5.75999987125397        2.80000013299286D-002
   5.76999987103045        3.00000014249235D-002
   5.77999987080693        3.00000014249235D-002
   5.78999987058342        2.80000013299286D-002
   5.79999987035990        2.80000013299286D-002
   5.80999987013638        3.00000014249235D-002
   5.81999986991286        2.70000012824312D-002
   5.82999986968935        2.50000011874363D-002
   5.83999986946583        3.10000014724210D-002
   5.84999986924231        2.50000011874363D-002
   5.85999986901879        2.80000013299286D-002
   5.86999986879528        2.70000012824312D-002
   5.87999986857176        2.90000013774261D-002
   5.88999986834824        2.30000010924414D-002
   5.89999986812472        2.80000013299286D-002
   5.90999986790121        2.70000012824312D-002
   5.91999986767769        3.00000014249235D-002
   5.92999986745417        2.30000010924414D-002
   5.93999986723065        2.90000013774261D-002
   5.94999986700714        3.30000015674159D-002
   5.95999986678362        2.50000011874363D-002
   5.96999986656010        2.90000013774261D-002
   5.97999986633658        2.90000013774261D-002
   5.98999986611307        3.00000014249235D-002
